0 0
1 0
10 0
11 0
12 0
13 0
14 0
15 0
16 0
17 0
18 0
19 0
2 0
20 0
21 0
22 0
23 0
24 0
25 0
26 0
27 0
28 0
29 0
3 0
30 0
31 0
32 0
33 0
34 0
35 0
36 0
37 0
38 0
39 0
4 0
40 0
41 0
42 0
43 0
44 0
45 0
46 0
47 0
48 0
49 0
5 0
50 0
51 0
52 0
53 0
54 0
55 0
56 0
57 0
58 0
59 0
6 0
60 0
61 0
62 0
63 0
64 0
65 0
66 0
67 0
68 0
69 0
7 0
70 0
71 0
72 0
73 0
74 0
75 0
76 0
77 0
78 0
79 0
8 0
9 0
0 0
1 0
10 0
11 0
12 0
13 0
14 0
15 0
16 0
17 0
18 0
19 0
2 0
20 0
21 0
22 0
23 0
24 0
25 0
26 0
27 0
28 0
29 0
3 0
30 0
31 0
32 0
33 0
34 0
35 0
36 0
37 0
38 0
39 0
4 0
40 0
41 0
42 0
43 0
44 0
45 0
46 0
47 0
48 0
49 0
5 0
50 0
51 0
52 0
53 0
54 0
55 0
56 0
57 0
58 0
59 0
6 0
60 0
61 0
62 0
63 0
64 0
65 0
66 0
67 0
68 0
69 0
7 0
70 0
71 0
72 0
73 0
74 0
75 0
76 0
77 0
78 0
79 0
8 0
9 0
0 0
1 0
10 0
11 0
12 0
13 0
14 0
15 0
16 0
17 0
18 0
19 0
2 0
20 0
21 0
22 0
23 0
24 0
25 0
26 0
27 0
28 0
29 0
3 0
30 0
31 0
32 0
33 0
34 0
35 0
36 0
37 0
38 0
39 0
4 0
40 0
41 0
42 0
43 0
44 0
45 0
46 0
47 0
48 0
49 0
5 0
50 0
51 0
52 0
53 0
54 0
55 0
56 0
57 0
58 0
59 0
6 0
60 0
61 0
62 0
63 0
64 0
65 0
66 0
67 0
68 0
69 0
7 0
70 0
71 0
72 0
73 0
74 0
75 0
76 0
77 0
78 0
79 0
8 0
9 0
0 0
1 0
10 0
11 0
12 0
13 0
14 0
15 0
16 0
17 0
18 0
19 0
2 0
20 0
21 0
22 0
23 0
24 0
25 0
26 0
27 0
28 0
29 0
3 0
30 0
31 0
32 0
33 0
34 0
35 0
36 0
37 0
38 0
39 0
4 0
40 0
41 0
42 0
43 0
44 0
45 0
46 0
47 0
48 0
49 0
5 0
50 0
51 0
52 0
53 0
54 0
55 0
56 0
57 0
58 0
59 0
6 0
60 0
61 0
62 0
63 0
64 0
65 0
66 0
67 0
68 0
69 0
7 0
70 0
71 0
72 0
73 0
74 0
75 0
76 0
77 0
78 0
79 0
8 0
80 0
81 0
9 0
0 0
1 0
10 0
11 0
12 0
13 0
14 0
15 0
16 0
17 0
18 0
19 0
2 0
20 0
21 0
22 0
23 0
24 0
25 0
26 0
27 0
28 0
29 0
3 0
30 0
31 0
32 0
33 0
34 0
35 0
36 0
37 0
38 0
39 0
4 0
40 0
41 0
42 0
43 0
44 0
45 0
46 0
47 0
48 0
49 0
5 0
50 0
51 0
52 0
53 0
54 0
55 0
56 0
57 0
58 0
59 0
6 0
60 0
61 0
62 0
63 0
64 0
65 0
66 0
67 0
68 0
69 0
7 0
70 0
71 0
72 0
73 0
74 0
75 0
76 0
77 0
78 0
79 0
8 0
80 0
81 0
9 0
562 1
563 999
562 1
563 999
29 0
30 994
49 2
50 992
562 1
563 999
277 0
278 0
107 499
108 499
130 499
131 499
138 62
139 499
157 499
158 499
238 0
239 499
254 499
255 499
51 77
52 499
69 499
70 499
119 253
120 9999
183 9967
184 9999
185 9795
186 9999
199 812
200 9999
222 910
223 9999
236 9999
237 9999
82 0
83 9999
92 1217
93 9999
119 253
120 9999
183 9967
184 9999
185 9795
186 9999
199 812
200 9999
222 910
223 9999
236 9999
237 9999
82 0
83 9999
92 1217
93 9999
