131 59
132 9999
135 9999
136 9996
148 92
149 9999
160 0
161 9999
164 1185
165 9999
174 1172
175 9999
197 607
198 9999
202 0
203 9576
219 6
220 9999
222 0
223 9972
225 9584
226 9187
244 0
245 9999
257 969
258 9999
275 9974
276 9997
282 0
283 9999
300 9995
301 9999
302 9996
303 9999
305 6491
306 31
313 0
314 9999
338 9974
339 9999
343 58
344 9999
348 0
349 9999
350 110
351 9999
368 9995
369 9999
374 9999
375 9953
377 49
378 9999
39 0
395 1308
396 9999
399 0
40 9995
400 9999
431 9977
432 90
44 9999
45 7
46 0
47 9967
470 9999
471 9996
478 0
479 58
51 0
52 9999
527 972
528 9
530 9440
531 731
623 0
624 9997
642 9966
643 9998
644 8817
645 9999
655 1112
656 9999
657 4
658 9999
663 7
664 9997
665 407
666 9999
74 9674
75 9999
96 7
97 9999
98 0
99 9997
131 59
132 9999
135 9999
136 9996
148 92
149 9999
160 0
161 9999
164 1185
165 9999
174 1172
175 9999
197 607
198 9999
202 0
203 9576
219 6
220 9999
222 0
223 9972
225 9584
226 9187
244 0
245 9999
257 969
258 9999
275 9974
276 9997
282 0
283 9999
300 9995
301 9999
302 9996
303 9999
305 6491
306 31
313 0
314 9999
338 9974
339 9999
343 58
344 9999
348 0
349 9999
350 110
351 9999
368 9995
369 9999
374 9999
375 9953
377 49
378 9999
39 0
395 1308
396 9999
399 0
40 9995
400 9999
431 9977
432 90
44 9999
45 7
46 0
47 9967
470 9999
471 9996
478 0
479 58
51 0
52 9999
527 972
528 9
530 9440
531 731
623 0
624 9997
642 9966
643 9998
644 8817
645 9999
655 1112
656 9999
657 4
658 9999
663 7
664 9997
665 407
666 9999
74 9674
75 9999
96 7
97 9999
98 0
99 9997
0 0
1 0
10 0
100 0
101 0
102 0
103 0
104 0
105 0
106 0
107 0
108 0
109 0
11 0
110 0
111 0
112 0
113 0
114 0
115 0
116 0
117 0
118 0
119 0
12 0
120 0
121 0
122 0
123 0
124 0
125 0
126 0
127 0
128 0
129 0
13 0
130 0
131 0
132 0
133 0
134 0
135 0
136 0
137 0
138 0
139 0
14 0
140 0
141 0
142 0
143 0
144 0
145 0
146 0
147 0
148 0
149 0
15 0
150 0
151 0
152 0
153 0
154 0
155 0
156 0
157 0
158 0
159 0
16 0
160 0
161 0
162 0
163 0
164 0
165 0
166 0
167 0
168 0
169 0
17 0
170 0
171 0
172 0
173 0
174 0
175 0
176 0
177 0
178 0
179 0
18 0
180 0
181 0
182 0
183 0
184 0
185 0
186 0
187 0
188 0
189 0
19 0
190 0
191 0
192 0
193 0
194 0
195 0
196 0
197 0
198 0
199 0
2 0
20 0
200 0
201 0
202 0
203 0
204 0
205 0
206 0
207 0
208 0
209 0
21 0
210 0
211 0
212 0
213 0
214 0
215 0
216 0
217 0
218 0
219 0
22 0
220 0
221 0
222 0
223 0
224 0
225 0
226 0
227 0
228 0
229 0
23 0
230 0
231 0
232 0
233 0
234 0
235 0
236 0
237 0
238 0
239 0
24 0
240 0
241 0
242 0
243 0
244 0
245 0
246 0
247 0
248 0
249 0
25 0
250 0
251 0
252 0
253 0
254 0
255 0
256 0
257 0
258 0
259 0
26 0
260 0
261 0
262 0
263 0
264 0
265 0
266 0
267 0
268 0
269 0
27 0
270 0
271 0
272 0
273 0
274 0
275 0
276 0
277 0
278 0
279 0
28 0
280 0
281 0
282 0
283 0
284 0
285 0
286 0
287 0
288 0
289 0
29 0
290 0
291 0
292 0
293 0
294 0
295 0
296 0
297 0
298 0
299 0
3 0
30 0
300 0
301 0
302 0
303 0
304 0
305 0
306 0
307 0
308 0
309 0
31 0
310 0
311 0
312 0
313 0
314 0
315 0
316 0
317 0
318 0
319 0
32 0
320 0
321 0
322 0
323 0
324 0
325 0
326 0
327 0
328 0
329 0
33 0
330 0
331 0
332 0
333 0
334 0
335 0
336 0
337 0
338 0
339 0
34 0
340 0
341 0
342 0
343 0
344 0
345 0
346 0
347 0
348 0
349 0
35 0
350 0
351 0
352 0
353 0
354 0
355 0
356 0
357 0
358 0
359 0
36 0
360 0
361 0
362 0
363 0
364 0
365 0
366 0
367 0
368 0
369 0
37 0
370 0
371 0
372 0
373 0
374 0
375 0
376 0
377 0
378 0
379 0
38 0
380 0
381 0
382 0
383 0
384 0
385 0
386 0
387 0
388 0
389 0
39 0
390 0
391 0
392 0
393 0
394 0
395 0
396 0
397 0
398 0
399 0
4 0
40 0
400 0
401 0
402 0
403 0
404 0
405 0
406 0
407 0
408 0
409 0
41 0
410 0
411 0
412 0
413 0
414 0
415 0
416 0
417 0
418 0
419 0
42 0
420 0
421 0
422 0
423 0
424 0
425 0
426 0
427 0
428 0
429 0
43 0
430 0
431 0
432 0
433 0
434 0
435 0
436 0
437 0
438 0
439 0
44 0
440 0
441 0
442 0
443 0
444 0
445 0
446 0
447 0
448 0
449 0
45 0
450 0
451 0
452 0
453 0
454 0
455 0
456 0
457 0
458 0
459 0
46 0
47 0
48 0
49 0
5 0
50 0
51 0
52 0
53 0
54 0
55 0
56 0
57 0
58 0
59 0
6 0
60 0
61 0
62 0
63 0
64 0
65 0
66 0
67 0
68 0
69 0
7 0
70 0
71 0
72 0
73 0
74 0
75 0
76 0
77 0
78 0
79 0
8 0
80 0
81 0
82 0
83 0
84 0
85 0
86 0
87 0
88 0
89 0
9 0
90 0
91 0
92 0
93 0
94 0
95 0
96 0
97 0
98 0
99 0
0 0
1 0
10 0
100 0
101 0
102 0
103 0
104 0
105 0
106 0
107 0
108 0
109 0
11 0
110 0
111 0
112 0
113 0
114 0
115 0
116 0
117 0
118 0
119 0
12 0
120 0
121 0
122 0
123 0
124 0
125 0
126 0
127 0
128 0
129 0
13 0
130 0
131 0
132 0
133 0
134 0
135 0
136 0
137 0
138 0
139 0
14 0
140 0
141 0
142 0
143 0
144 0
145 0
146 0
147 0
148 0
149 0
15 0
150 0
151 0
152 0
153 0
154 0
155 0
156 0
157 0
158 0
159 0
16 0
160 0
161 0
162 0
163 0
164 0
165 0
166 0
167 0
168 0
169 0
17 0
170 0
171 0
172 0
173 0
174 0
175 0
176 0
177 0
178 0
179 0
18 0
180 0
181 0
182 0
183 0
184 0
185 0
186 0
187 0
188 0
189 0
19 0
190 0
191 0
192 0
193 0
194 0
195 0
196 0
197 0
198 0
199 0
2 0
20 0
200 0
201 0
202 0
203 0
204 0
205 0
206 0
207 0
208 0
209 0
21 0
210 0
211 0
212 0
213 0
214 0
215 0
216 0
217 0
218 0
219 0
22 0
220 0
221 0
222 0
223 0
224 0
225 0
226 0
227 0
228 0
229 0
23 0
230 0
231 0
232 0
233 0
234 0
235 0
236 0
237 0
238 0
239 0
24 0
240 0
241 0
242 0
243 0
244 0
245 0
246 0
247 0
248 0
249 0
25 0
250 0
251 0
252 0
253 0
254 0
255 0
256 0
257 0
258 0
259 0
26 0
260 0
261 0
262 0
263 0
264 0
265 0
266 0
267 0
268 0
269 0
27 0
270 0
271 0
272 0
273 0
274 0
275 0
276 0
277 0
278 0
279 0
28 0
280 0
281 0
282 0
283 0
284 0
285 0
286 0
287 0
288 0
289 0
29 0
290 0
291 0
292 0
293 0
294 0
295 0
296 0
297 0
298 0
299 0
3 0
30 0
300 0
301 0
302 0
303 0
304 0
305 0
306 0
307 0
308 0
309 0
31 0
310 0
311 0
312 0
313 0
314 0
315 0
316 0
317 0
318 0
319 0
32 0
320 0
321 0
322 0
323 0
324 0
325 0
326 0
327 0
328 0
329 0
33 0
330 0
331 0
332 0
333 0
334 0
335 0
336 0
337 0
338 0
339 0
34 0
340 0
341 0
342 0
343 0
344 0
345 0
346 0
347 0
348 0
349 0
35 0
350 0
351 0
352 0
353 0
354 0
355 0
356 0
357 0
358 0
359 0
36 0
360 0
361 0
362 0
363 0
364 0
365 0
366 0
367 0
368 0
369 0
37 0
370 0
371 0
372 0
373 0
374 0
375 0
376 0
377 0
378 0
379 0
38 0
380 0
381 0
382 0
383 0
384 0
385 0
386 0
387 0
388 0
389 0
39 0
390 0
391 0
392 0
393 0
394 0
395 0
396 0
397 0
398 0
399 0
4 0
40 0
400 0
401 0
402 0
403 0
404 0
405 0
406 0
407 0
408 0
409 0
41 0
410 0
411 0
412 0
413 0
414 0
415 0
416 0
417 0
418 0
419 0
42 0
420 0
421 0
422 0
423 0
424 0
425 0
426 0
427 0
428 0
429 0
43 0
430 0
431 0
432 0
433 0
434 0
435 0
436 0
437 0
438 0
439 0
44 0
440 0
441 0
442 0
443 0
444 0
445 0
446 0
447 0
448 0
449 0
45 0
450 0
451 0
452 0
453 0
454 0
455 0
456 0
457 0
458 0
459 0
46 0
47 0
48 0
49 0
5 0
50 0
51 0
52 0
53 0
54 0
55 0
56 0
57 0
58 0
59 0
6 0
60 0
61 0
62 0
63 0
64 0
65 0
66 0
67 0
68 0
69 0
7 0
70 0
71 0
72 0
73 0
74 0
75 0
76 0
77 0
78 0
79 0
8 0
80 0
81 0
82 0
83 0
84 0
85 0
86 0
87 0
88 0
89 0
9 0
90 0
91 0
92 0
93 0
94 0
95 0
96 0
97 0
98 0
99 0
0 0
1 0
10 0
100 0
101 0
102 0
103 0
104 0
105 0
106 0
107 0
108 0
109 0
11 0
110 0
111 0
112 0
113 0
114 0
115 0
116 0
117 0
118 0
119 0
12 0
120 0
121 0
122 0
123 0
124 0
125 0
126 0
127 0
128 0
129 0
13 0
130 0
131 0
132 0
133 0
134 0
135 0
136 0
137 0
138 0
139 0
14 0
140 0
141 0
142 0
143 0
144 0
145 0
146 0
147 0
148 0
149 0
15 0
150 0
151 0
152 0
153 0
154 0
155 0
156 0
157 0
158 0
159 0
16 0
160 0
161 0
162 0
163 0
164 0
165 0
166 0
167 0
168 0
169 0
17 0
170 0
171 0
172 0
173 0
174 0
175 0
176 0
177 0
178 0
179 0
18 0
180 0
181 0
182 0
183 0
184 0
185 0
186 0
187 0
188 0
189 0
19 0
190 0
191 0
192 0
193 0
194 0
195 0
196 0
197 0
198 0
199 0
2 0
20 0
200 0
201 0
202 0
203 0
204 0
205 0
206 0
207 0
208 0
209 0
21 0
210 0
211 0
212 0
213 0
214 0
215 0
216 0
217 0
218 0
219 0
22 0
220 0
221 0
222 0
223 0
224 0
225 0
226 0
227 0
228 0
229 0
23 0
230 0
231 0
232 0
233 0
234 0
235 0
236 0
237 0
238 0
239 0
24 0
240 0
241 0
242 0
243 0
244 0
245 0
246 0
247 0
248 0
249 0
25 0
250 0
251 0
252 0
253 0
254 0
255 0
256 0
257 0
258 0
259 0
26 0
260 0
261 0
262 0
263 0
264 0
265 0
266 0
267 0
268 0
269 0
27 0
270 0
271 0
272 0
273 0
274 0
275 0
276 0
277 0
278 0
279 0
28 0
280 0
281 0
282 0
283 0
284 0
285 0
286 0
287 0
288 0
289 0
29 0
290 0
291 0
292 0
293 0
294 0
295 0
296 0
297 0
298 0
299 0
3 0
30 0
300 0
301 0
302 0
303 0
304 0
305 0
306 0
307 0
308 0
309 0
31 0
310 0
311 0
312 0
313 0
314 0
315 0
316 0
317 0
318 0
319 0
32 0
320 0
321 0
322 0
323 0
324 0
325 0
326 0
327 0
328 0
329 0
33 0
330 0
331 0
332 0
333 0
334 0
335 0
336 0
337 0
338 0
339 0
34 0
340 0
341 0
342 0
343 0
344 0
345 0
346 0
347 0
348 0
349 0
35 0
350 0
351 0
352 0
353 0
354 0
355 0
356 0
357 0
358 0
359 0
36 0
360 0
361 0
362 0
363 0
364 0
365 0
366 0
367 0
368 0
369 0
37 0
370 0
371 0
372 0
373 0
374 0
375 0
376 0
377 0
378 0
379 0
38 0
380 0
381 0
382 0
383 0
384 0
385 0
386 0
387 0
388 0
389 0
39 0
390 0
391 0
392 0
393 0
394 0
395 0
396 0
397 0
398 0
399 0
4 0
40 0
400 0
401 0
402 0
403 0
404 0
405 0
406 0
407 0
408 0
409 0
41 0
410 0
411 0
412 0
413 0
414 0
415 0
416 0
417 0
418 0
419 0
42 0
420 0
421 0
422 0
423 0
424 0
425 0
426 0
427 0
428 0
429 0
43 0
430 0
431 0
432 0
433 0
434 0
435 0
436 0
437 0
438 0
439 0
44 0
440 0
441 0
442 0
443 0
444 0
445 0
446 0
447 0
448 0
449 0
45 0
450 0
451 0
452 0
453 0
454 0
455 0
456 0
457 0
458 0
459 0
46 0
47 0
48 0
49 0
5 0
50 0
51 0
52 0
53 0
54 0
55 0
56 0
57 0
58 0
59 0
6 0
60 0
61 0
62 0
63 0
64 0
65 0
66 0
67 0
68 0
69 0
7 0
70 0
71 0
72 0
73 0
74 0
75 0
76 0
77 0
78 0
79 0
8 0
80 0
81 0
82 0
83 0
84 0
85 0
86 0
87 0
88 0
89 0
9 0
90 0
91 0
92 0
93 0
94 0
95 0
96 0
97 0
98 0
99 0
0 0
1 0
10 0
100 0
101 0
102 0
103 0
104 0
105 0
106 0
107 0
108 0
109 0
11 0
110 0
111 0
112 0
113 0
114 0
115 0
116 0
117 0
118 0
119 0
12 0
120 0
121 0
122 0
123 0
124 0
125 0
126 0
127 0
128 0
129 0
13 0
130 0
131 0
132 0
133 0
134 0
135 0
136 0
137 0
138 0
139 0
14 0
140 0
141 0
142 0
143 0
144 0
145 0
146 0
147 0
148 0
149 0
15 0
150 0
151 0
152 0
153 0
154 0
155 0
156 0
157 0
158 0
159 0
16 0
160 0
161 0
162 0
163 0
164 0
165 0
166 0
167 0
168 0
169 0
17 0
170 0
171 0
172 0
173 0
174 0
175 0
176 0
177 0
178 0
179 0
18 0
180 0
181 0
182 0
183 0
184 0
185 0
186 0
187 0
188 0
189 0
19 0
190 0
191 0
192 0
193 0
194 0
195 0
196 0
197 0
198 0
199 0
2 0
20 0
200 0
201 0
202 0
203 0
204 0
205 0
206 0
207 0
208 0
209 0
21 0
210 0
211 0
212 0
213 0
214 0
215 0
216 0
217 0
218 0
219 0
22 0
220 0
221 0
222 0
223 0
224 0
225 0
226 0
227 0
228 0
229 0
23 0
230 0
231 0
232 0
233 0
234 0
235 0
236 0
237 0
238 0
239 0
24 0
240 0
241 0
242 0
243 0
244 0
245 0
246 0
247 0
248 0
249 0
25 0
250 0
251 0
252 0
253 0
254 0
255 0
256 0
257 0
258 0
259 0
26 0
260 0
261 0
262 0
263 0
264 0
265 0
266 0
267 0
268 0
269 0
27 0
270 0
271 0
272 0
273 0
274 0
275 0
276 0
277 0
278 0
279 0
28 0
280 0
281 0
282 0
283 0
284 0
285 0
286 0
287 0
288 0
289 0
29 0
290 0
291 0
292 0
293 0
294 0
295 0
296 0
297 0
298 0
299 0
3 0
30 0
300 0
301 0
302 0
303 0
304 0
305 0
306 0
307 0
308 0
309 0
31 0
310 0
311 0
312 0
313 0
314 0
315 0
316 0
317 0
318 0
319 0
32 0
320 0
321 0
322 0
323 0
324 0
325 0
326 0
327 0
328 0
329 0
33 0
330 0
331 0
332 0
333 0
334 0
335 0
336 0
337 0
338 0
339 0
34 0
340 0
341 0
342 0
343 0
344 0
345 0
346 0
347 0
348 0
349 0
35 0
350 0
351 0
352 0
353 0
354 0
355 0
356 0
357 0
358 0
359 0
36 0
360 0
361 0
362 0
363 0
364 0
365 0
366 0
367 0
368 0
369 0
37 0
370 0
371 0
372 0
373 0
374 0
375 0
376 0
377 0
378 0
379 0
38 0
380 0
381 0
382 0
383 0
384 0
385 0
386 0
387 0
388 0
389 0
39 0
390 0
391 0
392 0
393 0
394 0
395 0
396 0
397 0
398 0
399 0
4 0
40 0
400 0
401 0
402 0
403 0
404 0
405 0
406 0
407 0
408 0
409 0
41 0
410 0
411 0
412 0
413 0
414 0
415 0
416 0
417 0
418 0
419 0
42 0
420 0
421 0
422 0
423 0
424 0
425 0
426 0
427 0
428 0
429 0
43 0
430 0
431 0
432 0
433 0
434 0
435 0
436 0
437 0
438 0
439 0
44 0
440 0
441 0
442 0
443 0
444 0
445 0
446 0
447 0
448 0
449 0
45 0
450 0
451 0
452 0
453 0
454 0
455 0
456 0
457 0
458 0
459 0
46 0
460 0
461 0
462 0
463 0
464 0
465 0
466 0
467 0
468 0
469 0
47 0
470 0
471 0
472 0
473 0
474 0
475 0
476 0
477 0
478 0
479 0
48 0
480 0
481 0
482 0
483 0
49 0
5 0
50 0
51 0
52 0
53 0
54 0
55 0
56 0
57 0
58 0
59 0
6 0
60 0
61 0
62 0
63 0
64 0
65 0
66 0
67 0
68 0
69 0
7 0
70 0
71 0
72 0
73 0
74 0
75 0
76 0
77 0
78 0
79 0
8 0
80 0
81 0
82 0
83 0
84 0
85 0
86 0
87 0
88 0
89 0
9 0
90 0
91 0
92 0
93 0
94 0
95 0
96 0
97 0
98 0
99 0
0 0
1 0
10 0
100 0
101 0
102 0
103 0
104 0
105 0
106 0
107 0
108 0
109 0
11 0
110 0
111 0
112 0
113 0
114 0
115 0
116 0
117 0
118 0
119 0
12 0
120 0
121 0
122 0
123 0
124 0
125 0
126 0
127 0
128 0
129 0
13 0
130 0
131 0
132 0
133 0
134 0
135 0
136 0
137 0
138 0
139 0
14 0
140 0
141 0
142 0
143 0
144 0
145 0
146 0
147 0
148 0
149 0
15 0
150 0
151 0
152 0
153 0
154 0
155 0
156 0
157 0
158 0
159 0
16 0
160 0
161 0
162 0
163 0
164 0
165 0
166 0
167 0
168 0
169 0
17 0
170 0
171 0
172 0
173 0
174 0
175 0
176 0
177 0
178 0
179 0
18 0
180 0
181 0
182 0
183 0
184 0
185 0
186 0
187 0
188 0
189 0
19 0
190 0
191 0
192 0
193 0
194 0
195 0
196 0
197 0
198 0
199 0
2 0
20 0
200 0
201 0
202 0
203 0
204 0
205 0
206 0
207 0
208 0
209 0
21 0
210 0
211 0
212 0
213 0
214 0
215 0
216 0
217 0
218 0
219 0
22 0
220 0
221 0
222 0
223 0
224 0
225 0
226 0
227 0
228 0
229 0
23 0
230 0
231 0
232 0
233 0
234 0
235 0
236 0
237 0
238 0
239 0
24 0
240 0
241 0
242 0
243 0
244 0
245 0
246 0
247 0
248 0
249 0
25 0
250 0
251 0
252 0
253 0
254 0
255 0
256 0
257 0
258 0
259 0
26 0
260 0
261 0
262 0
263 0
264 0
265 0
266 0
267 0
268 0
269 0
27 0
270 0
271 0
272 0
273 0
274 0
275 0
276 0
277 0
278 0
279 0
28 0
280 0
281 0
282 0
283 0
284 0
285 0
286 0
287 0
288 0
289 0
29 0
290 0
291 0
292 0
293 0
294 0
295 0
296 0
297 0
298 0
299 0
3 0
30 0
300 0
301 0
302 0
303 0
304 0
305 0
306 0
307 0
308 0
309 0
31 0
310 0
311 0
312 0
313 0
314 0
315 0
316 0
317 0
318 0
319 0
32 0
320 0
321 0
322 0
323 0
324 0
325 0
326 0
327 0
328 0
329 0
33 0
330 0
331 0
332 0
333 0
334 0
335 0
336 0
337 0
338 0
339 0
34 0
340 0
341 0
342 0
343 0
344 0
345 0
346 0
347 0
348 0
349 0
35 0
350 0
351 0
352 0
353 0
354 0
355 0
356 0
357 0
358 0
359 0
36 0
360 0
361 0
362 0
363 0
364 0
365 0
366 0
367 0
368 0
369 0
37 0
370 0
371 0
372 0
373 0
374 0
375 0
376 0
377 0
378 0
379 0
38 0
380 0
381 0
382 0
383 0
384 0
385 0
386 0
387 0
388 0
389 0
39 0
390 0
391 0
392 0
393 0
394 0
395 0
396 0
397 0
398 0
399 0
4 0
40 0
400 0
401 0
402 0
403 0
404 0
405 0
406 0
407 0
408 0
409 0
41 0
410 0
411 0
412 0
413 0
414 0
415 0
416 0
417 0
418 0
419 0
42 0
420 0
421 0
422 0
423 0
424 0
425 0
426 0
427 0
428 0
429 0
43 0
430 0
431 0
432 0
433 0
434 0
435 0
436 0
437 0
438 0
439 0
44 0
440 0
441 0
442 0
443 0
444 0
445 0
446 0
447 0
448 0
449 0
45 0
450 0
451 0
452 0
453 0
454 0
455 0
456 0
457 0
46 0
47 0
48 0
49 0
5 0
50 0
51 0
52 0
53 0
54 0
55 0
56 0
57 0
58 0
59 0
6 0
60 0
61 0
62 0
63 0
64 0
65 0
66 0
67 0
68 0
69 0
7 0
70 0
71 0
72 0
73 0
74 0
75 0
76 0
77 0
78 0
79 0
8 0
80 0
81 0
82 0
83 0
84 0
85 0
86 0
87 0
88 0
89 0
9 0
90 0
91 0
92 0
93 0
94 0
95 0
96 0
97 0
98 0
99 0
105 0
106 0
110 0
111 0
113 0
114 0
136 0
137 0
148 0
149 0
173 0
174 0
18 0
19 0
203 0
204 0
213 0
214 0
243 0
244 0
261 0
262 0
264 0
265 0
276 0
277 0
3 0
301 0
302 0
313 0
314 0
347 0
348 0
392 0
393 0
4 0
41 0
42 0
422 0
423 0
429 0
430 0
446 0
447 0
452 0
453 0
455 0
456 0
458 0
459 0
473 0
474 0
49 0
493 0
494 0
496 0
497 0
50 0
507 0
508 0
510 0
511 0
514 0
515 0
520 0
521 0
537 0
538 0
540 0
541 0
548 0
549 0
563 0
564 0
568 0
569 0
584 0
585 0
606 0
607 0
63 0
64 0
653 0
654 0
665 0
666 0
672 0
673 0
70 0
71 0
95 0
96 0
105 467
106 52
110 1
111 466
113 465
114 466
136 462
137 464
148 463
149 456
173 463
174 42
18 416
19 488
203 461
204 31
213 175
214 460
243 457
244 457
261 0
262 72
264 455
265 452
276 0
277 78
3 10
301 453
302 100
313 436
314 453
347 0
348 451
392 9
393 450
4 494
41 483
42 93
422 0
423 206
429 422
430 448
446 8
447 446
452 445
453 445
455 12
456 444
458 445
459 445
473 438
474 445
49 481
493 0
494 8
496 0
497 444
50 481
507 273
508 109
510 0
511 443
514 442
515 442
520 442
521 416
537 441
538 107
540 0
541 442
548 433
549 14
563 410
564 440
568 0
569 439
584 0
585 154
606 437
607 181
63 0
64 19
653 437
654 437
665 20
666 439
672 0
673 437
70 477
71 174
95 473
96 152
108 999
109 15
11 641
110 925
111 999
113 1
114 999
119 0
12 13
120 13
125 0
126 999
129 55
13 102
130 999
14 999
141 873
142 999
148 27
149 999
15 999
16 999
161 999
162 999
163 12
164 999
166 999
167 865
173 193
174 999
176 999
177 148
183 0
184 0
199 999
200 999
212 998
213 989
215 1
216 999
238 183
239 999
241 994
242 999
248 3
249 999
265 992
266 999
269 963
270 999
277 924
278 999
280 900
281 999
294 978
295 999
298 0
299 999
312 1
313 999
316 951
317 999
334 990
335 993
339 999
340 997
345 0
346 0
354 147
355 999
361 0
362 13
365 937
366 999
371 999
372 938
382 999
383 999
393 905
394 999
410 2
411 999
413 999
414 999
420 0
421 356
435 0
436 93
438 2
439 999
451 999
452 999
46 999
462 993
463 999
464 15
465 999
47 102
480 0
481 10
482 7
483 999
488 901
489 999
503 1
504 999
516 883
517 15
534 0
535 999
537 167
538 999
543 3
544 999
546 993
547 997
563 1
564 999
567 999
568 11
572 1
573 999
578 125
579 999
585 0
586 989
591 879
592 921
603 503
604 999
628 999
629 999
636 0
637 999
69 0
70 991
83 998
84 999
87 999
88 16
108 999
109 15
11 641
110 925
111 999
113 1
114 999
119 0
12 13
120 13
125 0
126 999
129 55
13 102
130 999
14 999
141 873
142 999
148 27
149 999
15 999
16 999
161 999
162 999
163 12
164 999
166 999
167 865
173 193
174 999
176 999
177 148
183 0
184 0
199 999
200 999
212 998
213 989
215 1
216 999
238 183
239 999
241 994
242 999
248 3
249 999
265 992
266 999
269 963
270 999
277 924
278 999
280 900
281 999
294 978
295 999
298 0
299 999
312 1
313 999
316 951
317 999
334 990
335 993
339 999
340 997
345 0
346 0
354 147
355 999
361 0
362 13
365 937
366 999
371 999
372 938
382 999
383 999
393 905
394 999
410 2
411 999
413 999
414 999
420 0
421 356
435 0
436 93
438 2
439 999
451 999
452 999
46 999
462 993
463 999
464 15
465 999
47 102
480 0
481 10
482 7
483 999
488 901
489 999
503 1
504 999
516 883
517 15
534 0
535 999
537 167
538 999
543 3
544 999
546 993
547 997
563 1
564 999
567 999
568 11
572 1
573 999
578 125
579 999
585 0
586 989
591 879
592 921
603 503
604 999
628 999
629 999
636 0
637 999
69 0
70 991
83 998
84 999
87 999
88 16
115 981
116 984
123 150
124 984
135 984
136 3
140 983
141 16
149 914
150 10
155 639
156 981
160 879
161 881
173 2
174 978
176 0
177 977
181 976
182 976
185 976
186 833
190 975
191 962
214 0
215 974
220 2
221 974
224 971
225 647
242 973
243 973
248 0
249 973
261 0
262 2
269 0
270 972
280 972
281 972
294 67
295 971
297 970
298 971
299 1
30 0
300 971
301 4
302 970
31 993
311 967
312 969
318 0
319 969
325 3
326 969
346 885
347 968
357 968
358 968
361 965
362 967
38 514
39 992
402 136
403 966
407 883
408 966
409 0
410 941
413 966
414 966
43 10
438 0
439 965
44 991
448 831
449 962
461 1
462 960
470 3
471 960
474 898
475 959
477 959
478 959
479 823
480 959
481 0
482 959
486 0
487 956
490 0
491 958
492 0
493 949
509 959
51 0
510 943
52 4
528 0
529 1
531 0
532 959
533 4
534 959
535 5
536 959
54 988
544 953
545 958
547 958
548 958
55 906
555 957
556 957
560 2
561 957
563 7
564 957
569 231
570 957
589 7
590 955
593 0
594 955
597 887
598 955
607 0
608 215
610 955
611 955
623 955
624 955
625 853
626 955
630 955
631 955
68 0
69 3
94 0
95 985
96 0
97 985
108 999
109 15
11 641
110 925
111 999
113 1
114 999
119 0
12 13
120 13
125 0
126 999
129 55
13 102
130 999
14 999
141 873
142 999
148 27
149 999
15 999
16 999
161 999
162 999
163 12
164 999
166 999
167 865
173 193
174 999
176 999
177 148
183 0
184 0
199 999
200 999
212 998
213 989
215 1
216 999
238 183
239 999
241 994
242 999
248 3
249 999
265 992
266 999
269 963
270 999
277 924
278 999
280 900
281 999
294 978
295 999
298 0
299 999
312 1
313 999
316 951
317 999
334 990
335 993
339 999
340 997
345 0
346 0
354 147
355 999
361 0
362 13
365 937
366 999
371 999
372 938
382 999
383 999
393 905
394 999
410 2
411 999
413 999
414 999
420 0
421 356
435 0
436 93
438 2
439 999
451 999
452 999
46 999
462 993
463 999
464 15
465 999
47 102
480 0
481 10
482 7
483 999
488 901
489 999
503 1
504 999
516 883
517 15
534 0
535 999
537 167
538 999
543 3
544 999
546 993
547 997
563 1
564 999
567 999
568 11
572 1
573 999
578 125
579 999
585 0
586 989
591 879
592 921
603 503
604 999
628 999
629 999
636 0
637 999
69 0
70 991
83 998
84 999
87 999
88 16
10 988
108 992
109 972
11 999
126 218
127 999
128 0
129 997
134 443
135 999
139 992
140 999
157 16
158 999
18 0
186 0
187 999
19 992
207 0
208 999
214 1
215 999
216 0
217 999
219 999
220 19
235 998
236 999
247 0
248 0
279 922
280 999
326 2
327 999
351 0
352 953
409 0
410 998
421 999
422 999
423 860
424 999
435 0
436 0
444 0
445 998
453 0
454 999
480 999
481 16
493 19
494 999
503 0
504 993
506 999
507 4
527 999
528 1
530 5
531 999
535 952
536 999
546 148
547 999
548 936
549 999
638 0
639 10
663 999
664 999
671 673
672 953
693 135
694 999
7 999
711 999
712 996
79 0
8 985
80 999
81 19
82 999
100 138
101 499
103 499
104 499
108 499
109 499
11 0
117 0
118 499
12 499
122 499
123 499
129 223
130 499
137 496
138 499
139 64
140 499
148 499
149 499
15 499
151 499
152 499
153 499
154 499
157 499
158 499
159 89
16 499
160 499
163 499
164 499
167 69
168 499
172 499
173 499
176 34
177 499
18 499
181 499
182 499
185 499
186 499
188 499
189 491
19 12
191 88
192 499
193 448
194 499
195 499
196 499
197 491
198 499
201 499
202 499
204 106
205 499
207 499
208 495
21 499
210 0
211 499
214 499
215 499
216 469
217 499
22 499
221 499
222 499
223 495
224 499
225 499
226 499
230 499
231 499
232 496
233 499
238 499
239 499
241 499
242 499
246 499
247 499
248 4
249 499
252 499
253 499
256 499
257 499
266 499
267 499
269 499
270 499
275 499
276 499
279 499
280 499
283 499
284 499
285 499
286 499
287 499
288 499
289 499
29 498
290 499
291 499
292 499
297 499
298 499
299 499
30 89
300 499
301 182
302 499
305 499
306 499
309 0
31 499
310 499
311 499
312 499
314 15
315 499
316 8
317 499
318 499
319 499
32 499
325 499
326 499
327 495
328 499
329 182
33 498
330 499
332 499
333 499
335 498
336 499
339 499
34 499
340 499
342 499
343 499
345 499
346 499
349 499
350 499
351 70
352 499
354 488
355 499
356 6
357 499
36 212
361 243
362 499
366 499
367 499
37 499
374 311
375 499
377 499
378 499
383 499
384 499
387 77
388 499
392 499
393 499
395 487
396 499
4 209
40 199
404 499
405 499
406 499
407 499
408 499
409 499
41 499
411 15
412 499
414 499
415 18
416 34
417 499
418 157
419 499
42 1
424 55
425 499
429 499
43 499
430 499
432 499
433 499
434 499
435 499
437 499
438 499
44 70
440 453
441 499
442 499
443 499
445 499
446 499
448 499
449 499
45 499
450 66
451 499
453 499
454 499
455 499
456 499
460 499
461 499
463 499
464 499
469 471
470 499
471 499
472 499
473 485
474 499
475 32
476 499
477 497
478 499
479 499
480 499
481 467
482 499
485 455
486 499
487 499
488 499
489 178
490 499
491 499
492 499
495 499
496 499
499 210
5 499
500 499
501 499
502 499
507 499
508 499
509 499
51 499
510 499
513 495
514 499
515 499
516 499
52 499
520 116
521 499
524 5
525 499
526 499
527 499
529 499
530 499
532 83
533 499
535 499
536 499
538 88
539 499
541 494
542 66
56 442
57 499
58 499
59 499
6 448
60 473
61 499
65 86
66 499
68 43
69 499
7 499
70 499
71 499
73 499
74 499
77 42
78 499
82 0
83 499
86 499
87 7
91 499
92 499
94 0
95 198
98 499
99 499
10 9999
100 9999
103 5218
104 9999
106 9955
107 9999
108 91
109 9999
11 9999
111 9999
112 9999
113 9999
114 9999
115 9557
116 9999
117 9999
118 9999
119 0
120 9993
121 17
122 9999
124 9999
125 9999
126 209
127 9999
128 9999
129 9999
130 54
131 9999
132 9999
133 9999
134 6107
135 9999
139 1377
14 8538
140 9999
141 31
142 9999
143 7423
144 9999
146 8474
147 9999
149 9999
15 9999
150 9999
152 9999
153 9953
154 6240
155 9999
156 9999
157 9999
158 9999
159 9999
16 60
160 1443
161 9999
163 241
164 9999
165 852
166 9999
169 9999
17 9999
170 9999
171 9982
172 9999
173 9999
174 9999
175 9999
176 9999
178 9143
179 9999
183 14
184 9999
186 1
187 9999
188 9999
189 9999
190 1042
191 9999
192 9992
193 9999
194 9990
195 9999
196 1038
197 9999
198 5317
199 9999
200 9129
201 9999
204 9999
205 9999
206 9717
207 9999
208 9999
209 9999
210 368
211 9999
213 9990
214 9999
215 9999
216 9999
219 9999
22 8888
220 9999
221 9999
222 9999
224 2929
225 9999
227 9999
228 9551
23 9999
233 1129
234 9999
235 9997
236 9999
238 8062
239 9999
24 9992
245 967
246 9999
248 9999
249 9999
25 9999
254 6632
255 9999
256 9999
257 9999
258 9999
259 9999
260 9999
261 9999
264 9999
265 9999
267 9999
268 9999
269 9999
270 9999
271 6051
272 9999
273 9999
274 9999
276 12
277 9992
278 9999
279 9999
28 1377
282 895
283 9999
284 9999
285 9999
286 9999
287 9999
289 9999
29 9999
290 9999
297 9999
298 9999
300 9999
301 9999
302 9954
303 9999
304 0
305 9999
306 9999
307 9999
309 8420
31 31
310 9999
311 6803
312 9999
315 9999
316 9999
317 786
318 9999
32 9999
320 9757
321 9999
323 12
324 9999
325 9999
326 9999
327 9967
328 9999
329 9999
33 700
330 9999
331 9795
332 9999
34 9999
340 9169
341 9999
342 9999
343 9999
344 838
345 9999
346 9999
347 9999
348 9999
349 9999
35 9999
350 9529
351 9999
352 187
353 9999
354 9999
355 9999
356 9046
357 9999
358 9999
359 9999
36 9999
364 5007
365 9999
366 4642
367 9999
368 9999
369 9999
37 858
372 9999
373 9999
375 9999
376 9999
378 6635
379 9999
38 9999
380 29
381 9996
382 5032
383 9999
384 8802
385 9999
386 9913
387 9999
388 9925
389 9999
395 9921
396 9999
397 8096
398 9999
400 710
401 9999
402 9999
403 9999
405 9892
406 9999
407 9981
408 9999
409 9999
410 9999
412 8
413 9994
414 1
415 9999
416 39
417 9999
418 14
419 9999
421 9999
422 9999
425 46
426 9999
427 9999
428 9999
429 9982
430 9999
431 9999
432 9999
433 9999
434 9999
435 6255
436 9999
44 9999
443 109
444 9999
446 9999
447 9999
45 9999
452 5
453 9999
458 13
459 9999
46 6309
460 9999
461 9999
464 9983
465 9999
469 9971
47 9999
470 9999
474 9986
475 9999
476 6791
477 9999
478 9999
479 9999
48 9999
481 9998
482 9999
484 9998
485 9999
486 51
487 9999
49 9999
5 65
52 3574
53 9999
55 9999
56 9999
58 3
59 9999
6 9999
60 9946
61 9999
64 37
65 9999
66 9999
67 9999
68 159
69 9999
72 15
73 9999
74 9999
75 9999
78 9999
79 9999
81 151
82 9999
85 9999
86 9999
91 9999
92 9986
93 9994
94 9999
95 8661
96 9999
97 967
98 9999
99 5300
10 9999
100 9999
103 5218
104 9999
106 9955
107 9999
108 91
109 9999
11 9999
111 9999
112 9999
113 9999
114 9999
115 9557
116 9999
117 9999
118 9999
119 0
120 9993
121 17
122 9999
124 9999
125 9999
126 209
127 9999
128 9999
129 9999
130 54
131 9999
132 9999
133 9999
134 6107
135 9999
139 1377
14 8538
140 9999
141 31
142 9999
143 7423
144 9999
146 8474
147 9999
149 9999
15 9999
150 9999
152 9999
153 9953
154 6240
155 9999
156 9999
157 9999
158 9999
159 9999
16 60
160 1443
161 9999
163 241
164 9999
165 852
166 9999
169 9999
17 9999
170 9999
171 9982
172 9999
173 9999
174 9999
175 9999
176 9999
178 9143
179 9999
183 14
184 9999
186 1
187 9999
188 9999
189 9999
190 1042
191 9999
192 9992
193 9999
194 9990
195 9999
196 1038
197 9999
198 5317
199 9999
200 9129
201 9999
204 9999
205 9999
206 9717
207 9999
208 9999
209 9999
210 368
211 9999
213 9990
214 9999
215 9999
216 9999
219 9999
22 8888
220 9999
221 9999
222 9999
224 2929
225 9999
227 9999
228 9551
23 9999
233 1129
234 9999
235 9997
236 9999
238 8062
239 9999
24 9992
245 967
246 9999
248 9999
249 9999
25 9999
254 6632
255 9999
256 9999
257 9999
258 9999
259 9999
260 9999
261 9999
264 9999
265 9999
267 9999
268 9999
269 9999
270 9999
271 6051
272 9999
273 9999
274 9999
276 12
277 9992
278 9999
279 9999
28 1377
282 895
283 9999
284 9999
285 9999
286 9999
287 9999
289 9999
29 9999
290 9999
297 9999
298 9999
300 9999
301 9999
302 9954
303 9999
304 0
305 9999
306 9999
307 9999
309 8420
31 31
310 9999
311 6803
312 9999
315 9999
316 9999
317 786
318 9999
32 9999
320 9757
321 9999
323 12
324 9999
325 9999
326 9999
327 9967
328 9999
329 9999
33 700
330 9999
331 9795
332 9999
34 9999
340 9169
341 9999
342 9999
343 9999
344 838
345 9999
346 9999
347 9999
348 9999
349 9999
35 9999
350 9529
351 9999
352 187
353 9999
354 9999
355 9999
356 9046
357 9999
358 9999
359 9999
36 9999
364 5007
365 9999
366 4642
367 9999
368 9999
369 9999
37 858
372 9999
373 9999
375 9999
376 9999
378 6635
379 9999
38 9999
380 29
381 9996
382 5032
383 9999
384 8802
385 9999
386 9913
387 9999
388 9925
389 9999
395 9921
396 9999
397 8096
398 9999
400 710
401 9999
402 9999
403 9999
405 9892
406 9999
407 9981
408 9999
409 9999
410 9999
412 8
413 9994
414 1
415 9999
416 39
417 9999
418 14
419 9999
421 9999
422 9999
425 46
426 9999
427 9999
428 9999
429 9982
430 9999
431 9999
432 9999
433 9999
434 9999
435 6255
436 9999
44 9999
443 109
444 9999
446 9999
447 9999
45 9999
452 5
453 9999
458 13
459 9999
46 6309
460 9999
461 9999
464 9983
465 9999
469 9971
47 9999
470 9999
474 9986
475 9999
476 6791
477 9999
478 9999
479 9999
48 9999
481 9998
482 9999
484 9998
485 9999
486 51
487 9999
49 9999
5 65
52 3574
53 9999
55 9999
56 9999
58 3
59 9999
6 9999
60 9946
61 9999
64 37
65 9999
66 9999
67 9999
68 159
69 9999
72 15
73 9999
74 9999
75 9999
78 9999
79 9999
81 151
82 9999
85 9999
86 9999
91 9999
92 9986
93 9994
94 9999
95 8661
96 9999
97 967
98 9999
99 5300
10 3
11 489
12 0
13 430
151 23
152 499
17 441
18 481
200 480
201 499
23 0
24 18
255 0
256 398
257 39
258 493
27 39
28 499
294 0
295 438
31 0
32 10
369 0
370 499
404 309
405 427
420 0
421 499
43 0
435 1
436 483
437 42
438 499
44 498
483 0
484 38
531 143
532 23
555 12
556 499
560 143
561 499
593 0
594 43
651 0
652 0
658 0
659 3
679 32
680 499
681 0
682 499
683 499
684 499
69 0
7 346
70 402
709 2
710 499
