143 92
144 9999
155 0
156 9999
162 0
163 843
167 1172
168 9999
200 0
201 9681
215 0
216 9972
237 0
238 9999
250 969
251 9999
291 3
292 9999
303 0
304 9999
328 9974
329 9999
338 110
339 9999
356 9995
357 9999
387 0
388 9434
45 0
454 9999
455 9996
46 9967
515 0
516 84
638 1112
639 9999
640 4
641 9999
92 7
93 9999
143 92
144 9999
155 0
156 9999
162 0
163 843
167 1172
168 9999
200 0
201 9681
215 0
216 9972
237 0
238 9999
250 969
251 9999
291 3
292 9999
303 0
304 9999
328 9974
329 9999
338 110
339 9999
356 9995
357 9999
387 0
388 9434
45 0
454 9999
455 9996
46 9967
515 0
516 84
638 1112
639 9999
640 4
641 9999
92 7
93 9999
0 0
1 0
10 0
100 0
101 0
102 0
103 0
104 0
105 0
106 0
107 0
108 0
109 0
11 0
110 0
111 0
112 0
113 0
114 0
115 0
116 0
117 0
118 0
119 0
12 0
120 0
121 0
122 0
123 0
124 0
125 0
126 0
127 0
128 0
129 0
13 0
130 0
131 0
132 0
133 0
134 0
135 0
136 0
137 0
138 0
139 0
14 0
140 0
141 0
142 0
143 0
144 0
145 0
146 0
147 0
148 0
149 0
15 0
150 0
151 0
152 0
153 0
154 0
155 0
156 0
157 0
158 0
159 0
16 0
160 0
161 0
162 0
163 0
164 0
165 0
166 0
167 0
168 0
169 0
17 0
170 0
171 0
172 0
173 0
174 0
175 0
176 0
177 0
178 0
179 0
18 0
180 0
181 0
182 0
183 0
184 0
185 0
186 0
187 0
188 0
189 0
19 0
190 0
191 0
192 0
193 0
194 0
195 0
196 0
197 0
198 0
199 0
2 0
20 0
200 0
201 0
202 0
203 0
204 0
205 0
206 0
207 0
208 0
209 0
21 0
210 0
211 0
212 0
213 0
214 0
215 0
216 0
217 0
218 0
219 0
22 0
220 0
221 0
222 0
223 0
224 0
225 0
226 0
227 0
228 0
229 0
23 0
230 0
231 0
232 0
233 0
234 0
235 0
236 0
237 0
238 0
239 0
24 0
240 0
241 0
242 0
243 0
244 0
245 0
246 0
247 0
248 0
249 0
25 0
250 0
251 0
252 0
253 0
254 0
255 0
256 0
257 0
258 0
259 0
26 0
260 0
261 0
262 0
263 0
264 0
265 0
266 0
267 0
268 0
269 0
27 0
270 0
271 0
272 0
273 0
274 0
275 0
276 0
277 0
278 0
279 0
28 0
280 0
281 0
282 0
283 0
284 0
285 0
286 0
287 0
288 0
289 0
29 0
290 0
291 0
292 0
293 0
294 0
295 0
296 0
297 0
298 0
299 0
3 0
30 0
300 0
301 0
302 0
303 0
304 0
305 0
306 0
307 0
308 0
309 0
31 0
310 0
311 0
312 0
313 0
314 0
315 0
316 0
317 0
318 0
319 0
32 0
320 0
321 0
322 0
323 0
324 0
325 0
326 0
327 0
328 0
329 0
33 0
330 0
331 0
332 0
333 0
334 0
335 0
336 0
337 0
338 0
339 0
34 0
35 0
36 0
37 0
38 0
39 0
4 0
40 0
41 0
42 0
43 0
44 0
45 0
46 0
47 0
48 0
49 0
5 0
50 0
51 0
52 0
53 0
54 0
55 0
56 0
57 0
58 0
59 0
6 0
60 0
61 0
62 0
63 0
64 0
65 0
66 0
67 0
68 0
69 0
7 0
70 0
71 0
72 0
73 0
74 0
75 0
76 0
77 0
78 0
79 0
8 0
80 0
81 0
82 0
83 0
84 0
85 0
86 0
87 0
88 0
89 0
9 0
90 0
91 0
92 0
93 0
94 0
95 0
96 0
97 0
98 0
99 0
0 0
1 0
10 0
100 0
101 0
102 0
103 0
104 0
105 0
106 0
107 0
108 0
109 0
11 0
110 0
111 0
112 0
113 0
114 0
115 0
116 0
117 0
118 0
119 0
12 0
120 0
121 0
122 0
123 0
124 0
125 0
126 0
127 0
128 0
129 0
13 0
130 0
131 0
132 0
133 0
134 0
135 0
136 0
137 0
138 0
139 0
14 0
140 0
141 0
142 0
143 0
144 0
145 0
146 0
147 0
148 0
149 0
15 0
150 0
151 0
152 0
153 0
154 0
155 0
156 0
157 0
158 0
159 0
16 0
160 0
161 0
162 0
163 0
164 0
165 0
166 0
167 0
168 0
169 0
17 0
170 0
171 0
172 0
173 0
174 0
175 0
176 0
177 0
178 0
179 0
18 0
180 0
181 0
182 0
183 0
184 0
185 0
186 0
187 0
188 0
189 0
19 0
190 0
191 0
192 0
193 0
194 0
195 0
196 0
197 0
198 0
199 0
2 0
20 0
200 0
201 0
202 0
203 0
204 0
205 0
206 0
207 0
208 0
209 0
21 0
210 0
211 0
212 0
213 0
214 0
215 0
216 0
217 0
218 0
219 0
22 0
220 0
221 0
222 0
223 0
224 0
225 0
226 0
227 0
228 0
229 0
23 0
230 0
231 0
232 0
233 0
234 0
235 0
236 0
237 0
238 0
239 0
24 0
240 0
241 0
242 0
243 0
244 0
245 0
246 0
247 0
248 0
249 0
25 0
250 0
251 0
252 0
253 0
254 0
255 0
256 0
257 0
258 0
259 0
26 0
260 0
261 0
262 0
263 0
264 0
265 0
266 0
267 0
268 0
269 0
27 0
270 0
271 0
272 0
273 0
274 0
275 0
276 0
277 0
278 0
279 0
28 0
280 0
281 0
282 0
283 0
284 0
285 0
286 0
287 0
288 0
289 0
29 0
290 0
291 0
292 0
293 0
294 0
295 0
296 0
297 0
298 0
299 0
3 0
30 0
300 0
301 0
302 0
303 0
304 0
305 0
306 0
307 0
308 0
309 0
31 0
310 0
311 0
312 0
313 0
314 0
315 0
316 0
317 0
318 0
319 0
32 0
320 0
321 0
322 0
323 0
324 0
325 0
326 0
327 0
328 0
329 0
33 0
330 0
331 0
332 0
333 0
334 0
335 0
336 0
337 0
338 0
339 0
34 0
35 0
36 0
37 0
38 0
39 0
4 0
40 0
41 0
42 0
43 0
44 0
45 0
46 0
47 0
48 0
49 0
5 0
50 0
51 0
52 0
53 0
54 0
55 0
56 0
57 0
58 0
59 0
6 0
60 0
61 0
62 0
63 0
64 0
65 0
66 0
67 0
68 0
69 0
7 0
70 0
71 0
72 0
73 0
74 0
75 0
76 0
77 0
78 0
79 0
8 0
80 0
81 0
82 0
83 0
84 0
85 0
86 0
87 0
88 0
89 0
9 0
90 0
91 0
92 0
93 0
94 0
95 0
96 0
97 0
98 0
99 0
0 0
1 0
10 0
100 0
101 0
102 0
103 0
104 0
105 0
106 0
107 0
108 0
109 0
11 0
110 0
111 0
112 0
113 0
114 0
115 0
116 0
117 0
118 0
119 0
12 0
120 0
121 0
122 0
123 0
124 0
125 0
126 0
127 0
128 0
129 0
13 0
130 0
131 0
132 0
133 0
134 0
135 0
136 0
137 0
138 0
139 0
14 0
140 0
141 0
142 0
143 0
144 0
145 0
146 0
147 0
148 0
149 0
15 0
150 0
151 0
152 0
153 0
154 0
155 0
156 0
157 0
158 0
159 0
16 0
160 0
161 0
162 0
163 0
164 0
165 0
166 0
167 0
168 0
169 0
17 0
170 0
171 0
172 0
173 0
174 0
175 0
176 0
177 0
178 0
179 0
18 0
180 0
181 0
182 0
183 0
184 0
185 0
186 0
187 0
188 0
189 0
19 0
190 0
191 0
192 0
193 0
194 0
195 0
196 0
197 0
198 0
199 0
2 0
20 0
200 0
201 0
202 0
203 0
204 0
205 0
206 0
207 0
208 0
209 0
21 0
210 0
211 0
212 0
213 0
214 0
215 0
216 0
217 0
218 0
219 0
22 0
220 0
221 0
222 0
223 0
224 0
225 0
226 0
227 0
228 0
229 0
23 0
230 0
231 0
232 0
233 0
234 0
235 0
236 0
237 0
238 0
239 0
24 0
240 0
241 0
242 0
243 0
244 0
245 0
246 0
247 0
248 0
249 0
25 0
250 0
251 0
252 0
253 0
254 0
255 0
256 0
257 0
258 0
259 0
26 0
260 0
261 0
262 0
263 0
264 0
265 0
266 0
267 0
268 0
269 0
27 0
270 0
271 0
272 0
273 0
274 0
275 0
276 0
277 0
278 0
279 0
28 0
280 0
281 0
282 0
283 0
284 0
285 0
286 0
287 0
288 0
289 0
29 0
290 0
291 0
292 0
293 0
294 0
295 0
296 0
297 0
298 0
299 0
3 0
30 0
300 0
301 0
302 0
303 0
304 0
305 0
306 0
307 0
308 0
309 0
31 0
310 0
311 0
312 0
313 0
314 0
315 0
316 0
317 0
318 0
319 0
32 0
320 0
321 0
322 0
323 0
324 0
325 0
326 0
327 0
328 0
329 0
33 0
330 0
331 0
332 0
333 0
334 0
335 0
336 0
337 0
338 0
339 0
34 0
35 0
36 0
37 0
38 0
39 0
4 0
40 0
41 0
42 0
43 0
44 0
45 0
46 0
47 0
48 0
49 0
5 0
50 0
51 0
52 0
53 0
54 0
55 0
56 0
57 0
58 0
59 0
6 0
60 0
61 0
62 0
63 0
64 0
65 0
66 0
67 0
68 0
69 0
7 0
70 0
71 0
72 0
73 0
74 0
75 0
76 0
77 0
78 0
79 0
8 0
80 0
81 0
82 0
83 0
84 0
85 0
86 0
87 0
88 0
89 0
9 0
90 0
91 0
92 0
93 0
94 0
95 0
96 0
97 0
98 0
99 0
0 0
1 0
10 0
100 0
101 0
102 0
103 0
104 0
105 0
106 0
107 0
108 0
109 0
11 0
110 0
111 0
112 0
113 0
114 0
115 0
116 0
117 0
118 0
119 0
12 0
120 0
121 0
122 0
123 0
124 0
125 0
126 0
127 0
128 0
129 0
13 0
130 0
131 0
132 0
133 0
134 0
135 0
136 0
137 0
138 0
139 0
14 0
140 0
141 0
142 0
143 0
144 0
145 0
146 0
147 0
148 0
149 0
15 0
150 0
151 0
152 0
153 0
154 0
155 0
156 0
157 0
158 0
159 0
16 0
160 0
161 0
162 0
163 0
164 0
165 0
166 0
167 0
168 0
169 0
17 0
170 0
171 0
172 0
173 0
174 0
175 0
176 0
177 0
178 0
179 0
18 0
180 0
181 0
182 0
183 0
184 0
185 0
186 0
187 0
188 0
189 0
19 0
190 0
191 0
192 0
193 0
194 0
195 0
196 0
197 0
198 0
199 0
2 0
20 0
200 0
201 0
202 0
203 0
204 0
205 0
206 0
207 0
208 0
209 0
21 0
210 0
211 0
212 0
213 0
214 0
215 0
216 0
217 0
218 0
219 0
22 0
220 0
221 0
222 0
223 0
224 0
225 0
226 0
227 0
228 0
229 0
23 0
230 0
231 0
232 0
233 0
234 0
235 0
236 0
237 0
238 0
239 0
24 0
240 0
241 0
242 0
243 0
244 0
245 0
246 0
247 0
248 0
249 0
25 0
250 0
251 0
252 0
253 0
254 0
255 0
256 0
257 0
258 0
259 0
26 0
260 0
261 0
262 0
263 0
264 0
265 0
266 0
267 0
268 0
269 0
27 0
270 0
271 0
272 0
273 0
274 0
275 0
276 0
277 0
278 0
279 0
28 0
280 0
281 0
282 0
283 0
284 0
285 0
286 0
287 0
288 0
289 0
29 0
290 0
291 0
292 0
293 0
294 0
295 0
296 0
297 0
298 0
299 0
3 0
30 0
300 0
301 0
302 0
303 0
304 0
305 0
306 0
307 0
308 0
309 0
31 0
310 0
311 0
312 0
313 0
314 0
315 0
316 0
317 0
318 0
319 0
32 0
320 0
321 0
322 0
323 0
324 0
325 0
326 0
327 0
328 0
329 0
33 0
330 0
331 0
332 0
333 0
334 0
335 0
336 0
337 0
338 0
339 0
34 0
340 0
341 0
342 0
343 0
344 0
345 0
346 0
347 0
348 0
349 0
35 0
350 0
351 0
352 0
353 0
354 0
355 0
356 0
357 0
36 0
37 0
38 0
39 0
4 0
40 0
41 0
42 0
43 0
44 0
45 0
46 0
47 0
48 0
49 0
5 0
50 0
51 0
52 0
53 0
54 0
55 0
56 0
57 0
58 0
59 0
6 0
60 0
61 0
62 0
63 0
64 0
65 0
66 0
67 0
68 0
69 0
7 0
70 0
71 0
72 0
73 0
74 0
75 0
76 0
77 0
78 0
79 0
8 0
80 0
81 0
82 0
83 0
84 0
85 0
86 0
87 0
88 0
89 0
9 0
90 0
91 0
92 0
93 0
94 0
95 0
96 0
97 0
98 0
99 0
0 0
1 0
10 0
100 0
101 0
102 0
103 0
104 0
105 0
106 0
107 0
108 0
109 0
11 0
110 0
111 0
112 0
113 0
114 0
115 0
116 0
117 0
118 0
119 0
12 0
120 0
121 0
122 0
123 0
124 0
125 0
126 0
127 0
128 0
129 0
13 0
130 0
131 0
132 0
133 0
134 0
135 0
136 0
137 0
138 0
139 0
14 0
140 0
141 0
142 0
143 0
144 0
145 0
146 0
147 0
148 0
149 0
15 0
150 0
151 0
152 0
153 0
154 0
155 0
156 0
157 0
158 0
159 0
16 0
160 0
161 0
162 0
163 0
164 0
165 0
166 0
167 0
168 0
169 0
17 0
170 0
171 0
172 0
173 0
174 0
175 0
176 0
177 0
178 0
179 0
18 0
180 0
181 0
182 0
183 0
184 0
185 0
186 0
187 0
188 0
189 0
19 0
190 0
191 0
192 0
193 0
194 0
195 0
196 0
197 0
198 0
199 0
2 0
20 0
200 0
201 0
202 0
203 0
204 0
205 0
206 0
207 0
208 0
209 0
21 0
210 0
211 0
212 0
213 0
214 0
215 0
216 0
217 0
218 0
219 0
22 0
220 0
221 0
222 0
223 0
224 0
225 0
226 0
227 0
228 0
229 0
23 0
230 0
231 0
232 0
233 0
234 0
235 0
236 0
237 0
238 0
239 0
24 0
240 0
241 0
242 0
243 0
244 0
245 0
246 0
247 0
248 0
249 0
25 0
250 0
251 0
252 0
253 0
254 0
255 0
256 0
257 0
258 0
259 0
26 0
260 0
261 0
262 0
263 0
264 0
265 0
266 0
267 0
268 0
269 0
27 0
270 0
271 0
272 0
273 0
274 0
275 0
276 0
277 0
278 0
279 0
28 0
280 0
281 0
282 0
283 0
284 0
285 0
286 0
287 0
288 0
289 0
29 0
290 0
291 0
292 0
293 0
294 0
295 0
296 0
297 0
298 0
299 0
3 0
30 0
300 0
301 0
302 0
303 0
304 0
305 0
306 0
307 0
308 0
309 0
31 0
310 0
311 0
312 0
313 0
314 0
315 0
316 0
317 0
318 0
319 0
32 0
320 0
321 0
322 0
323 0
324 0
325 0
326 0
327 0
328 0
329 0
33 0
330 0
331 0
332 0
333 0
34 0
35 0
36 0
37 0
38 0
39 0
4 0
40 0
41 0
42 0
43 0
44 0
45 0
46 0
47 0
48 0
49 0
5 0
50 0
51 0
52 0
53 0
54 0
55 0
56 0
57 0
58 0
59 0
6 0
60 0
61 0
62 0
63 0
64 0
65 0
66 0
67 0
68 0
69 0
7 0
70 0
71 0
72 0
73 0
74 0
75 0
76 0
77 0
78 0
79 0
8 0
80 0
81 0
82 0
83 0
84 0
85 0
86 0
87 0
88 0
89 0
9 0
90 0
91 0
92 0
93 0
94 0
95 0
96 0
97 0
98 0
99 0
107 0
108 0
155 0
156 0
184 0
185 0
194 0
195 0
20 0
208 0
209 0
21 0
234 0
235 0
279 0
280 0
3 0
303 0
304 0
352 0
353 0
4 0
411 0
412 0
417 0
418 0
445 0
446 0
474 0
475 0
497 0
498 0
500 0
501 0
510 0
511 0
52 0
521 0
522 0
524 0
525 0
53 0
59 0
594 0
595 0
6 0
60 0
618 0
619 0
643 0
644 0
7 0
80 0
81 0
107 53
108 470
155 0
156 459
184 0
185 450
194 12
195 456
20 485
208 5
209 455
21 473
234 453
235 444
279 112
280 24
3 0
303 0
304 19
352 126
353 446
4 493
411 0
412 23
417 438
418 387
445 436
446 438
474 143
475 436
497 431
498 436
500 425
501 436
510 0
511 435
52 4
521 365
522 435
524 414
525 16
53 476
59 0
594 0
595 16
6 39
60 156
618 1
619 431
643 0
644 205
7 490
80 91
81 471
107 909
108 925
125 55
126 999
157 27
158 999
161 999
162 865
168 193
169 999
231 998
232 16
256 16
257 999
261 457
262 999
268 924
269 999
271 894
272 999
286 978
287 999
290 0
291 999
305 1
306 999
309 951
310 999
359 937
360 999
365 17
366 999
387 854
388 999
405 2
406 999
408 0
409 999
454 1
455 999
472 0
473 999
478 901
479 999
493 1
494 999
507 991
508 999
527 0
528 999
530 167
531 999
536 0
537 999
555 1
556 999
564 1
565 999
570 125
571 999
579 0
580 19
584 22
585 999
594 503
595 999
67 0
68 991
83 0
84 999
107 909
108 925
125 55
126 999
157 27
158 999
161 999
162 865
168 193
169 999
231 998
232 16
256 16
257 999
261 457
262 999
268 924
269 999
271 894
272 999
286 978
287 999
290 0
291 999
305 1
306 999
309 951
310 999
359 937
360 999
365 17
366 999
387 854
388 999
405 2
406 999
408 0
409 999
454 1
455 999
472 0
473 999
478 901
479 999
493 1
494 999
507 991
508 999
527 0
528 999
530 167
531 999
536 0
537 999
555 1
556 999
564 1
565 999
570 125
571 999
579 0
580 19
584 22
585 999
594 503
595 999
67 0
68 991
83 0
84 999
109 20
110 982
113 891
114 982
121 1
122 982
14 881
15 995
169 0
170 981
177 14
178 981
211 0
212 0
259 0
260 978
281 977
282 138
292 0
293 4
348 4
349 976
350 889
351 976
361 4
362 974
377 1
378 974
399 860
400 973
426 887
427 864
428 5
429 970
431 0
432 970
462 0
463 969
468 4
469 969
49 312
499 4
50 989
500 968
513 0
514 0
525 0
526 964
548 947
549 967
567 3
568 967
598 5
599 965
600 15
601 965
614 0
615 965
616 945
617 965
62 3
63 989
67 99
68 989
71 71
72 988
74 101
75 988
107 909
108 925
125 55
126 999
157 27
158 999
161 999
162 865
168 193
169 999
231 998
232 16
256 16
257 999
261 457
262 999
268 924
269 999
271 894
272 999
286 978
287 999
290 0
291 999
305 1
306 999
309 951
310 999
359 937
360 999
365 17
366 999
387 854
388 999
405 2
406 999
408 0
409 999
454 1
455 999
472 0
473 999
478 901
479 999
493 1
494 999
507 991
508 999
527 0
528 999
530 167
531 999
536 0
537 999
555 1
556 999
564 1
565 999
570 125
571 999
579 0
580 19
584 22
585 999
594 503
595 999
67 0
68 991
83 0
84 999
10 999
106 992
107 5
134 992
135 999
17 0
18 992
180 0
181 999
201 0
202 999
227 998
228 999
270 922
271 999
317 2
318 999
412 999
413 999
434 0
435 998
469 999
470 16
482 19
483 999
691 999
692 996
9 31
107 223
108 499
11 499
116 482
117 499
12 7
125 499
126 499
129 6
130 499
131 499
132 499
136 499
137 499
140 69
141 499
145 499
146 499
15 499
153 499
154 499
157 499
158 499
16 12
162 88
163 499
164 448
165 499
166 499
167 499
168 62
169 499
175 499
176 495
18 499
181 469
182 499
186 499
187 64
188 499
189 499
19 499
193 499
194 499
201 499
202 499
205 499
206 499
210 197
211 499
221 499
222 499
224 499
225 499
234 499
235 499
237 499
238 499
239 499
240 499
241 311
242 499
247 499
248 499
249 499
250 499
254 499
255 499
258 0
259 476
26 498
260 188
261 499
264 8
265 499
266 499
267 499
27 25
273 499
274 499
276 182
277 499
279 499
28 499
280 499
282 498
283 499
286 0
287 499
289 499
29 499
290 499
293 499
294 499
295 70
296 499
299 6
300 499
308 499
309 499
316 311
317 499
32 212
324 6
325 499
33 499
331 499
332 499
334 487
335 499
343 499
344 499
345 499
346 499
347 88
348 499
349 15
350 499
353 34
354 499
355 157
356 499
36 199
361 55
362 499
366 499
367 499
369 499
37 499
370 499
372 499
373 499
378 499
379 177
380 498
381 499
383 499
384 499
385 499
386 499
390 467
391 499
397 499
398 499
401 499
402 499
403 497
404 499
405 499
406 499
411 499
412 499
418 0
419 303
424 0
425 499
427 499
428 499
431 1
432 499
433 490
434 499
44 499
441 499
442 499
45 179
49 442
5 499
50 499
57 43
58 499
6 499
61 199
62 499
64 42
65 499
69 0
70 499
82 499
83 499
84 138
85 499
90 499
91 499
10 9999
100 9993
101 17
102 9999
104 9999
105 9999
107 9999
108 9999
109 1360
11 9999
110 9999
111 8653
112 9999
113 0
114 9986
117 1377
118 9999
119 31
120 9999
125 9999
126 9999
128 9999
129 9953
131 9999
132 9999
133 9999
134 9999
135 1443
136 9999
138 241
139 9999
14 8538
140 852
141 9999
144 9999
145 9999
147 9999
148 9999
15 9999
154 14
155 9999
158 9999
159 9999
160 1042
161 9999
164 1038
165 9999
166 5317
167 9999
168 9129
169 9999
172 9999
173 9999
174 9717
175 9999
176 9999
177 9999
180 216
181 9999
185 2929
186 9999
196 8062
197 9999
207 0
208 958
21 8888
210 6632
211 9999
212 9999
213 9999
214 9999
215 9999
218 771
219 9999
22 9999
220 9999
221 9999
222 9999
223 9999
225 9999
226 9999
228 12
229 9992
230 9999
231 9999
235 9999
236 9999
238 0
239 9999
240 0
241 9999
245 9999
246 9999
248 9999
249 9999
250 9790
251 9999
253 9999
254 9999
256 8420
257 9999
26 1377
261 9999
262 9999
267 12
268 9999
269 9999
27 9999
270 9999
271 9967
272 9999
273 9999
274 9999
275 0
276 9981
282 9169
283 9999
284 760
285 9999
286 9999
287 9999
288 9999
289 9999
29 31
290 9999
291 9999
293 9717
294 9999
295 9999
296 9999
298 812
299 9999
30 9999
303 9999
304 9999
308 9999
309 9999
31 22
311 6635
312 9999
316 8802
317 9999
318 36
319 9999
32 9999
325 910
326 9999
328 710
329 9999
33 858
331 9892
332 9999
334 9999
335 9999
337 8
338 9994
34 9999
341 14
342 9999
344 9999
345 9999
349 9999
350 9999
351 6759
352 9999
354 9999
355 9999
356 246
357 9999
375 13
376 9999
378 3
379 9999
380 9983
381 9999
385 9971
386 9999
393 9999
394 9999
40 9999
41 9999
42 6309
43 9999
46 303
47 9999
51 9999
52 9999
56 37
57 9999
58 9999
59 9999
60 159
61 9999
65 9999
66 9999
69 70
70 9999
71 151
72 9999
75 9999
76 9999
85 5300
86 9999
91 174
92 9999
95 950
96 9999
97 9999
98 9999
99 0
10 9999
100 9993
101 17
102 9999
104 9999
105 9999
107 9999
108 9999
109 1360
11 9999
110 9999
111 8653
112 9999
113 0
114 9986
117 1377
118 9999
119 31
120 9999
125 9999
126 9999
128 9999
129 9953
131 9999
132 9999
133 9999
134 9999
135 1443
136 9999
138 241
139 9999
14 8538
140 852
141 9999
144 9999
145 9999
147 9999
148 9999
15 9999
154 14
155 9999
158 9999
159 9999
160 1042
161 9999
164 1038
165 9999
166 5317
167 9999
168 9129
169 9999
172 9999
173 9999
174 9717
175 9999
176 9999
177 9999
180 216
181 9999
185 2929
186 9999
196 8062
197 9999
207 0
208 958
21 8888
210 6632
211 9999
212 9999
213 9999
214 9999
215 9999
218 771
219 9999
22 9999
220 9999
221 9999
222 9999
223 9999
225 9999
226 9999
228 12
229 9992
230 9999
231 9999
235 9999
236 9999
238 0
239 9999
240 0
241 9999
245 9999
246 9999
248 9999
249 9999
250 9790
251 9999
253 9999
254 9999
256 8420
257 9999
26 1377
261 9999
262 9999
267 12
268 9999
269 9999
27 9999
270 9999
271 9967
272 9999
273 9999
274 9999
275 0
276 9981
282 9169
283 9999
284 760
285 9999
286 9999
287 9999
288 9999
289 9999
29 31
290 9999
291 9999
293 9717
294 9999
295 9999
296 9999
298 812
299 9999
30 9999
303 9999
304 9999
308 9999
309 9999
31 22
311 6635
312 9999
316 8802
317 9999
318 36
319 9999
32 9999
325 910
326 9999
328 710
329 9999
33 858
331 9892
332 9999
334 9999
335 9999
337 8
338 9994
34 9999
341 14
342 9999
344 9999
345 9999
349 9999
350 9999
351 6759
352 9999
354 9999
355 9999
356 246
357 9999
375 13
376 9999
378 3
379 9999
380 9983
381 9999
385 9971
386 9999
393 9999
394 9999
40 9999
41 9999
42 6309
43 9999
46 303
47 9999
51 9999
52 9999
56 37
57 9999
58 9999
59 9999
60 159
61 9999
65 9999
66 9999
69 70
70 9999
71 151
72 9999
75 9999
76 9999
85 5300
86 9999
91 174
92 9999
95 950
96 9999
97 9999
98 9999
99 0
10 487
11 0
12 499
18 441
19 481
257 0
258 39
28 39
29 499
32 0
33 10
370 0
371 499
436 1
437 483
438 42
439 499
44 0
45 498
532 143
533 23
560 143
561 499
651 0
652 0
682 499
683 14
718 129
719 499
724 446
725 396
74 0
746 46
747 499
75 162
775 0
776 43
88 0
89 467
9 0
90 2
91 499
