100 0
101 9997
105 7
106 9999
133 9996
134 9999
135 0
136 9999
138 9999
139 9996
151 92
152 9999
163 0
164 9999
167 1185
168 9999
177 1172
178 9999
200 607
201 9999
205 0
206 9576
222 6
223 9999
225 0
226 9972
228 9584
229 9187
238 0
239 9435
247 0
248 9999
260 969
261 9999
278 9974
279 9997
285 0
286 9999
303 9995
304 9999
305 9996
306 9999
308 6491
309 31
316 0
317 9999
342 9974
343 9999
346 9999
347 9999
353 0
354 9999
355 110
356 9999
373 9995
374 9999
379 9999
380 9953
382 49
383 9999
389 0
39 0
390 9999
40 9995
401 1308
402 9999
405 0
406 9999
435 0
436 9999
44 9999
45 7
46 0
47 9967
476 9999
477 9996
484 0
485 58
51 7
52 9999
533 972
534 9
536 9440
537 9937
567 847
568 9999
629 0
630 9997
648 9966
649 9998
650 8817
651 9999
661 1112
662 9999
663 4
664 9999
669 7
670 9997
671 407
672 9999
686 6414
687 0
74 9674
75 9999
84 7
85 9999
87 9999
88 33
98 7
99 9999
100 0
101 9997
105 7
106 9999
133 9996
134 9999
135 0
136 9999
138 9999
139 9996
151 92
152 9999
163 0
164 9999
167 1185
168 9999
177 1172
178 9999
200 607
201 9999
205 0
206 9576
222 6
223 9999
225 0
226 9972
228 9584
229 9187
238 0
239 9435
247 0
248 9999
260 969
261 9999
278 9974
279 9997
285 0
286 9999
303 9995
304 9999
305 9996
306 9999
308 6491
309 31
316 0
317 9999
342 9974
343 9999
346 9999
347 9999
353 0
354 9999
355 110
356 9999
373 9995
374 9999
379 9999
380 9953
382 49
383 9999
389 0
39 0
390 9999
40 9995
401 1308
402 9999
405 0
406 9999
435 0
436 9999
44 9999
45 7
46 0
47 9967
476 9999
477 9996
484 0
485 58
51 7
52 9999
533 972
534 9
536 9440
537 9937
567 847
568 9999
629 0
630 9997
648 9966
649 9998
650 8817
651 9999
661 1112
662 9999
663 4
664 9999
669 7
670 9997
671 407
672 9999
686 6414
687 0
74 9674
75 9999
84 7
85 9999
87 9999
88 33
98 7
99 9999
0 0
1 0
10 0
100 0
101 0
102 0
103 0
104 0
105 0
106 0
107 0
108 0
109 0
11 0
110 0
111 0
112 0
113 0
114 0
115 0
116 0
117 0
118 0
119 0
12 0
120 0
121 0
122 0
123 0
124 0
125 0
126 0
127 0
128 0
129 0
13 0
130 0
131 0
132 0
133 0
134 0
135 0
136 0
137 0
138 0
139 0
14 0
140 0
141 0
142 0
143 0
144 0
145 0
146 0
147 0
148 0
149 0
15 0
150 0
151 0
152 0
153 0
154 0
155 0
156 0
157 0
158 0
159 0
16 0
160 0
161 0
162 0
163 0
164 0
165 0
166 0
167 0
168 0
169 0
17 0
170 0
171 0
172 0
173 0
174 0
175 0
176 0
177 0
178 0
179 0
18 0
180 0
181 0
182 0
183 0
184 0
185 0
186 0
187 0
188 0
189 0
19 0
190 0
191 0
192 0
193 0
194 0
195 0
196 0
197 0
198 0
199 0
2 0
20 0
200 0
201 0
202 0
203 0
204 0
205 0
206 0
207 0
208 0
209 0
21 0
210 0
211 0
212 0
213 0
214 0
215 0
216 0
217 0
218 0
219 0
22 0
220 0
221 0
222 0
223 0
224 0
225 0
226 0
227 0
228 0
229 0
23 0
230 0
231 0
232 0
233 0
234 0
235 0
236 0
237 0
238 0
239 0
24 0
240 0
241 0
242 0
243 0
244 0
245 0
246 0
247 0
248 0
249 0
25 0
250 0
251 0
252 0
253 0
254 0
255 0
256 0
257 0
258 0
259 0
26 0
260 0
261 0
262 0
263 0
264 0
265 0
266 0
267 0
268 0
269 0
27 0
270 0
271 0
272 0
273 0
274 0
275 0
276 0
277 0
278 0
279 0
28 0
280 0
281 0
282 0
283 0
284 0
285 0
286 0
287 0
288 0
289 0
29 0
290 0
291 0
292 0
293 0
294 0
295 0
296 0
297 0
298 0
299 0
3 0
30 0
300 0
301 0
302 0
303 0
304 0
305 0
306 0
307 0
308 0
309 0
31 0
310 0
311 0
312 0
313 0
314 0
315 0
316 0
317 0
318 0
319 0
32 0
320 0
321 0
322 0
323 0
324 0
325 0
326 0
327 0
328 0
329 0
33 0
330 0
331 0
332 0
333 0
334 0
335 0
336 0
337 0
338 0
339 0
34 0
340 0
341 0
342 0
343 0
344 0
345 0
346 0
347 0
348 0
349 0
35 0
350 0
351 0
352 0
353 0
354 0
355 0
356 0
357 0
358 0
359 0
36 0
360 0
361 0
362 0
363 0
364 0
365 0
366 0
367 0
368 0
369 0
37 0
370 0
371 0
372 0
373 0
374 0
375 0
376 0
377 0
378 0
379 0
38 0
380 0
381 0
382 0
383 0
384 0
385 0
386 0
387 0
388 0
389 0
39 0
390 0
391 0
392 0
393 0
394 0
395 0
396 0
397 0
398 0
399 0
4 0
40 0
400 0
401 0
402 0
403 0
404 0
405 0
406 0
407 0
408 0
409 0
41 0
410 0
411 0
412 0
413 0
414 0
415 0
416 0
417 0
418 0
419 0
42 0
420 0
421 0
422 0
423 0
424 0
425 0
426 0
427 0
428 0
429 0
43 0
430 0
431 0
432 0
433 0
434 0
435 0
436 0
437 0
438 0
439 0
44 0
440 0
441 0
442 0
443 0
444 0
445 0
446 0
447 0
448 0
449 0
45 0
450 0
451 0
452 0
453 0
454 0
455 0
456 0
457 0
458 0
459 0
46 0
460 0
461 0
462 0
463 0
464 0
465 0
466 0
467 0
468 0
469 0
47 0
470 0
471 0
472 0
473 0
474 0
475 0
476 0
477 0
478 0
479 0
48 0
480 0
481 0
482 0
483 0
484 0
485 0
486 0
487 0
488 0
489 0
49 0
490 0
491 0
492 0
493 0
494 0
495 0
496 0
497 0
498 0
499 0
5 0
50 0
500 0
501 0
502 0
503 0
504 0
505 0
506 0
507 0
508 0
509 0
51 0
510 0
511 0
512 0
513 0
514 0
515 0
52 0
53 0
54 0
55 0
56 0
57 0
58 0
59 0
6 0
60 0
61 0
62 0
63 0
64 0
65 0
66 0
67 0
68 0
69 0
7 0
70 0
71 0
72 0
73 0
74 0
75 0
76 0
77 0
78 0
79 0
8 0
80 0
81 0
82 0
83 0
84 0
85 0
86 0
87 0
88 0
89 0
9 0
90 0
91 0
92 0
93 0
94 0
95 0
96 0
97 0
98 0
99 0
0 0
1 0
10 0
100 0
101 0
102 0
103 0
104 0
105 0
106 0
107 0
108 0
109 0
11 0
110 0
111 0
112 0
113 0
114 0
115 0
116 0
117 0
118 0
119 0
12 0
120 0
121 0
122 0
123 0
124 0
125 0
126 0
127 0
128 0
129 0
13 0
130 0
131 0
132 0
133 0
134 0
135 0
136 0
137 0
138 0
139 0
14 0
140 0
141 0
142 0
143 0
144 0
145 0
146 0
147 0
148 0
149 0
15 0
150 0
151 0
152 0
153 0
154 0
155 0
156 0
157 0
158 0
159 0
16 0
160 0
161 0
162 0
163 0
164 0
165 0
166 0
167 0
168 0
169 0
17 0
170 0
171 0
172 0
173 0
174 0
175 0
176 0
177 0
178 0
179 0
18 0
180 0
181 0
182 0
183 0
184 0
185 0
186 0
187 0
188 0
189 0
19 0
190 0
191 0
192 0
193 0
194 0
195 0
196 0
197 0
198 0
199 0
2 0
20 0
200 0
201 0
202 0
203 0
204 0
205 0
206 0
207 0
208 0
209 0
21 0
210 0
211 0
212 0
213 0
214 0
215 0
216 0
217 0
218 0
219 0
22 0
220 0
221 0
222 0
223 0
224 0
225 0
226 0
227 0
228 0
229 0
23 0
230 0
231 0
232 0
233 0
234 0
235 0
236 0
237 0
238 0
239 0
24 0
240 0
241 0
242 0
243 0
244 0
245 0
246 0
247 0
248 0
249 0
25 0
250 0
251 0
252 0
253 0
254 0
255 0
256 0
257 0
258 0
259 0
26 0
260 0
261 0
262 0
263 0
264 0
265 0
266 0
267 0
268 0
269 0
27 0
270 0
271 0
272 0
273 0
274 0
275 0
276 0
277 0
278 0
279 0
28 0
280 0
281 0
282 0
283 0
284 0
285 0
286 0
287 0
288 0
289 0
29 0
290 0
291 0
292 0
293 0
294 0
295 0
296 0
297 0
298 0
299 0
3 0
30 0
300 0
301 0
302 0
303 0
304 0
305 0
306 0
307 0
308 0
309 0
31 0
310 0
311 0
312 0
313 0
314 0
315 0
316 0
317 0
318 0
319 0
32 0
320 0
321 0
322 0
323 0
324 0
325 0
326 0
327 0
328 0
329 0
33 0
330 0
331 0
332 0
333 0
334 0
335 0
336 0
337 0
338 0
339 0
34 0
340 0
341 0
342 0
343 0
344 0
345 0
346 0
347 0
348 0
349 0
35 0
350 0
351 0
352 0
353 0
354 0
355 0
356 0
357 0
358 0
359 0
36 0
360 0
361 0
362 0
363 0
364 0
365 0
366 0
367 0
368 0
369 0
37 0
370 0
371 0
372 0
373 0
374 0
375 0
376 0
377 0
378 0
379 0
38 0
380 0
381 0
382 0
383 0
384 0
385 0
386 0
387 0
388 0
389 0
39 0
390 0
391 0
392 0
393 0
394 0
395 0
396 0
397 0
398 0
399 0
4 0
40 0
400 0
401 0
402 0
403 0
404 0
405 0
406 0
407 0
408 0
409 0
41 0
410 0
411 0
412 0
413 0
414 0
415 0
416 0
417 0
418 0
419 0
42 0
420 0
421 0
422 0
423 0
424 0
425 0
426 0
427 0
428 0
429 0
43 0
430 0
431 0
432 0
433 0
434 0
435 0
436 0
437 0
438 0
439 0
44 0
440 0
441 0
442 0
443 0
444 0
445 0
446 0
447 0
448 0
449 0
45 0
450 0
451 0
452 0
453 0
454 0
455 0
456 0
457 0
458 0
459 0
46 0
460 0
461 0
462 0
463 0
464 0
465 0
466 0
467 0
468 0
469 0
47 0
470 0
471 0
472 0
473 0
474 0
475 0
476 0
477 0
478 0
479 0
48 0
480 0
481 0
482 0
483 0
484 0
485 0
486 0
487 0
488 0
489 0
49 0
490 0
491 0
492 0
493 0
494 0
495 0
496 0
497 0
498 0
499 0
5 0
50 0
500 0
501 0
502 0
503 0
504 0
505 0
506 0
507 0
508 0
509 0
51 0
510 0
511 0
512 0
513 0
514 0
515 0
52 0
53 0
54 0
55 0
56 0
57 0
58 0
59 0
6 0
60 0
61 0
62 0
63 0
64 0
65 0
66 0
67 0
68 0
69 0
7 0
70 0
71 0
72 0
73 0
74 0
75 0
76 0
77 0
78 0
79 0
8 0
80 0
81 0
82 0
83 0
84 0
85 0
86 0
87 0
88 0
89 0
9 0
90 0
91 0
92 0
93 0
94 0
95 0
96 0
97 0
98 0
99 0
0 0
1 0
10 0
100 0
101 0
102 0
103 0
104 0
105 0
106 0
107 0
108 0
109 0
11 0
110 0
111 0
112 0
113 0
114 0
115 0
116 0
117 0
118 0
119 0
12 0
120 0
121 0
122 0
123 0
124 0
125 0
126 0
127 0
128 0
129 0
13 0
130 0
131 0
132 0
133 0
134 0
135 0
136 0
137 0
138 0
139 0
14 0
140 0
141 0
142 0
143 0
144 0
145 0
146 0
147 0
148 0
149 0
15 0
150 0
151 0
152 0
153 0
154 0
155 0
156 0
157 0
158 0
159 0
16 0
160 0
161 0
162 0
163 0
164 0
165 0
166 0
167 0
168 0
169 0
17 0
170 0
171 0
172 0
173 0
174 0
175 0
176 0
177 0
178 0
179 0
18 0
180 0
181 0
182 0
183 0
184 0
185 0
186 0
187 0
188 0
189 0
19 0
190 0
191 0
192 0
193 0
194 0
195 0
196 0
197 0
198 0
199 0
2 0
20 0
200 0
201 0
202 0
203 0
204 0
205 0
206 0
207 0
208 0
209 0
21 0
210 0
211 0
212 0
213 0
214 0
215 0
216 0
217 0
218 0
219 0
22 0
220 0
221 0
222 0
223 0
224 0
225 0
226 0
227 0
228 0
229 0
23 0
230 0
231 0
232 0
233 0
234 0
235 0
236 0
237 0
238 0
239 0
24 0
240 0
241 0
242 0
243 0
244 0
245 0
246 0
247 0
248 0
249 0
25 0
250 0
251 0
252 0
253 0
254 0
255 0
256 0
257 0
258 0
259 0
26 0
260 0
261 0
262 0
263 0
264 0
265 0
266 0
267 0
268 0
269 0
27 0
270 0
271 0
272 0
273 0
274 0
275 0
276 0
277 0
278 0
279 0
28 0
280 0
281 0
282 0
283 0
284 0
285 0
286 0
287 0
288 0
289 0
29 0
290 0
291 0
292 0
293 0
294 0
295 0
296 0
297 0
298 0
299 0
3 0
30 0
300 0
301 0
302 0
303 0
304 0
305 0
306 0
307 0
308 0
309 0
31 0
310 0
311 0
312 0
313 0
314 0
315 0
316 0
317 0
318 0
319 0
32 0
320 0
321 0
322 0
323 0
324 0
325 0
326 0
327 0
328 0
329 0
33 0
330 0
331 0
332 0
333 0
334 0
335 0
336 0
337 0
338 0
339 0
34 0
340 0
341 0
342 0
343 0
344 0
345 0
346 0
347 0
348 0
349 0
35 0
350 0
351 0
352 0
353 0
354 0
355 0
356 0
357 0
358 0
359 0
36 0
360 0
361 0
362 0
363 0
364 0
365 0
366 0
367 0
368 0
369 0
37 0
370 0
371 0
372 0
373 0
374 0
375 0
376 0
377 0
378 0
379 0
38 0
380 0
381 0
382 0
383 0
384 0
385 0
386 0
387 0
388 0
389 0
39 0
390 0
391 0
392 0
393 0
394 0
395 0
396 0
397 0
398 0
399 0
4 0
40 0
400 0
401 0
402 0
403 0
404 0
405 0
406 0
407 0
408 0
409 0
41 0
410 0
411 0
412 0
413 0
414 0
415 0
416 0
417 0
418 0
419 0
42 0
420 0
421 0
422 0
423 0
424 0
425 0
426 0
427 0
428 0
429 0
43 0
430 0
431 0
432 0
433 0
434 0
435 0
436 0
437 0
438 0
439 0
44 0
440 0
441 0
442 0
443 0
444 0
445 0
446 0
447 0
448 0
449 0
45 0
450 0
451 0
452 0
453 0
454 0
455 0
456 0
457 0
458 0
459 0
46 0
460 0
461 0
462 0
463 0
464 0
465 0
466 0
467 0
468 0
469 0
47 0
470 0
471 0
472 0
473 0
474 0
475 0
476 0
477 0
478 0
479 0
48 0
480 0
481 0
482 0
483 0
484 0
485 0
486 0
487 0
488 0
489 0
49 0
490 0
491 0
492 0
493 0
494 0
495 0
496 0
497 0
498 0
499 0
5 0
50 0
500 0
501 0
502 0
503 0
504 0
505 0
506 0
507 0
508 0
509 0
51 0
510 0
511 0
512 0
513 0
514 0
515 0
52 0
53 0
54 0
55 0
56 0
57 0
58 0
59 0
6 0
60 0
61 0
62 0
63 0
64 0
65 0
66 0
67 0
68 0
69 0
7 0
70 0
71 0
72 0
73 0
74 0
75 0
76 0
77 0
78 0
79 0
8 0
80 0
81 0
82 0
83 0
84 0
85 0
86 0
87 0
88 0
89 0
9 0
90 0
91 0
92 0
93 0
94 0
95 0
96 0
97 0
98 0
99 0
0 0
1 0
10 0
100 0
101 0
102 0
103 0
104 0
105 0
106 0
107 0
108 0
109 0
11 0
110 0
111 0
112 0
113 0
114 0
115 0
116 0
117 0
118 0
119 0
12 0
120 0
121 0
122 0
123 0
124 0
125 0
126 0
127 0
128 0
129 0
13 0
130 0
131 0
132 0
133 0
134 0
135 0
136 0
137 0
138 0
139 0
14 0
140 0
141 0
142 0
143 0
144 0
145 0
146 0
147 0
148 0
149 0
15 0
150 0
151 0
152 0
153 0
154 0
155 0
156 0
157 0
158 0
159 0
16 0
160 0
161 0
162 0
163 0
164 0
165 0
166 0
167 0
168 0
169 0
17 0
170 0
171 0
172 0
173 0
174 0
175 0
176 0
177 0
178 0
179 0
18 0
180 0
181 0
182 0
183 0
184 0
185 0
186 0
187 0
188 0
189 0
19 0
190 0
191 0
192 0
193 0
194 0
195 0
196 0
197 0
198 0
199 0
2 0
20 0
200 0
201 0
202 0
203 0
204 0
205 0
206 0
207 0
208 0
209 0
21 0
210 0
211 0
212 0
213 0
214 0
215 0
216 0
217 0
218 0
219 0
22 0
220 0
221 0
222 0
223 0
224 0
225 0
226 0
227 0
228 0
229 0
23 0
230 0
231 0
232 0
233 0
234 0
235 0
236 0
237 0
238 0
239 0
24 0
240 0
241 0
242 0
243 0
244 0
245 0
246 0
247 0
248 0
249 0
25 0
250 0
251 0
252 0
253 0
254 0
255 0
256 0
257 0
258 0
259 0
26 0
260 0
261 0
262 0
263 0
264 0
265 0
266 0
267 0
268 0
269 0
27 0
270 0
271 0
272 0
273 0
274 0
275 0
276 0
277 0
278 0
279 0
28 0
280 0
281 0
282 0
283 0
284 0
285 0
286 0
287 0
288 0
289 0
29 0
290 0
291 0
292 0
293 0
294 0
295 0
296 0
297 0
298 0
299 0
3 0
30 0
300 0
301 0
302 0
303 0
304 0
305 0
306 0
307 0
308 0
309 0
31 0
310 0
311 0
312 0
313 0
314 0
315 0
316 0
317 0
318 0
319 0
32 0
320 0
321 0
322 0
323 0
324 0
325 0
326 0
327 0
328 0
329 0
33 0
330 0
331 0
332 0
333 0
334 0
335 0
336 0
337 0
338 0
339 0
34 0
340 0
341 0
342 0
343 0
344 0
345 0
346 0
347 0
348 0
349 0
35 0
350 0
351 0
352 0
353 0
354 0
355 0
356 0
357 0
358 0
359 0
36 0
360 0
361 0
362 0
363 0
364 0
365 0
366 0
367 0
368 0
369 0
37 0
370 0
371 0
372 0
373 0
374 0
375 0
376 0
377 0
378 0
379 0
38 0
380 0
381 0
382 0
383 0
384 0
385 0
386 0
387 0
388 0
389 0
39 0
390 0
391 0
392 0
393 0
394 0
395 0
396 0
397 0
398 0
399 0
4 0
40 0
400 0
401 0
402 0
403 0
404 0
405 0
406 0
407 0
408 0
409 0
41 0
410 0
411 0
412 0
413 0
414 0
415 0
416 0
417 0
418 0
419 0
42 0
420 0
421 0
422 0
423 0
424 0
425 0
426 0
427 0
428 0
429 0
43 0
430 0
431 0
432 0
433 0
434 0
435 0
436 0
437 0
438 0
439 0
44 0
440 0
441 0
442 0
443 0
444 0
445 0
446 0
447 0
448 0
449 0
45 0
450 0
451 0
452 0
453 0
454 0
455 0
456 0
457 0
458 0
459 0
46 0
460 0
461 0
462 0
463 0
464 0
465 0
466 0
467 0
468 0
469 0
47 0
470 0
471 0
472 0
473 0
474 0
475 0
476 0
477 0
478 0
479 0
48 0
480 0
481 0
482 0
483 0
484 0
485 0
486 0
487 0
488 0
489 0
49 0
490 0
491 0
492 0
493 0
494 0
495 0
496 0
497 0
498 0
499 0
5 0
50 0
500 0
501 0
502 0
503 0
504 0
505 0
506 0
507 0
508 0
509 0
51 0
510 0
511 0
512 0
513 0
514 0
515 0
516 0
517 0
518 0
519 0
52 0
520 0
521 0
522 0
523 0
524 0
525 0
526 0
527 0
53 0
54 0
55 0
56 0
57 0
58 0
59 0
6 0
60 0
61 0
62 0
63 0
64 0
65 0
66 0
67 0
68 0
69 0
7 0
70 0
71 0
72 0
73 0
74 0
75 0
76 0
77 0
78 0
79 0
8 0
80 0
81 0
82 0
83 0
84 0
85 0
86 0
87 0
88 0
89 0
9 0
90 0
91 0
92 0
93 0
94 0
95 0
96 0
97 0
98 0
99 0
0 0
1 0
10 0
100 0
101 0
102 0
103 0
104 0
105 0
106 0
107 0
108 0
109 0
11 0
110 0
111 0
112 0
113 0
114 0
115 0
116 0
117 0
118 0
119 0
12 0
120 0
121 0
122 0
123 0
124 0
125 0
126 0
127 0
128 0
129 0
13 0
130 0
131 0
132 0
133 0
134 0
135 0
136 0
137 0
138 0
139 0
14 0
140 0
141 0
142 0
143 0
144 0
145 0
146 0
147 0
148 0
149 0
15 0
150 0
151 0
152 0
153 0
154 0
155 0
156 0
157 0
158 0
159 0
16 0
160 0
161 0
162 0
163 0
164 0
165 0
166 0
167 0
168 0
169 0
17 0
170 0
171 0
172 0
173 0
174 0
175 0
176 0
177 0
178 0
179 0
18 0
180 0
181 0
182 0
183 0
184 0
185 0
186 0
187 0
188 0
189 0
19 0
190 0
191 0
192 0
193 0
194 0
195 0
196 0
197 0
198 0
199 0
2 0
20 0
200 0
201 0
202 0
203 0
204 0
205 0
206 0
207 0
208 0
209 0
21 0
210 0
211 0
212 0
213 0
214 0
215 0
216 0
217 0
218 0
219 0
22 0
220 0
221 0
222 0
223 0
224 0
225 0
226 0
227 0
228 0
229 0
23 0
230 0
231 0
232 0
233 0
234 0
235 0
236 0
237 0
238 0
239 0
24 0
240 0
241 0
242 0
243 0
244 0
245 0
246 0
247 0
248 0
249 0
25 0
250 0
251 0
252 0
253 0
254 0
255 0
256 0
257 0
258 0
259 0
26 0
260 0
261 0
262 0
263 0
264 0
265 0
266 0
267 0
268 0
269 0
27 0
270 0
271 0
272 0
273 0
274 0
275 0
276 0
277 0
278 0
279 0
28 0
280 0
281 0
282 0
283 0
284 0
285 0
286 0
287 0
288 0
289 0
29 0
290 0
291 0
292 0
293 0
294 0
295 0
296 0
297 0
298 0
299 0
3 0
30 0
300 0
301 0
302 0
303 0
304 0
305 0
306 0
307 0
308 0
309 0
31 0
310 0
311 0
312 0
313 0
314 0
315 0
316 0
317 0
318 0
319 0
32 0
320 0
321 0
322 0
323 0
324 0
325 0
326 0
327 0
328 0
329 0
33 0
330 0
331 0
332 0
333 0
334 0
335 0
336 0
337 0
338 0
339 0
34 0
340 0
341 0
342 0
343 0
344 0
345 0
346 0
347 0
348 0
349 0
35 0
350 0
351 0
352 0
353 0
354 0
355 0
356 0
357 0
358 0
359 0
36 0
360 0
361 0
362 0
363 0
364 0
365 0
366 0
367 0
368 0
369 0
37 0
370 0
371 0
372 0
373 0
374 0
375 0
376 0
377 0
378 0
379 0
38 0
380 0
381 0
382 0
383 0
384 0
385 0
386 0
387 0
388 0
389 0
39 0
390 0
391 0
392 0
393 0
394 0
395 0
396 0
397 0
398 0
399 0
4 0
40 0
400 0
401 0
402 0
403 0
404 0
405 0
406 0
407 0
408 0
409 0
41 0
410 0
411 0
412 0
413 0
414 0
415 0
416 0
417 0
418 0
419 0
42 0
420 0
421 0
422 0
423 0
424 0
425 0
426 0
427 0
428 0
429 0
43 0
430 0
431 0
432 0
433 0
434 0
435 0
436 0
437 0
438 0
439 0
44 0
440 0
441 0
442 0
443 0
444 0
445 0
446 0
447 0
448 0
449 0
45 0
450 0
451 0
452 0
453 0
454 0
455 0
456 0
457 0
458 0
459 0
46 0
460 0
461 0
462 0
463 0
464 0
465 0
466 0
467 0
468 0
469 0
47 0
470 0
471 0
472 0
473 0
474 0
475 0
476 0
477 0
478 0
479 0
48 0
480 0
481 0
482 0
483 0
484 0
485 0
486 0
487 0
488 0
489 0
49 0
490 0
491 0
492 0
493 0
494 0
495 0
496 0
497 0
498 0
499 0
5 0
50 0
500 0
501 0
502 0
503 0
504 0
505 0
506 0
507 0
508 0
509 0
51 0
510 0
511 0
512 0
513 0
514 0
515 0
52 0
53 0
54 0
55 0
56 0
57 0
58 0
59 0
6 0
60 0
61 0
62 0
63 0
64 0
65 0
66 0
67 0
68 0
69 0
7 0
70 0
71 0
72 0
73 0
74 0
75 0
76 0
77 0
78 0
79 0
8 0
80 0
81 0
82 0
83 0
84 0
85 0
86 0
87 0
88 0
89 0
9 0
90 0
91 0
92 0
93 0
94 0
95 0
96 0
97 0
98 0
99 0
111 0
112 0
115 0
116 0
132 0
133 0
135 0
136 0
153 0
154 0
169 0
170 0
175 0
176 0
178 0
179 0
18 0
19 0
190 0
191 0
197 0
198 0
228 0
229 0
243 0
244 0
252 0
253 0
258 0
259 0
268 0
269 0
274 0
275 0
28 0
286 0
287 0
29 0
3 0
301 0
302 0
31 0
318 0
319 0
32 0
34 0
346 0
347 0
35 0
353 0
354 0
357 0
358 0
36 0
37 0
375 0
376 0
379 0
380 0
385 0
386 0
39 0
391 0
392 0
4 0
40 0
408 0
409 0
417 0
418 0
42 0
43 0
458 0
459 0
477 0
478 0
491 0
492 0
497 0
498 0
507 0
508 0
519 0
520 0
53 0
54 0
546 0
547 0
566 0
567 0
572 0
573 0
577 0
578 0
580 0
581 0
583 0
584 0
611 0
612 0
623 0
624 0
625 0
626 0
639 0
640 0
679 0
680 0
684 0
685 0
698 0
699 0
702 0
703 0
713 0
714 0
719 0
720 0
78 0
79 0
84 0
85 0
111 12
112 473
115 473
116 453
132 203
133 467
135 467
136 464
153 0
154 45
169 125
170 460
175 417
176 459
178 0
179 458
18 416
19 488
190 47
191 457
197 456
198 455
228 0
229 387
243 24
244 452
252 0
253 56
258 24
259 451
268 451
269 451
274 449
275 13
28 3
286 448
287 413
29 486
3 10
301 0
302 447
31 103
318 445
319 445
32 486
34 484
346 0
347 1
35 462
353 371
354 393
357 443
358 443
36 467
37 484
375 440
376 442
379 4
380 442
385 441
386 432
39 209
391 0
392 433
4 494
40 69
408 420
409 440
417 0
418 130
42 475
43 465
458 0
459 61
477 0
478 26
491 0
492 182
497 0
498 51
507 128
508 436
519 432
520 400
53 0
54 473
546 0
547 433
566 434
567 0
572 434
573 434
577 434
578 434
580 11
581 434
583 433
584 4
611 157
612 434
623 408
624 399
625 433
626 434
639 380
640 434
679 402
680 431
684 191
685 431
698 19
699 431
702 404
703 124
713 431
714 431
719 431
720 431
78 474
79 5
84 6
85 474
10 999
102 502
103 993
108 999
109 15
110 925
111 999
113 1
114 999
119 0
12 0
120 13
125 0
126 999
129 55
13 999
130 999
141 873
142 999
148 999
149 999
15 102
16 999
160 999
161 999
162 12
163 999
165 999
166 865
17 999
172 193
173 999
175 999
176 149
18 999
182 0
183 0
193 998
194 999
198 999
199 999
211 998
212 989
214 1
215 999
230 875
231 999
237 183
238 999
240 994
241 999
247 3
248 999
258 0
259 999
265 992
266 999
269 963
270 999
277 924
278 999
280 900
281 999
294 978
295 999
296 912
297 999
299 0
300 999
311 992
312 999
314 1
315 999
318 981
319 999
335 999
336 999
340 11
341 999
343 999
344 991
357 147
358 999
364 0
365 13
367 0
368 999
384 999
385 999
393 939
394 999
395 905
396 999
4 4
400 999
401 999
412 2
413 999
415 999
416 999
422 0
423 356
437 0
438 136
440 2
441 999
453 999
454 999
463 999
464 999
466 15
467 999
47 999
477 999
478 998
48 102
481 999
482 0
484 12
485 999
490 901
491 999
5 999
505 1
506 999
518 924
519 15
524 999
525 999
537 0
538 999
540 167
541 999
546 3
547 999
549 993
550 997
562 997
563 999
567 1
568 999
571 999
572 11
576 1
577 999
580 999
581 999
582 125
583 999
589 0
590 989
595 879
596 921
607 503
608 999
617 943
618 999
632 1
633 999
640 0
641 1
642 0
643 999
68 0
69 4
77 999
78 999
81 881
82 999
83 25
84 999
86 999
87 999
89 182
9 0
90 999
10 999
102 502
103 993
108 999
109 15
110 925
111 999
113 1
114 999
119 0
12 0
120 13
125 0
126 999
129 55
13 999
130 999
141 873
142 999
148 999
149 999
15 102
16 999
160 999
161 999
162 12
163 999
165 999
166 865
17 999
172 193
173 999
175 999
176 149
18 999
182 0
183 0
193 998
194 999
198 999
199 999
211 998
212 989
214 1
215 999
230 875
231 999
237 183
238 999
240 994
241 999
247 3
248 999
258 0
259 999
265 992
266 999
269 963
270 999
277 924
278 999
280 900
281 999
294 978
295 999
296 912
297 999
299 0
300 999
311 992
312 999
314 1
315 999
318 981
319 999
335 999
336 999
340 11
341 999
343 999
344 991
357 147
358 999
364 0
365 13
367 0
368 999
384 999
385 999
393 939
394 999
395 905
396 999
4 4
400 999
401 999
412 2
413 999
415 999
416 999
422 0
423 356
437 0
438 136
440 2
441 999
453 999
454 999
463 999
464 999
466 15
467 999
47 999
477 999
478 998
48 102
481 999
482 0
484 12
485 999
490 901
491 999
5 999
505 1
506 999
518 924
519 15
524 999
525 999
537 0
538 999
540 167
541 999
546 3
547 999
549 993
550 997
562 997
563 999
567 1
568 999
571 999
572 11
576 1
577 999
580 999
581 999
582 125
583 999
589 0
590 989
595 879
596 921
607 503
608 999
617 943
618 999
632 1
633 999
640 0
641 1
642 0
643 999
68 0
69 4
77 999
78 999
81 881
82 999
83 25
84 999
86 999
87 999
89 182
9 0
90 999
101 2
102 980
104 847
105 980
107 978
108 977
109 0
11 993
110 979
111 1
112 980
12 993
121 980
122 980
127 0
128 977
13 0
137 32
138 980
14 993
141 1
142 976
144 980
145 783
147 30
148 980
152 0
153 980
16 1
161 980
162 980
17 992
172 965
173 980
175 968
176 980
179 980
18 1
180 980
182 3
183 980
187 0
188 978
189 43
19 992
190 979
195 807
196 979
20 159
206 971
207 979
21 992
211 979
212 977
218 977
219 976
232 0
233 976
24 8
25 992
251 36
252 973
257 824
258 972
265 0
266 972
269 972
270 0
289 0
290 965
291 2
292 972
299 84
300 972
306 149
307 972
312 0
313 52
319 13
320 971
322 967
323 971
334 0
335 969
34 30
342 969
343 969
345 969
346 969
35 991
353 969
354 969
358 959
359 946
363 24
364 969
37 975
371 865
372 969
377 969
378 969
38 991
392 969
393 295
409 0
410 959
423 553
424 968
428 109
429 968
439 966
440 967
449 967
45 37
450 967
451 79
452 967
455 0
456 965
46 991
461 175
462 964
467 0
468 15
470 824
471 889
480 0
481 914
483 915
484 779
486 963
487 963
501 961
502 185
510 960
511 960
512 19
513 960
52 0
53 991
533 16
534 960
535 0
536 960
537 960
538 960
554 960
555 958
56 2
562 0
563 960
566 960
567 960
568 3
569 960
57 990
575 849
576 959
577 958
578 959
581 959
582 959
591 918
592 958
596 15
597 958
599 783
60 989
600 958
603 12
604 958
61 990
610 0
611 957
612 957
613 957
614 22
615 957
632 956
633 956
639 763
640 956
641 290
642 956
66 6
67 988
72 987
73 33
8 994
80 218
81 985
85 2
86 984
9 993
92 0
93 982
10 999
102 502
103 993
108 999
109 15
110 925
111 999
113 1
114 999
119 0
12 0
120 13
125 0
126 999
129 55
13 999
130 999
141 873
142 999
148 999
149 999
15 102
16 999
160 999
161 999
162 12
163 999
165 999
166 865
17 999
172 193
173 999
175 999
176 149
18 999
182 0
183 0
193 998
194 999
198 999
199 999
211 998
212 989
214 1
215 999
230 875
231 999
237 183
238 999
240 994
241 999
247 3
248 999
258 0
259 999
265 992
266 999
269 963
270 999
277 924
278 999
280 900
281 999
294 978
295 999
296 912
297 999
299 0
300 999
311 992
312 999
314 1
315 999
318 981
319 999
335 999
336 999
340 11
341 999
343 999
344 991
357 147
358 999
364 0
365 13
367 0
368 999
384 999
385 999
393 939
394 999
395 905
396 999
4 4
400 999
401 999
412 2
413 999
415 999
416 999
422 0
423 356
437 0
438 136
440 2
441 999
453 999
454 999
463 999
464 999
466 15
467 999
47 999
477 999
478 998
48 102
481 999
482 0
484 12
485 999
490 901
491 999
5 999
505 1
506 999
518 924
519 15
524 999
525 999
537 0
538 999
540 167
541 999
546 3
547 999
549 993
550 997
562 997
563 999
567 1
568 999
571 999
572 11
576 1
577 999
580 999
581 999
582 125
583 999
589 0
590 989
595 879
596 921
607 503
608 999
617 943
618 999
632 1
633 999
640 0
641 1
642 0
643 999
68 0
69 4
77 999
78 999
81 881
82 999
83 25
84 999
86 999
87 999
89 182
9 0
90 999
10 988
108 992
109 972
11 999
126 218
127 999
128 0
129 997
133 0
134 999
139 992
140 999
157 16
158 999
171 24
172 999
18 0
187 0
188 999
19 992
203 0
204 998
208 0
209 999
215 1
216 999
217 0
218 999
220 999
221 19
236 998
237 999
248 0
249 75
255 0
256 999
280 922
281 999
283 219
284 992
308 856
309 992
327 2
328 999
352 0
353 953
360 0
361 953
410 0
411 998
422 999
423 999
424 860
425 999
435 999
436 29
445 0
446 998
454 0
455 999
480 990
481 999
483 987
484 998
487 0
488 999
495 19
496 999
498 2
499 995
505 0
506 993
508 999
509 998
529 999
530 934
532 5
533 999
537 952
538 999
540 993
541 135
548 148
549 999
550 936
551 999
624 0
625 999
641 0
642 10
643 0
644 999
664 953
665 202
666 148
667 999
668 999
669 999
676 673
677 953
698 135
699 999
7 999
708 0
709 992
717 999
718 996
78 12
79 999
8 985
81 19
82 999
102 499
103 499
104 499
105 499
107 493
108 499
109 499
11 0
110 499
114 499
115 499
116 20
117 499
12 499
120 499
121 499
126 0
127 499
13 7
131 499
132 499
133 499
134 499
139 223
14 499
140 499
141 449
142 499
143 28
144 499
149 496
15 0
150 499
151 64
152 499
16 499
160 499
161 499
163 499
164 499
165 499
166 499
169 499
17 499
170 499
171 89
172 499
175 499
176 499
177 8
178 499
18 499
180 69
181 499
185 499
186 499
189 34
19 45
190 499
194 499
195 499
199 499
20 499
200 499
201 49
202 499
203 491
204 499
205 499
206 499
208 88
209 499
210 448
211 499
212 499
213 499
214 491
215 499
216 486
217 499
219 499
220 499
222 106
223 499
225 499
226 499
228 499
229 91
23 499
232 499
233 499
234 469
235 499
237 77
238 499
24 499
240 499
241 499
242 495
243 499
244 499
245 499
249 499
25 70
250 499
251 496
252 499
257 499
258 499
26 499
260 499
261 499
262 34
263 499
266 499
267 499
268 4
269 499
272 499
273 499
276 499
277 499
286 499
287 499
289 499
290 499
294 499
295 499
296 499
297 499
300 499
301 499
304 499
305 499
306 499
307 499
308 499
309 499
310 499
311 499
312 499
313 499
316 499
317 499
319 217
32 498
320 499
321 499
322 499
323 499
324 499
325 182
326 499
329 499
33 89
330 499
333 0
334 499
335 499
336 499
338 15
339 499
34 499
340 8
341 499
342 499
343 499
345 499
346 499
35 499
351 499
352 499
353 495
354 499
355 182
356 499
357 499
358 499
359 499
36 498
360 499
362 498
363 499
366 499
367 499
368 58
369 499
37 499
370 499
371 499
373 499
374 499
376 499
377 499
380 70
381 499
382 210
383 499
384 95
385 499
386 6
387 499
39 499
391 243
392 499
396 499
397 499
4 209
40 499
404 311
405 499
407 499
408 499
412 3
413 499
414 499
415 499
418 77
419 499
423 499
424 499
426 499
427 499
428 499
429 499
43 199
436 499
437 499
438 499
439 499
44 499
440 499
441 499
443 15
444 499
446 499
447 18
448 34
449 499
45 1
450 157
451 499
456 55
457 499
46 499
461 499
462 499
463 217
464 499
465 499
466 499
467 499
468 499
47 70
470 499
471 499
473 453
474 499
475 499
476 499
478 499
479 499
48 499
481 499
482 499
483 66
484 499
486 499
487 499
488 499
489 499
490 499
491 499
495 499
496 499
497 467
498 499
499 499
5 499
500 499
505 471
506 499
507 499
508 499
509 485
510 499
511 32
512 499
513 497
514 499
515 499
516 499
517 467
518 499
519 17
520 499
522 455
523 499
524 499
525 499
526 178
527 499
528 499
529 499
532 499
533 499
536 210
537 499
538 499
539 499
54 499
544 499
545 499
546 499
547 499
55 499
550 495
551 499
552 499
553 499
557 116
558 499
561 5
562 499
563 499
564 499
566 499
567 499
569 496
570 499
572 499
573 499
575 88
576 499
578 494
579 66
59 0
6 497
60 499
62 499
63 499
64 473
65 499
69 86
7 499
70 499
72 43
73 499
74 499
75 499
77 499
78 499
81 42
82 499
86 0
87 499
90 499
91 7
95 499
96 499
98 0
99 198
1 277
10 165
100 9994
101 9999
102 9910
103 9999
104 9973
105 9999
106 9969
107 9999
108 42
109 9999
11 9999
112 9999
113 9999
115 9955
116 9999
117 91
118 9999
119 57
12 9999
120 9999
121 9999
122 9999
123 9999
124 9999
125 9557
126 9999
127 9999
128 9999
129 0
13 9999
130 9993
131 17
132 9999
133 8837
134 9999
135 9999
136 9999
137 9999
138 9999
140 9999
141 9999
142 54
143 9999
144 9999
145 9999
146 6107
147 9999
150 9903
151 9983
152 1377
153 9999
154 31
155 9999
156 7423
157 9999
159 8474
16 8538
160 9999
162 9999
163 9999
165 9999
166 9953
167 6240
168 9999
169 9999
17 9999
170 9999
171 9999
172 9999
173 9945
174 9999
175 9999
176 9999
177 247
178 9999
18 6428
180 9999
181 9999
185 9999
186 9999
187 9982
188 9999
189 9999
19 9999
190 9999
191 9999
192 9999
194 9143
195 9999
199 14
2 9999
20 3
200 9999
202 1
203 9999
204 9999
205 9999
206 1042
207 9999
208 9992
209 9999
21 9999
210 9990
211 9999
212 1038
213 9999
214 9999
215 9999
217 9129
218 9999
219 9972
220 9999
222 9999
223 9999
224 9717
225 9999
226 9999
227 9999
228 9999
229 9999
232 9990
233 9999
234 9999
235 9999
238 9999
239 9999
240 9999
241 9999
243 8658
244 9999
246 9999
247 9551
25 8888
252 1129
253 9999
254 9997
255 9999
257 8062
258 9999
26 9999
262 885
263 9999
264 0
265 9999
266 967
267 9999
269 9999
27 9992
270 9999
272 9624
273 9999
276 9999
277 9999
278 6632
279 9999
28 9999
280 9999
281 9999
282 9999
283 9999
284 9999
285 9999
288 9999
289 9999
291 9999
292 9999
293 9999
294 9999
295 6051
296 9999
297 9999
298 9999
299 192
30 9679
300 9999
301 9992
302 9999
303 9999
304 9999
307 895
308 9999
309 9999
31 9999
310 9999
311 9999
312 9999
314 9999
315 9999
316 43
317 9999
32 1377
323 9999
324 9999
325 38
326 9999
327 9999
328 9999
329 9954
33 9999
330 9999
331 0
332 9999
333 9999
334 9999
336 8420
337 9999
338 6803
339 9999
342 9999
343 9999
344 786
345 9999
346 8955
347 9999
348 9757
349 9999
35 31
351 12
352 9999
353 9999
354 9999
355 9967
356 9999
357 9999
358 9999
359 9795
36 9999
360 9999
363 594
364 9999
368 9169
369 9999
37 700
370 9999
371 9999
372 838
373 9999
374 9999
375 9999
376 9999
377 9999
378 9529
379 9999
38 9999
380 187
381 9999
382 9999
383 9999
384 9046
385 9999
386 9999
387 9999
39 9999
392 5007
393 9999
394 4642
395 9999
396 9999
397 9999
398 253
399 9999
40 9999
401 9999
402 9999
404 9999
405 9999
407 6635
408 9999
409 29
41 858
410 9996
411 5032
412 9999
413 8802
414 9999
415 9913
416 9999
417 9925
418 9999
42 9999
424 9921
425 9999
426 9433
427 9999
429 710
430 9999
431 9999
432 9999
434 9892
435 9999
436 9999
437 9999
440 8585
441 9999
442 2
443 9999
444 1
445 9999
446 39
447 9999
448 14
449 9999
451 9999
452 9999
455 46
456 9999
457 9999
458 9999
459 9982
460 9999
461 9999
462 9999
463 9999
464 9999
465 6255
466 9999
470 166
471 9999
474 109
475 9999
477 9999
478 9999
48 9999
483 5
484 9999
485 9999
486 9999
49 9999
490 13
491 9999
492 9999
493 9999
494 9
495 9995
496 778
497 9999
499 9517
50 6309
500 9999
502 9971
503 9999
504 161
505 9999
508 9986
509 9999
51 9999
510 6791
511 9999
512 9999
513 9999
515 9998
516 9999
518 9998
519 9999
52 9999
520 51
521 9999
53 9999
56 3574
57 9999
59 9999
6 65
60 9999
61 9999
62 9999
64 3
65 9999
66 9946
67 9999
7 9999
70 37
71 9999
72 9999
73 9999
74 9999
75 9999
76 8915
77 9999
79 15
80 9999
81 9999
82 9999
85 9999
86 9999
88 151
89 9999
92 9999
93 9999
98 9999
99 9986
1 277
10 165
100 9994
101 9999
102 9910
103 9999
104 9973
105 9999
106 9969
107 9999
108 42
109 9999
11 9999
112 9999
113 9999
115 9955
116 9999
117 91
118 9999
119 57
12 9999
120 9999
121 9999
122 9999
123 9999
124 9999
125 9557
126 9999
127 9999
128 9999
129 0
13 9999
130 9993
131 17
132 9999
133 8837
134 9999
135 9999
136 9999
137 9999
138 9999
140 9999
141 9999
142 54
143 9999
144 9999
145 9999
146 6107
147 9999
150 9903
151 9983
152 1377
153 9999
154 31
155 9999
156 7423
157 9999
159 8474
16 8538
160 9999
162 9999
163 9999
165 9999
166 9953
167 6240
168 9999
169 9999
17 9999
170 9999
171 9999
172 9999
173 9945
174 9999
175 9999
176 9999
177 247
178 9999
18 6428
180 9999
181 9999
185 9999
186 9999
187 9982
188 9999
189 9999
19 9999
190 9999
191 9999
192 9999
194 9143
195 9999
199 14
2 9999
20 3
200 9999
202 1
203 9999
204 9999
205 9999
206 1042
207 9999
208 9992
209 9999
21 9999
210 9990
211 9999
212 1038
213 9999
214 9999
215 9999
217 9129
218 9999
219 9972
220 9999
222 9999
223 9999
224 9717
225 9999
226 9999
227 9999
228 9999
229 9999
232 9990
233 9999
234 9999
235 9999
238 9999
239 9999
240 9999
241 9999
243 8658
244 9999
246 9999
247 9551
25 8888
252 1129
253 9999
254 9997
255 9999
257 8062
258 9999
26 9999
262 885
263 9999
264 0
265 9999
266 967
267 9999
269 9999
27 9992
270 9999
272 9624
273 9999
276 9999
277 9999
278 6632
279 9999
28 9999
280 9999
281 9999
282 9999
283 9999
284 9999
285 9999
288 9999
289 9999
291 9999
292 9999
293 9999
294 9999
295 6051
296 9999
297 9999
298 9999
299 192
30 9679
300 9999
301 9992
302 9999
303 9999
304 9999
307 895
308 9999
309 9999
31 9999
310 9999
311 9999
312 9999
314 9999
315 9999
316 43
317 9999
32 1377
323 9999
324 9999
325 38
326 9999
327 9999
328 9999
329 9954
33 9999
330 9999
331 0
332 9999
333 9999
334 9999
336 8420
337 9999
338 6803
339 9999
342 9999
343 9999
344 786
345 9999
346 8955
347 9999
348 9757
349 9999
35 31
351 12
352 9999
353 9999
354 9999
355 9967
356 9999
357 9999
358 9999
359 9795
36 9999
360 9999
363 594
364 9999
368 9169
369 9999
37 700
370 9999
371 9999
372 838
373 9999
374 9999
375 9999
376 9999
377 9999
378 9529
379 9999
38 9999
380 187
381 9999
382 9999
383 9999
384 9046
385 9999
386 9999
387 9999
39 9999
392 5007
393 9999
394 4642
395 9999
396 9999
397 9999
398 253
399 9999
40 9999
401 9999
402 9999
404 9999
405 9999
407 6635
408 9999
409 29
41 858
410 9996
411 5032
412 9999
413 8802
414 9999
415 9913
416 9999
417 9925
418 9999
42 9999
424 9921
425 9999
426 9433
427 9999
429 710
430 9999
431 9999
432 9999
434 9892
435 9999
436 9999
437 9999
440 8585
441 9999
442 2
443 9999
444 1
445 9999
446 39
447 9999
448 14
449 9999
451 9999
452 9999
455 46
456 9999
457 9999
458 9999
459 9982
460 9999
461 9999
462 9999
463 9999
464 9999
465 6255
466 9999
470 166
471 9999
474 109
475 9999
477 9999
478 9999
48 9999
483 5
484 9999
485 9999
486 9999
49 9999
490 13
491 9999
492 9999
493 9999
494 9
495 9995
496 778
497 9999
499 9517
50 6309
500 9999
502 9971
503 9999
504 161
505 9999
508 9986
509 9999
51 9999
510 6791
511 9999
512 9999
513 9999
515 9998
516 9999
518 9998
519 9999
52 9999
520 51
521 9999
53 9999
56 3574
57 9999
59 9999
6 65
60 9999
61 9999
62 9999
64 3
65 9999
66 9946
67 9999
7 9999
70 37
71 9999
72 9999
73 9999
74 9999
75 9999
76 8915
77 9999
79 15
80 9999
81 9999
82 9999
85 9999
86 9999
88 151
89 9999
92 9999
93 9999
98 9999
99 9986
10 3
11 489
12 0
13 430
152 23
153 499
159 18
160 498
17 441
18 481
201 480
202 499
23 0
24 18
253 12
254 479
258 479
259 493
27 499
28 499
295 0
296 438
30 309
31 111
370 0
371 499
396 1
397 478
400 0
401 371
