128 59
129 9999
132 9999
133 9996
145 92
146 9999
157 0
158 9999
164 0
165 843
169 1172
170 9999
192 607
193 9999
198 1180
199 54
214 6
215 9999
217 0
218 9972
220 9584
221 9187
239 0
240 9999
252 969
253 9999
270 9974
271 9997
294 3
295 9999
296 88
297 9999
305 0
306 9434
307 87
308 9999
331 9974
332 9999
341 110
342 9999
359 9995
360 9999
365 9999
366 9953
388 0
389 9999
44 9999
45 7
459 9999
46 0
460 9996
47 9967
519 0
520 731
631 9966
632 9998
633 8817
634 9999
644 1112
645 9999
646 4
647 9999
93 7
94 9999
128 59
129 9999
132 9999
133 9996
145 92
146 9999
157 0
158 9999
164 0
165 843
169 1172
170 9999
192 607
193 9999
198 1180
199 54
214 6
215 9999
217 0
218 9972
220 9584
221 9187
239 0
240 9999
252 969
253 9999
270 9974
271 9997
294 3
295 9999
296 88
297 9999
305 0
306 9434
307 87
308 9999
331 9974
332 9999
341 110
342 9999
359 9995
360 9999
365 9999
366 9953
388 0
389 9999
44 9999
45 7
459 9999
46 0
460 9996
47 9967
519 0
520 731
631 9966
632 9998
633 8817
634 9999
644 1112
645 9999
646 4
647 9999
93 7
94 9999
0 0
1 0
10 0
100 0
101 0
102 0
103 0
104 0
105 0
106 0
107 0
108 0
109 0
11 0
110 0
111 0
112 0
113 0
114 0
115 0
116 0
117 0
118 0
119 0
12 0
120 0
121 0
122 0
123 0
124 0
125 0
126 0
127 0
128 0
129 0
13 0
130 0
131 0
132 0
133 0
134 0
135 0
136 0
137 0
138 0
139 0
14 0
140 0
141 0
142 0
143 0
144 0
145 0
146 0
147 0
148 0
149 0
15 0
150 0
151 0
152 0
153 0
154 0
155 0
156 0
157 0
158 0
159 0
16 0
160 0
161 0
162 0
163 0
164 0
165 0
166 0
167 0
168 0
169 0
17 0
170 0
171 0
172 0
173 0
174 0
175 0
176 0
177 0
178 0
179 0
18 0
180 0
181 0
182 0
183 0
184 0
185 0
186 0
187 0
188 0
189 0
19 0
190 0
191 0
192 0
193 0
194 0
195 0
196 0
197 0
198 0
199 0
2 0
20 0
200 0
201 0
202 0
203 0
204 0
205 0
206 0
207 0
208 0
209 0
21 0
210 0
211 0
212 0
213 0
214 0
215 0
216 0
217 0
218 0
219 0
22 0
220 0
221 0
222 0
223 0
224 0
225 0
226 0
227 0
228 0
229 0
23 0
230 0
231 0
232 0
233 0
234 0
235 0
236 0
237 0
238 0
239 0
24 0
240 0
241 0
242 0
243 0
244 0
245 0
246 0
247 0
248 0
249 0
25 0
250 0
251 0
252 0
253 0
254 0
255 0
256 0
257 0
258 0
259 0
26 0
260 0
261 0
262 0
263 0
264 0
265 0
266 0
267 0
268 0
269 0
27 0
270 0
271 0
272 0
273 0
274 0
275 0
276 0
277 0
278 0
279 0
28 0
280 0
281 0
282 0
283 0
284 0
285 0
286 0
287 0
288 0
289 0
29 0
290 0
291 0
292 0
293 0
294 0
295 0
296 0
297 0
298 0
299 0
3 0
30 0
300 0
301 0
302 0
303 0
304 0
305 0
306 0
307 0
308 0
309 0
31 0
310 0
311 0
312 0
313 0
314 0
315 0
316 0
317 0
318 0
319 0
32 0
320 0
321 0
322 0
323 0
324 0
325 0
326 0
327 0
328 0
329 0
33 0
330 0
331 0
332 0
333 0
334 0
335 0
336 0
337 0
338 0
339 0
34 0
340 0
341 0
342 0
343 0
344 0
345 0
346 0
347 0
348 0
349 0
35 0
350 0
351 0
352 0
353 0
354 0
355 0
356 0
357 0
358 0
359 0
36 0
360 0
361 0
362 0
363 0
364 0
365 0
366 0
367 0
368 0
369 0
37 0
370 0
371 0
372 0
373 0
374 0
375 0
376 0
377 0
378 0
379 0
38 0
380 0
381 0
382 0
383 0
384 0
385 0
386 0
387 0
388 0
389 0
39 0
390 0
391 0
392 0
393 0
394 0
395 0
396 0
397 0
398 0
399 0
4 0
40 0
400 0
401 0
402 0
403 0
404 0
405 0
406 0
407 0
408 0
409 0
41 0
410 0
411 0
412 0
413 0
414 0
415 0
416 0
417 0
418 0
419 0
42 0
420 0
421 0
43 0
44 0
45 0
46 0
47 0
48 0
49 0
5 0
50 0
51 0
52 0
53 0
54 0
55 0
56 0
57 0
58 0
59 0
6 0
60 0
61 0
62 0
63 0
64 0
65 0
66 0
67 0
68 0
69 0
7 0
70 0
71 0
72 0
73 0
74 0
75 0
76 0
77 0
78 0
79 0
8 0
80 0
81 0
82 0
83 0
84 0
85 0
86 0
87 0
88 0
89 0
9 0
90 0
91 0
92 0
93 0
94 0
95 0
96 0
97 0
98 0
99 0
0 0
1 0
10 0
100 0
101 0
102 0
103 0
104 0
105 0
106 0
107 0
108 0
109 0
11 0
110 0
111 0
112 0
113 0
114 0
115 0
116 0
117 0
118 0
119 0
12 0
120 0
121 0
122 0
123 0
124 0
125 0
126 0
127 0
128 0
129 0
13 0
130 0
131 0
132 0
133 0
134 0
135 0
136 0
137 0
138 0
139 0
14 0
140 0
141 0
142 0
143 0
144 0
145 0
146 0
147 0
148 0
149 0
15 0
150 0
151 0
152 0
153 0
154 0
155 0
156 0
157 0
158 0
159 0
16 0
160 0
161 0
162 0
163 0
164 0
165 0
166 0
167 0
168 0
169 0
17 0
170 0
171 0
172 0
173 0
174 0
175 0
176 0
177 0
178 0
179 0
18 0
180 0
181 0
182 0
183 0
184 0
185 0
186 0
187 0
188 0
189 0
19 0
190 0
191 0
192 0
193 0
194 0
195 0
196 0
197 0
198 0
199 0
2 0
20 0
200 0
201 0
202 0
203 0
204 0
205 0
206 0
207 0
208 0
209 0
21 0
210 0
211 0
212 0
213 0
214 0
215 0
216 0
217 0
218 0
219 0
22 0
220 0
221 0
222 0
223 0
224 0
225 0
226 0
227 0
228 0
229 0
23 0
230 0
231 0
232 0
233 0
234 0
235 0
236 0
237 0
238 0
239 0
24 0
240 0
241 0
242 0
243 0
244 0
245 0
246 0
247 0
248 0
249 0
25 0
250 0
251 0
252 0
253 0
254 0
255 0
256 0
257 0
258 0
259 0
26 0
260 0
261 0
262 0
263 0
264 0
265 0
266 0
267 0
268 0
269 0
27 0
270 0
271 0
272 0
273 0
274 0
275 0
276 0
277 0
278 0
279 0
28 0
280 0
281 0
282 0
283 0
284 0
285 0
286 0
287 0
288 0
289 0
29 0
290 0
291 0
292 0
293 0
294 0
295 0
296 0
297 0
298 0
299 0
3 0
30 0
300 0
301 0
302 0
303 0
304 0
305 0
306 0
307 0
308 0
309 0
31 0
310 0
311 0
312 0
313 0
314 0
315 0
316 0
317 0
318 0
319 0
32 0
320 0
321 0
322 0
323 0
324 0
325 0
326 0
327 0
328 0
329 0
33 0
330 0
331 0
332 0
333 0
334 0
335 0
336 0
337 0
338 0
339 0
34 0
340 0
341 0
342 0
343 0
344 0
345 0
346 0
347 0
348 0
349 0
35 0
350 0
351 0
352 0
353 0
354 0
355 0
356 0
357 0
358 0
359 0
36 0
360 0
361 0
362 0
363 0
364 0
365 0
366 0
367 0
368 0
369 0
37 0
370 0
371 0
372 0
373 0
374 0
375 0
376 0
377 0
378 0
379 0
38 0
380 0
381 0
382 0
383 0
384 0
385 0
386 0
387 0
388 0
389 0
39 0
390 0
391 0
392 0
393 0
394 0
395 0
396 0
397 0
398 0
399 0
4 0
40 0
400 0
401 0
402 0
403 0
404 0
405 0
406 0
407 0
408 0
409 0
41 0
410 0
411 0
412 0
413 0
414 0
415 0
416 0
417 0
418 0
419 0
42 0
420 0
421 0
43 0
44 0
45 0
46 0
47 0
48 0
49 0
5 0
50 0
51 0
52 0
53 0
54 0
55 0
56 0
57 0
58 0
59 0
6 0
60 0
61 0
62 0
63 0
64 0
65 0
66 0
67 0
68 0
69 0
7 0
70 0
71 0
72 0
73 0
74 0
75 0
76 0
77 0
78 0
79 0
8 0
80 0
81 0
82 0
83 0
84 0
85 0
86 0
87 0
88 0
89 0
9 0
90 0
91 0
92 0
93 0
94 0
95 0
96 0
97 0
98 0
99 0
0 0
1 0
10 0
100 0
101 0
102 0
103 0
104 0
105 0
106 0
107 0
108 0
109 0
11 0
110 0
111 0
112 0
113 0
114 0
115 0
116 0
117 0
118 0
119 0
12 0
120 0
121 0
122 0
123 0
124 0
125 0
126 0
127 0
128 0
129 0
13 0
130 0
131 0
132 0
133 0
134 0
135 0
136 0
137 0
138 0
139 0
14 0
140 0
141 0
142 0
143 0
144 0
145 0
146 0
147 0
148 0
149 0
15 0
150 0
151 0
152 0
153 0
154 0
155 0
156 0
157 0
158 0
159 0
16 0
160 0
161 0
162 0
163 0
164 0
165 0
166 0
167 0
168 0
169 0
17 0
170 0
171 0
172 0
173 0
174 0
175 0
176 0
177 0
178 0
179 0
18 0
180 0
181 0
182 0
183 0
184 0
185 0
186 0
187 0
188 0
189 0
19 0
190 0
191 0
192 0
193 0
194 0
195 0
196 0
197 0
198 0
199 0
2 0
20 0
200 0
201 0
202 0
203 0
204 0
205 0
206 0
207 0
208 0
209 0
21 0
210 0
211 0
212 0
213 0
214 0
215 0
216 0
217 0
218 0
219 0
22 0
220 0
221 0
222 0
223 0
224 0
225 0
226 0
227 0
228 0
229 0
23 0
230 0
231 0
232 0
233 0
234 0
235 0
236 0
237 0
238 0
239 0
24 0
240 0
241 0
242 0
243 0
244 0
245 0
246 0
247 0
248 0
249 0
25 0
250 0
251 0
252 0
253 0
254 0
255 0
256 0
257 0
258 0
259 0
26 0
260 0
261 0
262 0
263 0
264 0
265 0
266 0
267 0
268 0
269 0
27 0
270 0
271 0
272 0
273 0
274 0
275 0
276 0
277 0
278 0
279 0
28 0
280 0
281 0
282 0
283 0
284 0
285 0
286 0
287 0
288 0
289 0
29 0
290 0
291 0
292 0
293 0
294 0
295 0
296 0
297 0
298 0
299 0
3 0
30 0
300 0
301 0
302 0
303 0
304 0
305 0
306 0
307 0
308 0
309 0
31 0
310 0
311 0
312 0
313 0
314 0
315 0
316 0
317 0
318 0
319 0
32 0
320 0
321 0
322 0
323 0
324 0
325 0
326 0
327 0
328 0
329 0
33 0
330 0
331 0
332 0
333 0
334 0
335 0
336 0
337 0
338 0
339 0
34 0
340 0
341 0
342 0
343 0
344 0
345 0
346 0
347 0
348 0
349 0
35 0
350 0
351 0
352 0
353 0
354 0
355 0
356 0
357 0
358 0
359 0
36 0
360 0
361 0
362 0
363 0
364 0
365 0
366 0
367 0
368 0
369 0
37 0
370 0
371 0
372 0
373 0
374 0
375 0
376 0
377 0
378 0
379 0
38 0
380 0
381 0
382 0
383 0
384 0
385 0
386 0
387 0
388 0
389 0
39 0
390 0
391 0
392 0
393 0
394 0
395 0
396 0
397 0
398 0
399 0
4 0
40 0
400 0
401 0
402 0
403 0
404 0
405 0
406 0
407 0
408 0
409 0
41 0
410 0
411 0
412 0
413 0
414 0
415 0
416 0
417 0
418 0
419 0
42 0
420 0
421 0
43 0
44 0
45 0
46 0
47 0
48 0
49 0
5 0
50 0
51 0
52 0
53 0
54 0
55 0
56 0
57 0
58 0
59 0
6 0
60 0
61 0
62 0
63 0
64 0
65 0
66 0
67 0
68 0
69 0
7 0
70 0
71 0
72 0
73 0
74 0
75 0
76 0
77 0
78 0
79 0
8 0
80 0
81 0
82 0
83 0
84 0
85 0
86 0
87 0
88 0
89 0
9 0
90 0
91 0
92 0
93 0
94 0
95 0
96 0
97 0
98 0
99 0
0 0
1 0
10 0
100 0
101 0
102 0
103 0
104 0
105 0
106 0
107 0
108 0
109 0
11 0
110 0
111 0
112 0
113 0
114 0
115 0
116 0
117 0
118 0
119 0
12 0
120 0
121 0
122 0
123 0
124 0
125 0
126 0
127 0
128 0
129 0
13 0
130 0
131 0
132 0
133 0
134 0
135 0
136 0
137 0
138 0
139 0
14 0
140 0
141 0
142 0
143 0
144 0
145 0
146 0
147 0
148 0
149 0
15 0
150 0
151 0
152 0
153 0
154 0
155 0
156 0
157 0
158 0
159 0
16 0
160 0
161 0
162 0
163 0
164 0
165 0
166 0
167 0
168 0
169 0
17 0
170 0
171 0
172 0
173 0
174 0
175 0
176 0
177 0
178 0
179 0
18 0
180 0
181 0
182 0
183 0
184 0
185 0
186 0
187 0
188 0
189 0
19 0
190 0
191 0
192 0
193 0
194 0
195 0
196 0
197 0
198 0
199 0
2 0
20 0
200 0
201 0
202 0
203 0
204 0
205 0
206 0
207 0
208 0
209 0
21 0
210 0
211 0
212 0
213 0
214 0
215 0
216 0
217 0
218 0
219 0
22 0
220 0
221 0
222 0
223 0
224 0
225 0
226 0
227 0
228 0
229 0
23 0
230 0
231 0
232 0
233 0
234 0
235 0
236 0
237 0
238 0
239 0
24 0
240 0
241 0
242 0
243 0
244 0
245 0
246 0
247 0
248 0
249 0
25 0
250 0
251 0
252 0
253 0
254 0
255 0
256 0
257 0
258 0
259 0
26 0
260 0
261 0
262 0
263 0
264 0
265 0
266 0
267 0
268 0
269 0
27 0
270 0
271 0
272 0
273 0
274 0
275 0
276 0
277 0
278 0
279 0
28 0
280 0
281 0
282 0
283 0
284 0
285 0
286 0
287 0
288 0
289 0
29 0
290 0
291 0
292 0
293 0
294 0
295 0
296 0
297 0
298 0
299 0
3 0
30 0
300 0
301 0
302 0
303 0
304 0
305 0
306 0
307 0
308 0
309 0
31 0
310 0
311 0
312 0
313 0
314 0
315 0
316 0
317 0
318 0
319 0
32 0
320 0
321 0
322 0
323 0
324 0
325 0
326 0
327 0
328 0
329 0
33 0
330 0
331 0
332 0
333 0
334 0
335 0
336 0
337 0
338 0
339 0
34 0
340 0
341 0
342 0
343 0
344 0
345 0
346 0
347 0
348 0
349 0
35 0
350 0
351 0
352 0
353 0
354 0
355 0
356 0
357 0
358 0
359 0
36 0
360 0
361 0
362 0
363 0
364 0
365 0
366 0
367 0
368 0
369 0
37 0
370 0
371 0
372 0
373 0
374 0
375 0
376 0
377 0
378 0
379 0
38 0
380 0
381 0
382 0
383 0
384 0
385 0
386 0
387 0
388 0
389 0
39 0
390 0
391 0
392 0
393 0
394 0
395 0
396 0
397 0
398 0
399 0
4 0
40 0
400 0
401 0
402 0
403 0
404 0
405 0
406 0
407 0
408 0
409 0
41 0
410 0
411 0
412 0
413 0
414 0
415 0
416 0
417 0
418 0
419 0
42 0
420 0
421 0
422 0
423 0
424 0
425 0
426 0
427 0
428 0
429 0
43 0
44 0
45 0
46 0
47 0
48 0
49 0
5 0
50 0
51 0
52 0
53 0
54 0
55 0
56 0
57 0
58 0
59 0
6 0
60 0
61 0
62 0
63 0
64 0
65 0
66 0
67 0
68 0
69 0
7 0
70 0
71 0
72 0
73 0
74 0
75 0
76 0
77 0
78 0
79 0
8 0
80 0
81 0
82 0
83 0
84 0
85 0
86 0
87 0
88 0
89 0
9 0
90 0
91 0
92 0
93 0
94 0
95 0
96 0
97 0
98 0
99 0
0 0
1 0
10 0
100 0
101 0
102 0
103 0
104 0
105 0
106 0
107 0
108 0
109 0
11 0
110 0
111 0
112 0
113 0
114 0
115 0
116 0
117 0
118 0
119 0
12 0
120 0
121 0
122 0
123 0
124 0
125 0
126 0
127 0
128 0
129 0
13 0
130 0
131 0
132 0
133 0
134 0
135 0
136 0
137 0
138 0
139 0
14 0
140 0
141 0
142 0
143 0
144 0
145 0
146 0
147 0
148 0
149 0
15 0
150 0
151 0
152 0
153 0
154 0
155 0
156 0
157 0
158 0
159 0
16 0
160 0
161 0
162 0
163 0
164 0
165 0
166 0
167 0
168 0
169 0
17 0
170 0
171 0
172 0
173 0
174 0
175 0
176 0
177 0
178 0
179 0
18 0
180 0
181 0
182 0
183 0
184 0
185 0
186 0
187 0
188 0
189 0
19 0
190 0
191 0
192 0
193 0
194 0
195 0
196 0
197 0
198 0
199 0
2 0
20 0
200 0
201 0
202 0
203 0
204 0
205 0
206 0
207 0
208 0
209 0
21 0
210 0
211 0
212 0
213 0
214 0
215 0
216 0
217 0
218 0
219 0
22 0
220 0
221 0
222 0
223 0
224 0
225 0
226 0
227 0
228 0
229 0
23 0
230 0
231 0
232 0
233 0
234 0
235 0
236 0
237 0
238 0
239 0
24 0
240 0
241 0
242 0
243 0
244 0
245 0
246 0
247 0
248 0
249 0
25 0
250 0
251 0
252 0
253 0
254 0
255 0
256 0
257 0
258 0
259 0
26 0
260 0
261 0
262 0
263 0
264 0
265 0
266 0
267 0
268 0
269 0
27 0
270 0
271 0
272 0
273 0
274 0
275 0
276 0
277 0
278 0
279 0
28 0
280 0
281 0
282 0
283 0
284 0
285 0
286 0
287 0
288 0
289 0
29 0
290 0
291 0
292 0
293 0
294 0
295 0
296 0
297 0
298 0
299 0
3 0
30 0
300 0
301 0
302 0
303 0
304 0
305 0
306 0
307 0
308 0
309 0
31 0
310 0
311 0
312 0
313 0
314 0
315 0
316 0
317 0
318 0
319 0
32 0
320 0
321 0
322 0
323 0
324 0
325 0
326 0
327 0
328 0
329 0
33 0
330 0
331 0
332 0
333 0
334 0
335 0
336 0
337 0
338 0
339 0
34 0
340 0
341 0
342 0
343 0
344 0
345 0
346 0
347 0
348 0
349 0
35 0
350 0
351 0
352 0
353 0
354 0
355 0
356 0
357 0
358 0
359 0
36 0
360 0
361 0
362 0
363 0
364 0
365 0
366 0
367 0
368 0
369 0
37 0
370 0
371 0
372 0
373 0
374 0
375 0
376 0
377 0
378 0
379 0
38 0
380 0
381 0
382 0
383 0
384 0
385 0
386 0
387 0
388 0
389 0
39 0
390 0
391 0
392 0
393 0
394 0
395 0
396 0
397 0
398 0
399 0
4 0
40 0
400 0
401 0
402 0
403 0
404 0
405 0
406 0
407 0
408 0
409 0
41 0
42 0
43 0
44 0
45 0
46 0
47 0
48 0
49 0
5 0
50 0
51 0
52 0
53 0
54 0
55 0
56 0
57 0
58 0
59 0
6 0
60 0
61 0
62 0
63 0
64 0
65 0
66 0
67 0
68 0
69 0
7 0
70 0
71 0
72 0
73 0
74 0
75 0
76 0
77 0
78 0
79 0
8 0
80 0
81 0
82 0
83 0
84 0
85 0
86 0
87 0
88 0
89 0
9 0
90 0
91 0
92 0
93 0
94 0
95 0
96 0
97 0
98 0
99 0
102 0
103 0
106 0
107 0
111 0
112 0
118 0
119 0
140 0
141 0
152 0
153 0
218 0
219 0
240 0
241 0
253 0
254 0
295 0
296 0
3 0
305 0
306 0
341 0
342 0
358 0
359 0
397 0
398 0
4 0
407 0
408 0
417 0
418 0
425 0
426 0
428 0
429 0
430 0
431 0
435 0
436 0
453 0
454 0
471 0
472 0
481 0
482 0
50 0
51 0
511 0
512 0
55 0
553 0
554 0
56 0
564 0
565 0
566 0
567 0
573 0
574 0
595 0
596 0
6 0
630 0
631 0
636 0
637 0
644 0
645 0
649 0
65 0
650 0
66 0
678 0
679 0
7 0
77 0
78 0
82 0
83 0
102 0
103 192
106 465
107 453
111 431
112 466
118 0
119 465
140 75
141 463
152 189
153 463
218 52
219 457
240 180
241 455
253 0
254 455
295 448
296 11
3 0
305 0
306 29
341 0
342 446
358 445
359 414
397 3
398 444
4 493
407 34
408 444
417 0
418 10
425 59
426 444
428 423
429 444
430 427
431 444
435 4
436 444
453 2
454 444
471 442
472 442
481 417
482 441
50 0
51 12
511 0
512 361
55 474
553 437
554 438
56 458
564 93
565 437
566 1
567 436
573 5
574 437
595 0
596 396
6 39
630 435
631 18
636 0
637 427
644 0
645 435
649 8
65 174
650 435
66 474
678 434
679 434
7 490
77 0
78 41
82 350
83 16
105 13
106 999
107 925
108 999
114 988
115 997
12 0
122 0
123 999
126 55
127 999
13 102
156 999
157 999
158 12
159 999
161 999
162 865
168 193
169 999
171 999
172 148
178 0
179 0
208 1
209 999
231 183
232 999
234 994
235 999
241 3
242 999
258 16
259 999
262 963
263 999
270 924
271 999
273 900
274 999
288 978
289 999
292 0
293 999
307 1
308 999
311 951
312 999
330 990
331 993
335 999
336 997
341 0
342 0
350 147
351 999
362 937
363 999
368 999
369 938
390 854
391 999
407 2
408 999
410 0
411 999
416 0
417 356
431 0
432 93
434 2
435 999
44 2
447 999
448 999
45 999
458 1
459 999
475 0
476 10
477 0
478 999
483 901
484 999
498 1
499 999
511 0
512 999
531 0
532 999
534 167
535 999
540 0
541 999
543 993
544 997
560 1
561 999
569 1
570 999
575 125
576 999
582 0
583 989
590 22
591 999
600 503
601 999
625 999
626 999
67 0
68 991
81 998
82 28
105 13
106 999
107 925
108 999
114 988
115 997
12 0
122 0
123 999
126 55
127 999
13 102
156 999
157 999
158 12
159 999
161 999
162 865
168 193
169 999
171 999
172 148
178 0
179 0
208 1
209 999
231 183
232 999
234 994
235 999
241 3
242 999
258 16
259 999
262 963
263 999
270 924
271 999
273 900
274 999
288 978
289 999
292 0
293 999
307 1
308 999
311 951
312 999
330 990
331 993
335 999
336 997
341 0
342 0
350 147
351 999
362 937
363 999
368 999
369 938
390 854
391 999
407 2
408 999
410 0
411 999
416 0
417 356
431 0
432 93
434 2
435 999
44 2
447 999
448 999
45 999
458 1
459 999
475 0
476 10
477 0
478 999
483 901
484 999
498 1
499 999
511 0
512 999
531 0
532 999
534 167
535 999
540 0
541 999
543 993
544 997
560 1
561 999
569 1
570 999
575 125
576 999
582 0
583 989
590 22
591 999
600 503
601 999
625 999
626 999
67 0
68 991
81 998
82 28
112 0
113 983
117 983
118 4
12 3
125 974
126 983
13 995
132 962
133 983
140 983
141 980
145 0
146 2
15 10
158 971
159 983
16 993
160 983
161 983
202 977
203 915
206 977
207 717
21 989
215 0
216 23
218 0
219 977
22 991
224 0
225 977
230 0
231 977
233 838
234 977
247 968
248 976
262 0
263 975
314 0
315 973
328 971
329 972
33 0
34 987
345 65
346 972
348 972
349 972
356 0
357 20
360 969
361 151
378 5
379 971
401 0
402 966
411 0
412 845
414 971
415 206
427 969
428 969
434 177
435 968
436 2
437 968
445 231
446 968
452 968
453 800
455 967
456 967
459 919
460 967
461 3
462 967
479 2
480 966
485 850
486 640
496 0
497 0
503 965
504 857
509 0
510 950
511 29
512 964
527 4
528 963
551 962
552 962
557 0
558 2
561 829
562 962
568 6
569 962
577 2
578 962
579 0
580 962
593 182
594 962
620 863
621 961
75 29
76 985
88 761
89 985
105 13
106 999
107 925
108 999
114 988
115 997
12 0
122 0
123 999
126 55
127 999
13 102
156 999
157 999
158 12
159 999
161 999
162 865
168 193
169 999
171 999
172 148
178 0
179 0
208 1
209 999
231 183
232 999
234 994
235 999
241 3
242 999
258 16
259 999
262 963
263 999
270 924
271 999
273 900
274 999
288 978
289 999
292 0
293 999
307 1
308 999
311 951
312 999
330 990
331 993
335 999
336 997
341 0
342 0
350 147
351 999
362 937
363 999
368 999
369 938
390 854
391 999
407 2
408 999
410 0
411 999
416 0
417 356
431 0
432 93
434 2
435 999
44 2
447 999
448 999
45 999
458 1
459 999
475 0
476 10
477 0
478 999
483 901
484 999
498 1
499 999
511 0
512 999
531 0
532 999
534 167
535 999
540 0
541 999
543 993
544 997
560 1
561 999
569 1
570 999
575 125
576 999
582 0
583 989
590 22
591 999
600 503
601 999
625 999
626 999
67 0
68 991
81 998
82 28
10 988
107 992
108 972
11 999
131 443
132 999
136 992
137 999
154 16
155 999
18 0
183 0
184 999
19 992
204 0
205 999
230 998
231 999
242 0
243 0
274 922
275 999
321 2
322 999
416 999
417 999
418 72
419 999
439 0
440 998
474 999
475 16
487 19
488 999
523 5
524 999
528 952
529 999
654 999
655 999
7 999
701 999
702 996
8 985
101 499
102 499
103 499
104 499
11 0
111 0
112 499
116 499
117 499
12 499
122 223
123 499
130 496
131 499
132 64
133 499
141 499
142 499
145 499
146 499
149 499
15 499
150 499
151 89
152 499
155 499
156 499
159 69
16 499
160 499
164 499
165 499
168 34
169 499
173 499
174 499
177 499
178 499
18 499
180 499
181 491
183 88
184 499
185 448
186 499
187 499
188 499
189 491
19 12
190 499
193 499
194 499
196 106
197 499
199 499
200 495
202 0
203 499
206 499
207 499
208 469
209 499
21 499
213 499
214 499
215 495
216 499
217 499
218 499
22 499
222 499
223 499
230 499
231 499
234 499
235 499
239 499
240 499
243 499
244 200
252 499
253 499
255 499
256 499
261 499
262 499
265 499
266 499
269 499
270 499
272 499
273 499
274 499
275 499
276 499
277 499
282 499
283 499
284 499
285 499
286 182
287 499
29 498
290 499
291 499
294 0
295 499
296 499
297 499
299 15
30 89
300 499
301 8
302 499
303 499
304 499
31 499
310 499
311 499
312 495
313 499
314 182
315 499
317 499
318 499
32 499
320 498
321 499
324 498
325 499
328 499
329 499
33 498
332 499
333 499
334 70
335 499
338 6
339 499
34 499
347 499
348 499
355 311
356 499
36 212
363 6
364 499
37 499
370 499
371 499
373 487
374 499
382 499
383 499
384 499
385 499
386 499
387 499
389 15
390 499
393 34
394 499
395 157
396 499
4 209
40 199
401 55
402 499
406 499
407 499
409 499
41 499
410 499
412 499
413 499
414 477
415 499
417 499
418 499
420 499
421 499
423 499
424 499
425 66
426 499
428 499
429 499
430 499
431 499
435 499
436 499
438 499
439 499
44 263
444 471
445 499
446 499
447 499
448 485
449 499
45 499
450 32
451 499
452 497
453 499
454 499
455 499
456 467
457 499
461 499
462 499
463 178
464 499
467 499
468 499
471 210
472 499
476 0
477 499
479 499
480 499
481 499
482 499
485 1
486 499
487 490
488 499
49 499
491 116
492 499
495 5
496 499
497 499
498 499
5 499
50 499
501 83
502 499
504 499
505 499
509 494
510 66
54 442
55 499
56 499
57 499
58 473
59 499
6 448
65 43
66 499
69 499
7 499
70 499
73 42
74 499
78 0
79 499
86 499
87 499
89 0
90 198
93 499
94 499
95 138
96 499
10 9999
100 91
101 9999
103 9999
104 9999
105 9999
106 9999
107 25
108 9999
109 9997
11 9999
110 9999
112 17
113 9999
115 9999
116 9999
118 9999
119 9999
120 54
121 9999
122 9999
123 9999
124 6107
125 9999
129 1377
130 9999
131 31
132 9999
133 7423
134 9999
136 8474
137 9999
139 9999
14 8538
140 9999
142 9999
143 9953
145 9999
146 9999
147 9999
148 9999
149 1443
15 9999
150 9999
152 241
153 9999
154 852
155 9999
158 9999
159 9999
16 60
160 9982
161 9999
162 9999
163 9999
164 9999
165 9999
167 6893
168 9999
17 9999
172 14
173 9999
176 9999
177 9999
178 1042
179 9999
180 9992
181 9999
182 9990
183 9999
184 1038
185 9999
186 5317
187 9999
188 9129
189 9999
192 9999
193 9999
194 9717
195 9999
196 9999
197 9999
198 368
199 9999
201 9990
202 9999
203 9999
204 9999
207 9999
208 9999
209 39
210 9999
211 2929
212 9999
214 9999
215 9551
22 8888
223 8062
224 9999
23 9999
232 9999
233 9999
238 6632
239 9999
240 9999
241 9999
242 9999
243 9999
246 9999
247 9999
249 9999
250 9999
251 9999
252 9999
254 9999
255 9999
257 12
258 9992
259 9999
260 9999
264 9999
265 9999
266 15
267 9999
268 9999
269 9999
27 1377
276 9999
277 9999
279 9999
28 9999
280 9999
281 9790
282 9999
284 9999
285 9999
287 8420
288 9999
289 6803
290 9999
293 9999
294 9999
295 6906
296 9999
30 31
300 12
301 9999
302 9999
303 9999
304 9967
305 9999
306 9999
307 9999
308 0
309 9981
31 9999
310 594
311 9999
315 9169
316 9999
317 9999
318 9999
319 838
32 22
320 9999
321 9999
322 9999
323 9999
324 9999
325 9529
326 9999
327 187
328 9999
329 9999
33 9999
330 9999
331 9046
332 9999
333 9999
334 9999
339 5007
34 858
340 9999
341 4642
342 9999
343 9999
344 9999
348 9999
349 9999
35 9999
351 6635
352 9999
356 8802
357 9999
358 36
359 9999
360 0
361 9994
365 9921
366 9999
367 8096
368 9999
370 710
371 9999
372 9999
373 9999
375 9892
376 9999
378 9999
379 9999
381 8
382 9994
383 1
384 9999
386 14
387 9999
389 9999
390 9999
394 9999
395 9999
396 6759
397 9999
399 9999
400 9999
401 6255
402 9999
409 0
41 9999
410 9999
411 9999
412 9999
42 9999
422 13
423 9999
425 3
426 9999
427 9983
428 9999
43 6309
432 9971
433 9999
437 769
438 9999
439 9999
44 9999
440 9999
442 9999
443 9999
446 9998
447 9999
47 303
48 9999
50 9999
51 9999
53 3
54 9999
55 9760
56 9999
59 37
60 9999
61 9999
62 9999
63 159
64 9999
67 15
68 9999
69 9999
70 9999
73 9999
74 9999
76 151
77 9999
80 9999
81 9999
89 967
90 9999
91 5300
92 9999
95 5218
96 9999
98 9955
99 9999
10 9999
100 91
101 9999
103 9999
104 9999
105 9999
106 9999
107 25
108 9999
109 9997
11 9999
110 9999
112 17
113 9999
115 9999
116 9999
118 9999
119 9999
120 54
121 9999
122 9999
123 9999
124 6107
125 9999
129 1377
130 9999
131 31
132 9999
133 7423
134 9999
136 8474
137 9999
139 9999
14 8538
140 9999
142 9999
143 9953
145 9999
146 9999
147 9999
148 9999
149 1443
15 9999
150 9999
152 241
153 9999
154 852
155 9999
158 9999
159 9999
16 60
160 9982
161 9999
162 9999
163 9999
164 9999
165 9999
167 6893
168 9999
17 9999
172 14
173 9999
176 9999
177 9999
178 1042
179 9999
180 9992
181 9999
182 9990
183 9999
184 1038
185 9999
186 5317
187 9999
188 9129
189 9999
192 9999
193 9999
194 9717
195 9999
196 9999
197 9999
198 368
199 9999
201 9990
202 9999
203 9999
204 9999
207 9999
208 9999
209 39
210 9999
211 2929
212 9999
214 9999
215 9551
22 8888
223 8062
224 9999
23 9999
232 9999
233 9999
238 6632
239 9999
240 9999
241 9999
242 9999
243 9999
246 9999
247 9999
249 9999
250 9999
251 9999
252 9999
254 9999
255 9999
257 12
258 9992
259 9999
260 9999
264 9999
265 9999
266 15
267 9999
268 9999
269 9999
27 1377
276 9999
277 9999
279 9999
28 9999
280 9999
281 9790
282 9999
284 9999
285 9999
287 8420
288 9999
289 6803
290 9999
293 9999
294 9999
295 6906
296 9999
30 31
300 12
301 9999
302 9999
303 9999
304 9967
305 9999
306 9999
307 9999
308 0
309 9981
31 9999
310 594
311 9999
315 9169
316 9999
317 9999
318 9999
319 838
32 22
320 9999
321 9999
322 9999
323 9999
324 9999
325 9529
326 9999
327 187
328 9999
329 9999
33 9999
330 9999
331 9046
332 9999
333 9999
334 9999
339 5007
34 858
340 9999
341 4642
342 9999
343 9999
344 9999
348 9999
349 9999
35 9999
351 6635
352 9999
356 8802
357 9999
358 36
359 9999
360 0
361 9994
365 9921
366 9999
367 8096
368 9999
370 710
371 9999
372 9999
373 9999
375 9892
376 9999
378 9999
379 9999
381 8
382 9994
383 1
384 9999
386 14
387 9999
389 9999
390 9999
394 9999
395 9999
396 6759
397 9999
399 9999
400 9999
401 6255
402 9999
409 0
41 9999
410 9999
411 9999
412 9999
42 9999
422 13
423 9999
425 3
426 9999
427 9983
428 9999
43 6309
432 9971
433 9999
437 769
438 9999
439 9999
44 9999
440 9999
442 9999
443 9999
446 9998
447 9999
47 303
48 9999
50 9999
51 9999
53 3
54 9999
55 9760
56 9999
59 37
60 9999
61 9999
62 9999
63 159
64 9999
67 15
68 9999
69 9999
70 9999
73 9999
74 9999
76 151
77 9999
80 9999
81 9999
89 967
90 9999
91 5300
92 9999
95 5218
96 9999
98 9955
99 9999
10 3
11 489
12 0
13 430
151 23
152 499
17 441
18 481
255 0
256 398
257 39
258 493
27 39
28 499
294 0
295 46
31 0
32 10
369 0
370 499
420 0
421 499
43 0
435 1
436 483
437 42
438 499
44 498
531 143
532 23
559 143
560 499
592 0
593 43
650 0
651 0
678 32
679 499
682 499
683 14
7 346
707 2
708 499
719 129
720 499
725 446
726 396
73 0
74 162
747 46
748 499
756 0
757 0
776 0
777 43
8 72
823 499
824 495
87 0
88 467
89 2
90 499
