103 9970
104 9996
105 0
106 9997
110 7
111 9999
117 9674
118 9999
139 9996
140 9999
141 0
142 9999
144 9999
145 9996
150 9999
151 9999
159 1180
160 9999
17 6491
171 0
172 9999
175 9969
176 9999
178 9999
179 9617
18 9996
185 1172
186 9999
189 0
190 9999
191 58
192 9999
195 972
196 0
201 0
202 9999
211 607
212 9999
216 0
217 9576
222 9999
223 9979
23 5
234 6
235 9999
237 0
238 9972
239 6
24 9999
240 9999
251 0
252 9435
260 0
261 9999
266 47
267 9999
271 0
272 9999
276 0
277 0
280 0
281 9999
282 0
283 9974
288 9601
289 9969
297 9999
298 9912
300 6
301 9999
302 0
303 9999
320 9995
321 9999
322 9999
323 9999
324 3
325 9998
329 0
330 9999
334 0
335 9999
345 9
346 9999
360 6
361 9999
365 9999
366 9999
372 0
373 9999
374 1335
375 9999
380 58
381 9999
393 9995
394 9999
398 790
399 9999
40 0
400 9997
401 9999
406 0
407 831
41 9995
411 0
412 9999
423 1308
424 9999
427 0
428 9999
431 0
432 9434
437 0
438 9999
441 73
442 9999
444 6951
445 9999
45 9999
457 0
458 9999
46 7
47 0
473 9586
474 9999
48 9967
490 0
491 9999
494 0
495 9999
497 0
498 9999
499 4
5 9997
500 9999
501 5
502 9999
508 0
509 0
51 0
519 0
52 9999
520 5
543 0
544 9999
546 9262
547 9999
548 63
549 9999
551 7200
552 1341
559 972
56 9997
560 9
562 9440
563 9937
567 7
568 9999
57 9999
594 9940
595 9999
6 9999
602 0
603 9643
608 0
609 9999
646 6400
647 9944
649 0
650 9997
658 0
659 9997
667 6
668 9999
674 4
675 9999
676 5
677 9999
679 9966
680 9998
681 8817
682 9999
692 1112
693 9999
694 4
695 9999
700 7
701 9997
702 407
703 9999
714 6
715 9999
718 6414
719 53
720 43
721 9996
77 9999
78 9999
79 0
80 9622
85 0
86 9999
87 0
88 9999
89 0
90 9999
96 5
97 9999
103 9970
104 9996
105 0
106 9997
110 7
111 9999
117 9674
118 9999
139 9996
140 9999
141 0
142 9999
144 9999
145 9996
150 9999
151 9999
159 1180
160 9999
17 6491
171 0
172 9999
175 9969
176 9999
178 9999
179 9617
18 9996
185 1172
186 9999
189 0
190 9999
191 58
192 9999
195 972
196 0
201 0
202 9999
211 607
212 9999
216 0
217 9576
222 9999
223 9979
23 5
234 6
235 9999
237 0
238 9972
239 6
24 9999
240 9999
251 0
252 9435
260 0
261 9999
266 47
267 9999
271 0
272 9999
276 0
277 0
280 0
281 9999
282 0
283 9974
288 9601
289 9969
297 9999
298 9912
300 6
301 9999
302 0
303 9999
320 9995
321 9999
322 9999
323 9999
324 3
325 9998
329 0
330 9999
334 0
335 9999
345 9
346 9999
360 6
361 9999
365 9999
366 9999
372 0
373 9999
374 1335
375 9999
380 58
381 9999
393 9995
394 9999
398 790
399 9999
40 0
400 9997
401 9999
406 0
407 831
41 9995
411 0
412 9999
423 1308
424 9999
427 0
428 9999
431 0
432 9434
437 0
438 9999
441 73
442 9999
444 6951
445 9999
45 9999
457 0
458 9999
46 7
47 0
473 9586
474 9999
48 9967
490 0
491 9999
494 0
495 9999
497 0
498 9999
499 4
5 9997
500 9999
501 5
502 9999
508 0
509 0
51 0
519 0
52 9999
520 5
543 0
544 9999
546 9262
547 9999
548 63
549 9999
551 7200
552 1341
559 972
56 9997
560 9
562 9440
563 9937
567 7
568 9999
57 9999
594 9940
595 9999
6 9999
602 0
603 9643
608 0
609 9999
646 6400
647 9944
649 0
650 9997
658 0
659 9997
667 6
668 9999
674 4
675 9999
676 5
677 9999
679 9966
680 9998
681 8817
682 9999
692 1112
693 9999
694 4
695 9999
700 7
701 9997
702 407
703 9999
714 6
715 9999
718 6414
719 53
720 43
721 9996
77 9999
78 9999
79 0
80 9622
85 0
86 9999
87 0
88 9999
89 0
90 9999
96 5
97 9999
0 0
1 0
10 0
100 0
101 0
102 0
103 0
104 0
105 0
106 0
107 0
108 0
109 0
11 0
110 0
111 0
112 0
113 0
114 0
115 0
116 0
117 0
118 0
119 0
12 0
120 0
121 0
122 0
123 0
124 0
125 0
126 0
127 0
128 0
129 0
13 0
130 0
131 0
132 0
133 0
134 0
135 0
136 0
137 0
138 0
139 0
14 0
140 0
141 0
142 0
143 0
144 0
145 0
146 0
147 0
148 0
149 0
15 0
150 0
151 0
152 0
153 0
154 0
155 0
156 0
157 0
158 0
159 0
16 0
160 0
161 0
162 0
163 0
164 0
165 0
166 0
167 0
168 0
169 0
17 0
170 0
171 0
172 0
173 0
174 0
175 0
176 0
177 0
178 0
179 0
18 0
180 0
181 0
182 0
183 0
184 0
185 0
186 0
187 0
188 0
189 0
19 0
190 0
191 0
192 0
193 0
194 0
195 0
196 0
197 0
198 0
199 0
2 0
20 0
200 0
201 0
202 0
203 0
204 0
205 0
206 0
207 0
208 0
209 0
21 0
210 0
211 0
212 0
213 0
214 0
215 0
216 0
217 0
218 0
219 0
22 0
220 0
221 0
222 0
223 0
224 0
225 0
226 0
227 0
228 0
229 0
23 0
230 0
231 0
232 0
233 0
234 0
235 0
236 0
237 0
238 0
239 0
24 0
240 0
241 0
242 0
243 0
244 0
245 0
246 0
247 0
248 0
249 0
25 0
250 0
251 0
252 0
253 0
254 0
255 0
256 0
257 0
258 0
259 0
26 0
260 0
261 0
262 0
263 0
264 0
265 0
266 0
267 0
268 0
269 0
27 0
270 0
271 0
272 0
273 0
274 0
275 0
276 0
277 0
278 0
279 0
28 0
280 0
281 0
282 0
283 0
284 0
285 0
286 0
287 0
288 0
289 0
29 0
290 0
291 0
292 0
293 0
294 0
295 0
296 0
297 0
298 0
299 0
3 0
30 0
300 0
301 0
302 0
303 0
304 0
305 0
306 0
307 0
308 0
309 0
31 0
310 0
311 0
312 0
313 0
314 0
315 0
316 0
317 0
318 0
319 0
32 0
320 0
321 0
322 0
323 0
324 0
325 0
326 0
327 0
328 0
329 0
33 0
330 0
331 0
332 0
333 0
334 0
335 0
336 0
337 0
338 0
339 0
34 0
340 0
341 0
342 0
343 0
344 0
345 0
346 0
347 0
348 0
349 0
35 0
350 0
351 0
352 0
353 0
354 0
355 0
356 0
357 0
358 0
359 0
36 0
360 0
361 0
362 0
363 0
364 0
365 0
366 0
367 0
368 0
369 0
37 0
370 0
371 0
372 0
373 0
374 0
375 0
376 0
377 0
378 0
379 0
38 0
380 0
381 0
382 0
383 0
384 0
385 0
386 0
387 0
388 0
389 0
39 0
390 0
391 0
392 0
393 0
394 0
395 0
396 0
397 0
398 0
399 0
4 0
40 0
400 0
401 0
402 0
403 0
404 0
405 0
406 0
407 0
408 0
409 0
41 0
410 0
411 0
412 0
413 0
414 0
415 0
416 0
417 0
418 0
419 0
42 0
420 0
421 0
422 0
423 0
424 0
425 0
426 0
427 0
428 0
429 0
43 0
430 0
431 0
432 0
433 0
434 0
435 0
436 0
437 0
438 0
439 0
44 0
440 0
441 0
442 0
443 0
444 0
445 0
446 0
447 0
448 0
449 0
45 0
450 0
451 0
452 0
453 0
454 0
455 0
456 0
457 0
458 0
459 0
46 0
460 0
461 0
462 0
463 0
464 0
465 0
466 0
467 0
468 0
469 0
47 0
470 0
471 0
472 0
473 0
474 0
475 0
476 0
477 0
478 0
479 0
48 0
480 0
481 0
482 0
483 0
484 0
485 0
486 0
487 0
488 0
489 0
49 0
490 0
491 0
492 0
493 0
494 0
495 0
496 0
497 0
498 0
499 0
5 0
50 0
500 0
501 0
502 0
503 0
504 0
505 0
506 0
507 0
508 0
509 0
51 0
510 0
511 0
512 0
513 0
514 0
515 0
516 0
517 0
518 0
519 0
52 0
520 0
521 0
522 0
523 0
524 0
525 0
526 0
527 0
528 0
529 0
53 0
530 0
531 0
532 0
533 0
534 0
535 0
536 0
537 0
538 0
539 0
54 0
540 0
541 0
542 0
543 0
544 0
545 0
546 0
547 0
548 0
549 0
55 0
550 0
551 0
552 0
553 0
554 0
555 0
556 0
557 0
558 0
559 0
56 0
560 0
561 0
562 0
563 0
564 0
565 0
566 0
567 0
568 0
569 0
57 0
570 0
571 0
572 0
573 0
574 0
575 0
576 0
577 0
578 0
579 0
58 0
580 0
581 0
582 0
583 0
584 0
585 0
586 0
587 0
588 0
589 0
59 0
590 0
591 0
592 0
593 0
594 0
595 0
596 0
597 0
598 0
599 0
6 0
60 0
600 0
601 0
602 0
603 0
604 0
605 0
606 0
607 0
608 0
609 0
61 0
610 0
611 0
612 0
613 0
614 0
615 0
616 0
617 0
618 0
619 0
62 0
620 0
621 0
622 0
623 0
63 0
64 0
65 0
66 0
67 0
68 0
69 0
7 0
70 0
71 0
72 0
73 0
74 0
75 0
76 0
77 0
78 0
79 0
8 0
80 0
81 0
82 0
83 0
84 0
85 0
86 0
87 0
88 0
89 0
9 0
90 0
91 0
92 0
93 0
94 0
95 0
96 0
97 0
98 0
99 0
0 0
1 0
10 0
100 0
101 0
102 0
103 0
104 0
105 0
106 0
107 0
108 0
109 0
11 0
110 0
111 0
112 0
113 0
114 0
115 0
116 0
117 0
118 0
119 0
12 0
120 0
121 0
122 0
123 0
124 0
125 0
126 0
127 0
128 0
129 0
13 0
130 0
131 0
132 0
133 0
134 0
135 0
136 0
137 0
138 0
139 0
14 0
140 0
141 0
142 0
143 0
144 0
145 0
146 0
147 0
148 0
149 0
15 0
150 0
151 0
152 0
153 0
154 0
155 0
156 0
157 0
158 0
159 0
16 0
160 0
161 0
162 0
163 0
164 0
165 0
166 0
167 0
168 0
169 0
17 0
170 0
171 0
172 0
173 0
174 0
175 0
176 0
177 0
178 0
179 0
18 0
180 0
181 0
182 0
183 0
184 0
185 0
186 0
187 0
188 0
189 0
19 0
190 0
191 0
192 0
193 0
194 0
195 0
196 0
197 0
198 0
199 0
2 0
20 0
200 0
201 0
202 0
203 0
204 0
205 0
206 0
207 0
208 0
209 0
21 0
210 0
211 0
212 0
213 0
214 0
215 0
216 0
217 0
218 0
219 0
22 0
220 0
221 0
222 0
223 0
224 0
225 0
226 0
227 0
228 0
229 0
23 0
230 0
231 0
232 0
233 0
234 0
235 0
236 0
237 0
238 0
239 0
24 0
240 0
241 0
242 0
243 0
244 0
245 0
246 0
247 0
248 0
249 0
25 0
250 0
251 0
252 0
253 0
254 0
255 0
256 0
257 0
258 0
259 0
26 0
260 0
261 0
262 0
263 0
264 0
265 0
266 0
267 0
268 0
269 0
27 0
270 0
271 0
272 0
273 0
274 0
275 0
276 0
277 0
278 0
279 0
28 0
280 0
281 0
282 0
283 0
284 0
285 0
286 0
287 0
288 0
289 0
29 0
290 0
291 0
292 0
293 0
294 0
295 0
296 0
297 0
298 0
299 0
3 0
30 0
300 0
301 0
302 0
303 0
304 0
305 0
306 0
307 0
308 0
309 0
31 0
310 0
311 0
312 0
313 0
314 0
315 0
316 0
317 0
318 0
319 0
32 0
320 0
321 0
322 0
323 0
324 0
325 0
326 0
327 0
328 0
329 0
33 0
330 0
331 0
332 0
333 0
334 0
335 0
336 0
337 0
338 0
339 0
34 0
340 0
341 0
342 0
343 0
344 0
345 0
346 0
347 0
348 0
349 0
35 0
350 0
351 0
352 0
353 0
354 0
355 0
356 0
357 0
358 0
359 0
36 0
360 0
361 0
362 0
363 0
364 0
365 0
366 0
367 0
368 0
369 0
37 0
370 0
371 0
372 0
373 0
374 0
375 0
376 0
377 0
378 0
379 0
38 0
380 0
381 0
382 0
383 0
384 0
385 0
386 0
387 0
388 0
389 0
39 0
390 0
391 0
392 0
393 0
394 0
395 0
396 0
397 0
398 0
399 0
4 0
40 0
400 0
401 0
402 0
403 0
404 0
405 0
406 0
407 0
408 0
409 0
41 0
410 0
411 0
412 0
413 0
414 0
415 0
416 0
417 0
418 0
419 0
42 0
420 0
421 0
422 0
423 0
424 0
425 0
426 0
427 0
428 0
429 0
43 0
430 0
431 0
432 0
433 0
434 0
435 0
436 0
437 0
438 0
439 0
44 0
440 0
441 0
442 0
443 0
444 0
445 0
446 0
447 0
448 0
449 0
45 0
450 0
451 0
452 0
453 0
454 0
455 0
456 0
457 0
458 0
459 0
46 0
460 0
461 0
462 0
463 0
464 0
465 0
466 0
467 0
468 0
469 0
47 0
470 0
471 0
472 0
473 0
474 0
475 0
476 0
477 0
478 0
479 0
48 0
480 0
481 0
482 0
483 0
484 0
485 0
486 0
487 0
488 0
489 0
49 0
490 0
491 0
492 0
493 0
494 0
495 0
496 0
497 0
498 0
499 0
5 0
50 0
500 0
501 0
502 0
503 0
504 0
505 0
506 0
507 0
508 0
509 0
51 0
510 0
511 0
512 0
513 0
514 0
515 0
516 0
517 0
518 0
519 0
52 0
520 0
521 0
522 0
523 0
524 0
525 0
526 0
527 0
528 0
529 0
53 0
530 0
531 0
532 0
533 0
534 0
535 0
536 0
537 0
538 0
539 0
54 0
540 0
541 0
542 0
543 0
544 0
545 0
546 0
547 0
548 0
549 0
55 0
550 0
551 0
552 0
553 0
554 0
555 0
556 0
557 0
558 0
559 0
56 0
560 0
561 0
562 0
563 0
564 0
565 0
566 0
567 0
568 0
569 0
57 0
570 0
571 0
572 0
573 0
574 0
575 0
576 0
577 0
578 0
579 0
58 0
580 0
581 0
582 0
583 0
584 0
585 0
586 0
587 0
588 0
589 0
59 0
590 0
591 0
592 0
593 0
594 0
595 0
596 0
597 0
598 0
599 0
6 0
60 0
600 0
601 0
602 0
603 0
604 0
605 0
606 0
607 0
608 0
609 0
61 0
610 0
611 0
612 0
613 0
614 0
615 0
616 0
617 0
618 0
619 0
62 0
620 0
621 0
622 0
623 0
63 0
64 0
65 0
66 0
67 0
68 0
69 0
7 0
70 0
71 0
72 0
73 0
74 0
75 0
76 0
77 0
78 0
79 0
8 0
80 0
81 0
82 0
83 0
84 0
85 0
86 0
87 0
88 0
89 0
9 0
90 0
91 0
92 0
93 0
94 0
95 0
96 0
97 0
98 0
99 0
0 0
1 0
10 0
100 0
101 0
102 0
103 0
104 0
105 0
106 0
107 0
108 0
109 0
11 0
110 0
111 0
112 0
113 0
114 0
115 0
116 0
117 0
118 0
119 0
12 0
120 0
121 0
122 0
123 0
124 0
125 0
126 0
127 0
128 0
129 0
13 0
130 0
131 0
132 0
133 0
134 0
135 0
136 0
137 0
138 0
139 0
14 0
140 0
141 0
142 0
143 0
144 0
145 0
146 0
147 0
148 0
149 0
15 0
150 0
151 0
152 0
153 0
154 0
155 0
156 0
157 0
158 0
159 0
16 0
160 0
161 0
162 0
163 0
164 0
165 0
166 0
167 0
168 0
169 0
17 0
170 0
171 0
172 0
173 0
174 0
175 0
176 0
177 0
178 0
179 0
18 0
180 0
181 0
182 0
183 0
184 0
185 0
186 0
187 0
188 0
189 0
19 0
190 0
191 0
192 0
193 0
194 0
195 0
196 0
197 0
198 0
199 0
2 0
20 0
200 0
201 0
202 0
203 0
204 0
205 0
206 0
207 0
208 0
209 0
21 0
210 0
211 0
212 0
213 0
214 0
215 0
216 0
217 0
218 0
219 0
22 0
220 0
221 0
222 0
223 0
224 0
225 0
226 0
227 0
228 0
229 0
23 0
230 0
231 0
232 0
233 0
234 0
235 0
236 0
237 0
238 0
239 0
24 0
240 0
241 0
242 0
243 0
244 0
245 0
246 0
247 0
248 0
249 0
25 0
250 0
251 0
252 0
253 0
254 0
255 0
256 0
257 0
258 0
259 0
26 0
260 0
261 0
262 0
263 0
264 0
265 0
266 0
267 0
268 0
269 0
27 0
270 0
271 0
272 0
273 0
274 0
275 0
276 0
277 0
278 0
279 0
28 0
280 0
281 0
282 0
283 0
284 0
285 0
286 0
287 0
288 0
289 0
29 0
290 0
291 0
292 0
293 0
294 0
295 0
296 0
297 0
298 0
299 0
3 0
30 0
300 0
301 0
302 0
303 0
304 0
305 0
306 0
307 0
308 0
309 0
31 0
310 0
311 0
312 0
313 0
314 0
315 0
316 0
317 0
318 0
319 0
32 0
320 0
321 0
322 0
323 0
324 0
325 0
326 0
327 0
328 0
329 0
33 0
330 0
331 0
332 0
333 0
334 0
335 0
336 0
337 0
338 0
339 0
34 0
340 0
341 0
342 0
343 0
344 0
345 0
346 0
347 0
348 0
349 0
35 0
350 0
351 0
352 0
353 0
354 0
355 0
356 0
357 0
358 0
359 0
36 0
360 0
361 0
362 0
363 0
364 0
365 0
366 0
367 0
368 0
369 0
37 0
370 0
371 0
372 0
373 0
374 0
375 0
376 0
377 0
378 0
379 0
38 0
380 0
381 0
382 0
383 0
384 0
385 0
386 0
387 0
388 0
389 0
39 0
390 0
391 0
392 0
393 0
394 0
395 0
396 0
397 0
398 0
399 0
4 0
40 0
400 0
401 0
402 0
403 0
404 0
405 0
406 0
407 0
408 0
409 0
41 0
410 0
411 0
412 0
413 0
414 0
415 0
416 0
417 0
418 0
419 0
42 0
420 0
421 0
422 0
423 0
424 0
425 0
426 0
427 0
428 0
429 0
43 0
430 0
431 0
432 0
433 0
434 0
435 0
436 0
437 0
438 0
439 0
44 0
440 0
441 0
442 0
443 0
444 0
445 0
446 0
447 0
448 0
449 0
45 0
450 0
451 0
452 0
453 0
454 0
455 0
456 0
457 0
458 0
459 0
46 0
460 0
461 0
462 0
463 0
464 0
465 0
466 0
467 0
468 0
469 0
47 0
470 0
471 0
472 0
473 0
474 0
475 0
476 0
477 0
478 0
479 0
48 0
480 0
481 0
482 0
483 0
484 0
485 0
486 0
487 0
488 0
489 0
49 0
490 0
491 0
492 0
493 0
494 0
495 0
496 0
497 0
498 0
499 0
5 0
50 0
500 0
501 0
502 0
503 0
504 0
505 0
506 0
507 0
508 0
509 0
51 0
510 0
511 0
512 0
513 0
514 0
515 0
516 0
517 0
518 0
519 0
52 0
520 0
521 0
522 0
523 0
524 0
525 0
526 0
527 0
528 0
529 0
53 0
530 0
531 0
532 0
533 0
534 0
535 0
536 0
537 0
538 0
539 0
54 0
540 0
541 0
542 0
543 0
544 0
545 0
546 0
547 0
548 0
549 0
55 0
550 0
551 0
552 0
553 0
554 0
555 0
556 0
557 0
558 0
559 0
56 0
560 0
561 0
562 0
563 0
564 0
565 0
566 0
567 0
568 0
569 0
57 0
570 0
571 0
572 0
573 0
574 0
575 0
576 0
577 0
578 0
579 0
58 0
580 0
581 0
582 0
583 0
584 0
585 0
586 0
587 0
588 0
589 0
59 0
590 0
591 0
592 0
593 0
594 0
595 0
596 0
597 0
598 0
599 0
6 0
60 0
600 0
601 0
602 0
603 0
604 0
605 0
606 0
607 0
608 0
609 0
61 0
610 0
611 0
612 0
613 0
614 0
615 0
616 0
617 0
618 0
619 0
62 0
620 0
621 0
622 0
623 0
63 0
64 0
65 0
66 0
67 0
68 0
69 0
7 0
70 0
71 0
72 0
73 0
74 0
75 0
76 0
77 0
78 0
79 0
8 0
80 0
81 0
82 0
83 0
84 0
85 0
86 0
87 0
88 0
89 0
9 0
90 0
91 0
92 0
93 0
94 0
95 0
96 0
97 0
98 0
99 0
0 0
1 0
10 0
100 0
101 0
102 0
103 0
104 0
105 0
106 0
107 0
108 0
109 0
11 0
110 0
111 0
112 0
113 0
114 0
115 0
116 0
117 0
118 0
119 0
12 0
120 0
121 0
122 0
123 0
124 0
125 0
126 0
127 0
128 0
129 0
13 0
130 0
131 0
132 0
133 0
134 0
135 0
136 0
137 0
138 0
139 0
14 0
140 0
141 0
142 0
143 0
144 0
145 0
146 0
147 0
148 0
149 0
15 0
150 0
151 0
152 0
153 0
154 0
155 0
156 0
157 0
158 0
159 0
16 0
160 0
161 0
162 0
163 0
164 0
165 0
166 0
167 0
168 0
169 0
17 0
170 0
171 0
172 0
173 0
174 0
175 0
176 0
177 0
178 0
179 0
18 0
180 0
181 0
182 0
183 0
184 0
185 0
186 0
187 0
188 0
189 0
19 0
190 0
191 0
192 0
193 0
194 0
195 0
196 0
197 0
198 0
199 0
2 0
20 0
200 0
201 0
202 0
203 0
204 0
205 0
206 0
207 0
208 0
209 0
21 0
210 0
211 0
212 0
213 0
214 0
215 0
216 0
217 0
218 0
219 0
22 0
220 0
221 0
222 0
223 0
224 0
225 0
226 0
227 0
228 0
229 0
23 0
230 0
231 0
232 0
233 0
234 0
235 0
236 0
237 0
238 0
239 0
24 0
240 0
241 0
242 0
243 0
244 0
245 0
246 0
247 0
248 0
249 0
25 0
250 0
251 0
252 0
253 0
254 0
255 0
256 0
257 0
258 0
259 0
26 0
260 0
261 0
262 0
263 0
264 0
265 0
266 0
267 0
268 0
269 0
27 0
270 0
271 0
272 0
273 0
274 0
275 0
276 0
277 0
278 0
279 0
28 0
280 0
281 0
282 0
283 0
284 0
285 0
286 0
287 0
288 0
289 0
29 0
290 0
291 0
292 0
293 0
294 0
295 0
296 0
297 0
298 0
299 0
3 0
30 0
300 0
301 0
302 0
303 0
304 0
305 0
306 0
307 0
308 0
309 0
31 0
310 0
311 0
312 0
313 0
314 0
315 0
316 0
317 0
318 0
319 0
32 0
320 0
321 0
322 0
323 0
324 0
325 0
326 0
327 0
328 0
329 0
33 0
330 0
331 0
332 0
333 0
334 0
335 0
336 0
337 0
338 0
339 0
34 0
340 0
341 0
342 0
343 0
344 0
345 0
346 0
347 0
348 0
349 0
35 0
350 0
351 0
352 0
353 0
354 0
355 0
356 0
357 0
358 0
359 0
36 0
360 0
361 0
362 0
363 0
364 0
365 0
366 0
367 0
368 0
369 0
37 0
370 0
371 0
372 0
373 0
374 0
375 0
376 0
377 0
378 0
379 0
38 0
380 0
381 0
382 0
383 0
384 0
385 0
386 0
387 0
388 0
389 0
39 0
390 0
391 0
392 0
393 0
394 0
395 0
396 0
397 0
398 0
399 0
4 0
40 0
400 0
401 0
402 0
403 0
404 0
405 0
406 0
407 0
408 0
409 0
41 0
410 0
411 0
412 0
413 0
414 0
415 0
416 0
417 0
418 0
419 0
42 0
420 0
421 0
422 0
423 0
424 0
425 0
426 0
427 0
428 0
429 0
43 0
430 0
431 0
432 0
433 0
434 0
435 0
436 0
437 0
438 0
439 0
44 0
440 0
441 0
442 0
443 0
444 0
445 0
446 0
447 0
448 0
449 0
45 0
450 0
451 0
452 0
453 0
454 0
455 0
456 0
457 0
458 0
459 0
46 0
460 0
461 0
462 0
463 0
464 0
465 0
466 0
467 0
468 0
469 0
47 0
470 0
471 0
472 0
473 0
474 0
475 0
476 0
477 0
478 0
479 0
48 0
480 0
481 0
482 0
483 0
484 0
485 0
486 0
487 0
488 0
489 0
49 0
490 0
491 0
492 0
493 0
494 0
495 0
496 0
497 0
498 0
499 0
5 0
50 0
500 0
501 0
502 0
503 0
504 0
505 0
506 0
507 0
508 0
509 0
51 0
510 0
511 0
512 0
513 0
514 0
515 0
516 0
517 0
518 0
519 0
52 0
520 0
521 0
522 0
523 0
524 0
525 0
526 0
527 0
528 0
529 0
53 0
530 0
531 0
532 0
533 0
534 0
535 0
536 0
537 0
538 0
539 0
54 0
540 0
541 0
542 0
543 0
544 0
545 0
546 0
547 0
548 0
549 0
55 0
550 0
551 0
552 0
553 0
554 0
555 0
556 0
557 0
558 0
559 0
56 0
560 0
561 0
562 0
563 0
564 0
565 0
566 0
567 0
568 0
569 0
57 0
570 0
571 0
572 0
573 0
574 0
575 0
576 0
577 0
578 0
579 0
58 0
580 0
581 0
582 0
583 0
584 0
585 0
586 0
587 0
588 0
589 0
59 0
590 0
591 0
592 0
593 0
594 0
595 0
596 0
597 0
598 0
599 0
6 0
60 0
600 0
601 0
602 0
603 0
604 0
605 0
606 0
607 0
608 0
609 0
61 0
610 0
611 0
612 0
613 0
614 0
615 0
616 0
617 0
618 0
619 0
62 0
620 0
621 0
622 0
623 0
624 0
625 0
626 0
627 0
628 0
629 0
63 0
630 0
631 0
632 0
633 0
634 0
635 0
636 0
637 0
638 0
639 0
64 0
640 0
641 0
642 0
643 0
644 0
645 0
65 0
66 0
67 0
68 0
69 0
7 0
70 0
71 0
72 0
73 0
74 0
75 0
76 0
77 0
78 0
79 0
8 0
80 0
81 0
82 0
83 0
84 0
85 0
86 0
87 0
88 0
89 0
9 0
90 0
91 0
92 0
93 0
94 0
95 0
96 0
97 0
98 0
99 0
0 0
1 0
10 0
100 0
101 0
102 0
103 0
104 0
105 0
106 0
107 0
108 0
109 0
11 0
110 0
111 0
112 0
113 0
114 0
115 0
116 0
117 0
118 0
119 0
12 0
120 0
121 0
122 0
123 0
124 0
125 0
126 0
127 0
128 0
129 0
13 0
130 0
131 0
132 0
133 0
134 0
135 0
136 0
137 0
138 0
139 0
14 0
140 0
141 0
142 0
143 0
144 0
145 0
146 0
147 0
148 0
149 0
15 0
150 0
151 0
152 0
153 0
154 0
155 0
156 0
157 0
158 0
159 0
16 0
160 0
161 0
162 0
163 0
164 0
165 0
166 0
167 0
168 0
169 0
17 0
170 0
171 0
172 0
173 0
174 0
175 0
176 0
177 0
178 0
179 0
18 0
180 0
181 0
182 0
183 0
184 0
185 0
186 0
187 0
188 0
189 0
19 0
190 0
191 0
192 0
193 0
194 0
195 0
196 0
197 0
198 0
199 0
2 0
20 0
200 0
201 0
202 0
203 0
204 0
205 0
206 0
207 0
208 0
209 0
21 0
210 0
211 0
212 0
213 0
214 0
215 0
216 0
217 0
218 0
219 0
22 0
220 0
221 0
222 0
223 0
224 0
225 0
226 0
227 0
228 0
229 0
23 0
230 0
231 0
232 0
233 0
234 0
235 0
236 0
237 0
238 0
239 0
24 0
240 0
241 0
242 0
243 0
244 0
245 0
246 0
247 0
248 0
249 0
25 0
250 0
251 0
252 0
253 0
254 0
255 0
256 0
257 0
258 0
259 0
26 0
260 0
261 0
262 0
263 0
264 0
265 0
266 0
267 0
268 0
269 0
27 0
270 0
271 0
272 0
273 0
274 0
275 0
276 0
277 0
278 0
279 0
28 0
280 0
281 0
282 0
283 0
284 0
285 0
286 0
287 0
288 0
289 0
29 0
290 0
291 0
292 0
293 0
294 0
295 0
296 0
297 0
298 0
299 0
3 0
30 0
300 0
301 0
302 0
303 0
304 0
305 0
306 0
307 0
308 0
309 0
31 0
310 0
311 0
312 0
313 0
314 0
315 0
316 0
317 0
318 0
319 0
32 0
320 0
321 0
322 0
323 0
324 0
325 0
326 0
327 0
328 0
329 0
33 0
330 0
331 0
332 0
333 0
334 0
335 0
336 0
337 0
338 0
339 0
34 0
340 0
341 0
342 0
343 0
344 0
345 0
346 0
347 0
348 0
349 0
35 0
350 0
351 0
352 0
353 0
354 0
355 0
356 0
357 0
358 0
359 0
36 0
360 0
361 0
362 0
363 0
364 0
365 0
366 0
367 0
368 0
369 0
37 0
370 0
371 0
372 0
373 0
374 0
375 0
376 0
377 0
378 0
379 0
38 0
380 0
381 0
382 0
383 0
384 0
385 0
386 0
387 0
388 0
389 0
39 0
390 0
391 0
392 0
393 0
394 0
395 0
396 0
397 0
398 0
399 0
4 0
40 0
400 0
401 0
402 0
403 0
404 0
405 0
406 0
407 0
408 0
409 0
41 0
410 0
411 0
412 0
413 0
414 0
415 0
416 0
417 0
418 0
419 0
42 0
420 0
421 0
422 0
423 0
424 0
425 0
426 0
427 0
428 0
429 0
43 0
430 0
431 0
432 0
433 0
434 0
435 0
436 0
437 0
438 0
439 0
44 0
440 0
441 0
442 0
443 0
444 0
445 0
446 0
447 0
448 0
449 0
45 0
450 0
451 0
452 0
453 0
454 0
455 0
456 0
457 0
458 0
459 0
46 0
460 0
461 0
462 0
463 0
464 0
465 0
466 0
467 0
468 0
469 0
47 0
470 0
471 0
472 0
473 0
474 0
475 0
476 0
477 0
478 0
479 0
48 0
480 0
481 0
482 0
483 0
484 0
485 0
486 0
487 0
488 0
489 0
49 0
490 0
491 0
492 0
493 0
494 0
495 0
496 0
497 0
498 0
499 0
5 0
50 0
500 0
501 0
502 0
503 0
504 0
505 0
506 0
507 0
508 0
509 0
51 0
510 0
511 0
512 0
513 0
514 0
515 0
516 0
517 0
518 0
519 0
52 0
520 0
521 0
522 0
523 0
524 0
525 0
526 0
527 0
528 0
529 0
53 0
530 0
531 0
532 0
533 0
534 0
535 0
536 0
537 0
538 0
539 0
54 0
540 0
541 0
542 0
543 0
544 0
545 0
546 0
547 0
548 0
549 0
55 0
550 0
551 0
552 0
553 0
554 0
555 0
556 0
557 0
558 0
559 0
56 0
560 0
561 0
562 0
563 0
564 0
565 0
566 0
567 0
568 0
569 0
57 0
570 0
571 0
572 0
573 0
574 0
575 0
576 0
577 0
578 0
579 0
58 0
580 0
581 0
582 0
583 0
584 0
585 0
586 0
587 0
588 0
589 0
59 0
590 0
591 0
592 0
593 0
594 0
595 0
596 0
597 0
598 0
599 0
6 0
60 0
600 0
601 0
602 0
603 0
604 0
605 0
606 0
607 0
608 0
609 0
61 0
610 0
611 0
612 0
613 0
614 0
615 0
616 0
617 0
618 0
619 0
62 0
620 0
621 0
622 0
623 0
624 0
625 0
626 0
627 0
628 0
629 0
63 0
630 0
631 0
632 0
633 0
634 0
635 0
64 0
65 0
66 0
67 0
68 0
69 0
7 0
70 0
71 0
72 0
73 0
74 0
75 0
76 0
77 0
78 0
79 0
8 0
80 0
81 0
82 0
83 0
84 0
85 0
86 0
87 0
88 0
89 0
9 0
90 0
91 0
92 0
93 0
94 0
95 0
96 0
97 0
98 0
99 0
102 0
103 0
105 0
106 0
108 0
109 0
119 0
12 0
120 0
126 0
127 0
13 0
131 0
132 0
136 0
137 0
147 0
148 0
149 0
15 0
150 0
153 0
154 0
156 0
157 0
16 0
161 0
162 0
165 0
166 0
172 0
173 0
174 0
175 0
18 0
180 0
181 0
184 0
185 0
19 0
190 0
191 0
21 0
210 0
211 0
22 0
224 0
225 0
229 0
230 0
237 0
238 0
239 0
240 0
255 0
256 0
265 0
266 0
27 0
270 0
271 0
272 0
273 0
28 0
29 0
293 0
294 0
3 0
30 0
310 0
311 0
314 0
315 0
323 0
324 0
326 0
327 0
330 0
331 0
339 0
340 0
345 0
346 0
348 0
349 0
35 0
350 0
351 0
353 0
354 0
36 0
362 0
363 0
364 0
365 0
375 0
376 0
382 0
383 0
386 0
387 0
388 0
389 0
393 0
394 0
398 0
399 0
4 0
403 0
404 0
406 0
407 0
408 0
409 0
432 0
433 0
441 0
442 0
444 0
445 0
446 0
447 0
454 0
455 0
457 0
458 0
460 0
461 0
465 0
466 0
471 0
472 0
473 0
474 0
479 0
480 0
481 0
482 0
483 0
484 0
489 0
490 0
493 0
494 0
499 0
500 0
506 0
507 0
509 0
510 0
515 0
516 0
517 0
518 0
52 0
521 0
522 0
53 0
530 0
531 0
532 0
533 0
535 0
536 0
538 0
539 0
556 0
557 0
560 0
561 0
563 0
564 0
566 0
567 0
581 0
582 0
583 0
584 0
589 0
590 0
6 0
606 0
607 0
609 0
610 0
618 0
619 0
622 0
623 0
625 0
626 0
631 0
632 0
636 0
637 0
645 0
646 0
65 0
650 0
651 0
653 0
654 0
66 0
670 0
671 0
674 0
675 0
676 0
677 0
678 0
679 0
693 0
694 0
7 0
707 0
708 0
709 0
710 0
711 0
712 0
716 0
717 0
721 0
722 0
724 0
725 0
730 0
731 0
738 0
739 0
74 0
740 0
741 0
744 0
745 0
746 0
747 0
75 0
750 0
751 0
77 0
78 0
82 0
83 0
85 0
86 0
89 0
90 0
96 0
97 0
102 1
103 473
105 3
106 473
108 471
109 471
119 4
12 438
120 469
126 461
127 468
13 490
131 0
132 468
136 468
137 122
147 96
148 465
149 465
15 490
150 465
153 463
154 465
156 0
157 465
16 490
161 0
162 464
165 413
166 464
172 428
173 462
174 11
175 462
18 490
180 0
181 462
184 414
185 23
19 490
190 416
191 440
21 45
210 461
211 460
22 490
224 26
225 460
229 0
230 460
237 1
238 460
239 433
240 460
255 0
256 459
265 459
266 10
27 483
270 4
271 459
272 2
273 459
28 3
29 3
293 446
294 455
3 10
30 489
310 453
311 453
314 36
315 453
323 453
324 115
326 452
327 452
330 452
331 26
339 234
340 451
345 65
346 21
348 116
349 451
35 488
350 0
351 451
353 1
354 451
36 482
362 161
363 450
364 18
365 450
375 448
376 448
382 0
383 448
386 448
387 448
388 443
389 448
393 195
394 447
398 1
399 442
4 494
403 0
404 445
406 426
407 446
408 432
409 446
432 442
433 408
441 439
442 1
444 45
445 442
446 161
447 442
454 0
455 1
457 35
458 442
460 442
461 442
465 442
466 301
471 360
472 442
473 0
474 442
479 0
480 2
481 2
482 441
483 15
484 441
489 0
490 437
493 441
494 441
499 0
500 441
506 4
507 440
509 440
510 440
515 438
516 440
517 169
518 440
52 6
521 22
522 440
53 484
530 0
531 395
532 3
533 439
535 439
536 435
538 439
539 439
556 439
557 6
560 0
561 439
563 423
564 439
566 439
567 439
581 438
582 146
583 0
584 438
589 437
590 439
6 427
606 438
607 3
609 438
610 15
618 163
619 436
622 21
623 436
625 423
626 436
631 0
632 401
636 420
637 435
645 50
646 435
65 471
650 0
651 435
653 432
654 434
66 380
670 94
671 434
674 431
675 434
676 17
677 435
678 425
679 435
693 136
694 434
7 492
707 63
708 433
709 377
710 433
711 13
712 433
716 2
717 433
721 0
722 67
724 433
725 424
730 397
731 6
738 75
739 432
74 323
740 8
741 432
744 432
745 432
746 148
747 432
75 417
750 38
751 432
77 476
78 476
82 398
83 474
85 452
86 474
89 61
90 474
96 0
97 473
10 999
106 987
107 999
108 8
109 999
112 999
113 15
114 925
115 999
116 2
117 999
118 1
119 999
12 10
122 988
123 997
124 10
125 999
128 18
129 999
13 999
132 0
133 999
136 105
137 999
143 3
144 999
149 943
15 102
150 999
152 997
153 999
157 999
158 999
16 999
160 4
161 999
166 0
167 1
169 999
17 999
170 999
171 27
172 999
173 0
174 999
176 999
177 991
18 999
182 935
183 999
184 0
185 999
187 999
188 13
189 17
190 999
191 192
192 999
193 172
194 999
204 999
205 998
206 998
207 999
211 999
212 999
214 0
215 999
220 2
221 999
224 998
225 989
227 999
228 999
230 1
231 999
239 0
240 999
243 875
244 999
247 999
248 999
250 183
251 999
252 254
253 999
254 994
255 999
26 0
260 6
261 999
264 994
265 996
27 28
271 999
272 999
273 999
274 999
279 0
280 999
283 963
284 999
287 928
288 579
291 991
292 999
294 900
295 999
298 675
299 996
303 3
304 999
307 964
308 997
309 3
31 211
310 999
312 989
313 999
318 999
319 1
32 999
325 993
326 999
328 1
329 999
331 999
332 999
349 999
350 999
354 11
355 999
356 0
357 999
370 147
371 999
374 998
375 999
38 2
381 0
382 999
384 18
385 999
388 697
389 999
39 999
399 999
4 114
400 999
402 999
403 1
404 0
405 999
407 989
408 711
41 0
411 999
412 999
413 905
414 999
417 999
418 999
419 999
42 999
420 999
427 916
428 999
433 980
434 999
436 999
437 999
443 0
444 878
447 9
448 999
454 0
455 859
456 892
457 999
462 2
463 999
467 8
468 999
471 1
472 999
476 999
477 999
483 0
484 0
487 999
488 999
49 999
490 15
491 999
497 3
498 999
499 0
5 999
50 102
500 999
502 999
503 999
505 999
506 999
509 12
510 999
515 999
516 999
522 0
523 998
530 10
531 999
539 243
540 999
543 999
544 15
547 999
548 7
550 999
551 999
563 0
564 999
566 167
567 999
570 23
571 999
573 932
574 999
575 890
576 999
577 0
578 999
590 999
591 999
592 521
593 999
596 140
597 999
600 0
601 999
604 999
605 999
607 999
608 999
609 918
610 999
611 611
612 999
614 999
615 999
618 2
619 999
621 0
622 999
627 999
628 12
639 999
640 999
649 943
650 999
652 999
653 18
666 0
667 999
673 991
674 999
677 999
678 999
679 174
680 999
69 0
70 4
71 991
72 999
77 20
78 999
80 999
81 999
83 1
84 999
85 999
86 999
89 999
9 0
90 999
92 182
93 999
94 932
95 999
97 9
98 999
10 999
106 987
107 999
108 8
109 999
112 999
113 15
114 925
115 999
116 2
117 999
118 1
119 999
12 10
122 988
123 997
124 10
125 999
128 18
129 999
13 999
132 0
133 999
136 105
137 999
143 3
144 999
149 943
15 102
150 999
152 997
153 999
157 999
158 999
16 999
160 4
161 999
166 0
167 1
169 999
17 999
170 999
171 27
172 999
173 0
174 999
176 999
177 991
18 999
182 935
183 999
184 0
185 999
187 999
188 13
189 17
190 999
191 192
192 999
193 172
194 999
204 999
205 998
206 998
207 999
211 999
212 999
214 0
215 999
220 2
221 999
224 998
225 989
227 999
228 999
230 1
231 999
239 0
240 999
243 875
244 999
247 999
248 999
250 183
251 999
252 254
253 999
254 994
255 999
26 0
260 6
261 999
264 994
265 996
27 28
271 999
272 999
273 999
274 999
279 0
280 999
283 963
284 999
287 928
288 579
291 991
292 999
294 900
295 999
298 675
299 996
303 3
304 999
307 964
308 997
309 3
31 211
310 999
312 989
313 999
318 999
319 1
32 999
325 993
326 999
328 1
329 999
331 999
332 999
349 999
350 999
354 11
355 999
356 0
357 999
370 147
371 999
374 998
375 999
38 2
381 0
382 999
384 18
385 999
388 697
389 999
39 999
399 999
4 114
400 999
402 999
403 1
404 0
405 999
407 989
408 711
41 0
411 999
412 999
413 905
414 999
417 999
418 999
419 999
42 999
420 999
427 916
428 999
433 980
434 999
436 999
437 999
443 0
444 878
447 9
448 999
454 0
455 859
456 892
457 999
462 2
463 999
467 8
468 999
471 1
472 999
476 999
477 999
483 0
484 0
487 999
488 999
49 999
490 15
491 999
497 3
498 999
499 0
5 999
50 102
500 999
502 999
503 999
505 999
506 999
509 12
510 999
515 999
516 999
522 0
523 998
530 10
531 999
539 243
540 999
543 999
544 15
547 999
548 7
550 999
551 999
563 0
564 999
566 167
567 999
570 23
571 999
573 932
574 999
575 890
576 999
577 0
578 999
590 999
591 999
592 521
593 999
596 140
597 999
600 0
601 999
604 999
605 999
607 999
608 999
609 918
610 999
611 611
612 999
614 999
615 999
618 2
619 999
621 0
622 999
627 999
628 12
639 999
640 999
649 943
650 999
652 999
653 18
666 0
667 999
673 991
674 999
677 999
678 999
679 174
680 999
69 0
70 4
71 991
72 999
77 20
78 999
80 999
81 999
83 1
84 999
85 999
86 999
89 999
9 0
90 999
92 182
93 999
94 932
95 999
97 9
98 999
10 13
101 0
102 980
103 167
104 980
109 2
11 995
110 980
114 1
115 979
117 1
118 979
12 995
129 512
13 994
130 978
132 0
133 978
134 0
135 978
137 2
138 977
139 0
140 977
146 977
147 49
149 977
150 977
160 0
161 977
165 977
166 977
168 2
169 977
17 994
170 920
171 977
18 992
181 976
182 903
183 977
184 977
188 0
189 976
19 531
197 2
198 976
199 1
20 994
200 976
203 2
204 976
206 0
207 975
21 994
212 523
213 631
214 0
215 976
217 976
218 968
22 994
228 790
229 974
236 848
237 974
238 5
239 974
240 8
241 974
245 1
246 974
248 0
249 974
251 883
252 974
254 974
255 973
256 46
257 973
258 971
259 972
261 972
262 963
270 862
271 972
272 212
273 972
274 921
275 972
280 0
281 972
289 0
290 972
293 854
294 972
299 1
300 971
306 971
307 5
309 971
310 971
315 969
316 970
317 955
318 970
319 1
32 992
320 970
321 862
322 969
326 2
327 969
328 0
329 969
33 148
330 890
331 969
332 2
333 969
334 969
335 969
336 969
337 969
34 975
342 0
343 969
344 1
345 969
346 963
347 969
35 990
350 969
351 955
352 0
353 968
359 968
36 818
360 968
362 869
363 967
368 10
369 967
37 990
375 966
376 916
378 3
379 966
38 247
380 0
381 966
383 966
384 966
39 988
390 2
391 966
393 2
394 966
4 2
403 0
404 966
407 910
408 966
412 897
413 133
416 0
417 932
418 10
419 966
42 977
43 988
431 966
432 943
433 960
434 966
437 618
438 966
439 912
440 966
444 0
445 966
449 2
45 17
450 966
451 966
452 966
456 966
457 966
458 939
459 966
46 988
461 947
462 966
463 187
464 966
465 962
466 966
467 1
468 966
475 966
476 966
478 966
479 965
48 988
483 898
484 966
485 834
486 966
489 1
49 988
490 966
493 859
494 966
495 3
496 965
498 957
499 966
5 997
500 521
501 966
506 4
507 966
508 20
509 966
51 988
510 20
511 966
513 9
514 966
516 562
517 966
519 28
52 922
520 966
524 21
525 966
527 201
528 966
53 794
530 0
531 966
533 18
534 966
535 966
536 966
54 988
545 966
546 44
550 216
551 965
552 0
553 965
559 521
560 965
565 0
566 965
572 965
573 965
576 19
577 965
579 962
580 965
583 381
584 965
587 0
588 964
590 965
591 965
592 31
593 965
594 135
595 965
597 965
598 965
599 965
600 965
601 965
602 965
603 965
604 965
611 25
612 965
615 963
616 958
626 0
627 963
628 0
629 962
636 0
637 963
642 963
643 963
649 958
650 963
651 881
652 963
653 908
654 963
658 0
659 963
66 19
665 963
666 963
667 166
668 962
669 1
67 985
670 962
671 3
672 962
674 871
675 962
680 962
681 962
683 10
684 962
71 17
72 985
79 971
8 0
80 983
82 1
83 983
86 983
87 284
88 645
89 983
9 992
91 982
92 981
98 981
99 966
10 999
106 987
107 999
108 8
109 999
112 999
113 15
114 925
115 999
116 2
117 999
118 1
119 999
12 10
122 988
123 997
124 10
125 999
128 18
129 999
13 999
132 0
133 999
136 105
137 999
143 3
144 999
149 943
15 102
150 999
152 997
153 999
157 999
158 999
16 999
160 4
161 999
166 0
167 1
169 999
17 999
170 999
171 27
172 999
173 0
174 999
176 999
177 991
18 999
182 935
183 999
184 0
185 999
187 999
188 13
189 17
190 999
191 192
192 999
193 172
194 999
204 999
205 998
206 998
207 999
211 999
212 999
214 0
215 999
220 2
221 999
224 998
225 989
227 999
228 999
230 1
231 999
239 0
240 999
243 875
244 999
247 999
248 999
250 183
251 999
252 254
253 999
254 994
255 999
26 0
260 6
261 999
264 994
265 996
27 28
271 999
272 999
273 999
274 999
279 0
280 999
283 963
284 999
287 928
288 579
291 991
292 999
294 900
295 999
298 675
299 996
303 3
304 999
307 964
308 997
309 3
31 211
310 999
312 989
313 999
318 999
319 1
32 999
325 993
326 999
328 1
329 999
331 999
332 999
349 999
350 999
354 11
355 999
356 0
357 999
370 147
371 999
374 998
375 999
38 2
381 0
382 999
384 18
385 999
388 697
389 999
39 999
399 999
4 114
400 999
402 999
403 1
404 0
405 999
407 989
408 711
41 0
411 999
412 999
413 905
414 999
417 999
418 999
419 999
42 999
420 999
427 916
428 999
433 980
434 999
436 999
437 999
443 0
444 878
447 9
448 999
454 0
455 859
456 892
457 999
462 2
463 999
467 8
468 999
471 1
472 999
476 999
477 999
483 0
484 0
487 999
488 999
49 999
490 15
491 999
497 3
498 999
499 0
5 999
50 102
500 999
502 999
503 999
505 999
506 999
509 12
510 999
515 999
516 999
522 0
523 998
530 10
531 999
539 243
540 999
543 999
544 15
547 999
548 7
550 999
551 999
563 0
564 999
566 167
567 999
570 23
571 999
573 932
574 999
575 890
576 999
577 0
578 999
590 999
591 999
592 521
593 999
596 140
597 999
600 0
601 999
604 999
605 999
607 999
608 999
609 918
610 999
611 611
612 999
614 999
615 999
618 2
619 999
621 0
622 999
627 999
628 12
639 999
640 999
649 943
650 999
652 999
653 18
666 0
667 999
673 991
674 999
677 999
678 999
679 174
680 999
69 0
70 4
71 991
72 999
77 20
78 999
80 999
81 999
83 1
84 999
85 999
86 999
89 999
9 0
90 999
92 182
93 999
94 932
95 999
97 9
98 999
10 988
11 999
116 992
117 972
128 953
129 0
13 999
134 218
135 999
136 0
137 997
14 997
141 0
142 999
147 992
148 999
149 17
15 19
150 999
16 999
166 16
167 999
176 99
177 999
181 949
182 999
192 0
193 29
194 1
195 999
199 0
20 0
200 999
203 999
204 67
206 28
207 999
21 992
213 937
214 992
215 2
216 999
217 0
218 998
222 126
223 999
225 999
226 148
23 1
230 7
231 999
235 999
236 19
24 999
246 998
247 999
249 999
250 997
252 998
253 999
254 796
255 999
26 219
260 999
261 0
265 0
266 75
27 999
272 0
273 999
277 219
278 999
280 989
281 0
29 10
298 922
299 999
30 999
301 219
302 992
31 0
32 999
326 856
327 992
34 0
345 2
346 999
35 949
36 4
37 999
370 0
371 953
378 0
379 953
38 216
39 999
40 943
406 998
407 6
41 999
428 0
429 998
434 13
435 999
436 19
437 999
442 999
443 999
444 860
445 999
454 29
455 999
456 0
457 993
466 0
467 998
474 0
475 999
476 2
477 999
491 17
492 999
500 997
501 558
503 990
504 999
506 987
507 998
510 0
511 999
518 997
519 998
521 2
522 995
528 0
529 993
531 999
532 998
536 3
537 999
538 402
539 999
55 999
552 999
553 998
554 1
555 999
557 5
558 999
56 1
561 899
562 999
563 3
564 999
565 0
566 998
569 2
570 999
571 992
572 999
574 148
575 999
576 936
577 999
589 4
590 998
601 3
602 999
610 15
611 999
617 998
618 999
621 922
622 999
624 999
625 998
636 0
637 993
643 14
644 999
645 148
646 999
655 0
656 999
662 3
663 998
666 148
667 999
673 0
674 23
675 10
676 999
677 0
678 999
696 4
697 999
699 953
7 999
70 4
700 202
701 148
702 999
703 999
704 999
71 999
711 673
712 953
72 146
724 0
725 992
73 999
733 135
734 999
743 0
744 992
751 999
752 999
754 999
755 999
79 2
8 985
80 999
86 12
87 999
89 148
90 999
1 264
10 499
103 0
104 499
105 499
106 499
109 499
110 7
114 499
115 499
116 56
117 499
118 467
119 499
120 499
121 499
124 499
125 499
126 499
127 499
129 499
13 0
130 499
132 499
133 499
137 499
138 499
139 499
14 499
140 499
141 20
142 499
144 499
145 499
146 499
147 499
149 14
15 7
150 499
151 492
152 499
153 496
154 499
155 499
156 499
16 499
160 499
161 499
162 499
163 499
164 499
165 499
166 109
167 499
17 0
171 223
172 499
173 449
174 499
175 28
176 499
18 499
181 496
182 499
183 64
184 499
19 499
191 499
192 499
194 499
195 499
197 499
198 499
199 499
2 499
20 499
200 499
203 499
204 499
205 89
206 499
209 499
21 45
210 499
211 456
212 499
214 499
215 499
22 499
220 499
221 499
224 34
225 499
228 499
229 499
23 12
230 499
231 499
233 499
234 488
236 499
237 499
238 495
239 499
24 499
240 491
241 499
242 499
243 499
245 88
246 499
247 497
248 499
249 499
25 499
250 499
251 491
252 499
253 497
254 499
256 499
257 499
259 106
26 499
260 499
261 499
262 499
264 470
265 499
266 0
267 499
27 499
270 499
271 499
272 469
273 499
275 499
276 499
279 499
28 499
280 499
281 495
282 499
283 499
284 499
288 499
289 499
290 496
291 499
296 499
297 499
299 499
30 496
300 499
301 134
302 499
305 499
306 499
307 4
308 499
31 493
311 499
312 499
313 197
314 499
316 499
317 499
32 499
321 66
322 499
323 97
324 499
325 10
326 499
327 55
328 499
329 53
33 499
330 499
331 499
332 499
334 499
335 499
339 499
340 499
341 499
342 499
345 499
346 499
349 499
35 45
350 499
351 499
352 499
353 79
354 499
355 499
356 499
357 499
358 499
359 311
36 499
360 499
363 499
364 499
366 217
367 499
368 499
369 499
370 499
371 499
372 182
373 499
376 499
377 499
379 499
38 498
380 499
381 297
382 499
383 499
384 499
385 188
386 499
387 15
388 499
389 492
39 89
390 499
391 499
392 499
394 499
395 499
396 482
397 499
399 482
40 499
400 499
402 499
403 499
404 499
405 499
407 182
408 499
409 499
41 499
410 499
411 499
412 499
413 191
414 499
415 498
416 499
419 499
42 498
420 499
421 498
422 499
424 499
425 499
427 499
428 499
43 499
430 499
431 499
434 70
435 499
436 210
437 499
438 95
439 499
440 6
441 499
442 493
443 499
446 491
447 499
45 499
451 499
452 499
457 243
458 499
46 499
460 311
461 499
463 499
464 499
465 233
466 499
469 153
470 499
471 499
472 499
475 456
476 499
479 499
48 177
480 499
482 499
483 499
485 499
486 499
487 499
488 499
49 499
490 490
491 499
493 483
494 448
496 499
497 499
498 499
499 499
5 209
50 461
500 499
501 499
502 496
503 499
504 15
505 499
507 499
508 499
51 499
510 496
511 499
512 499
513 499
515 492
516 49
517 28
518 499
52 1
521 55
522 499
525 499
526 499
527 499
528 499
529 499
53 499
530 499
531 499
532 499
533 499
534 499
535 14
536 499
537 43
538 499
539 499
54 70
540 499
541 477
542 499
544 499
545 499
546 486
547 499
549 499
55 499
550 499
551 499
552 499
553 498
554 499
556 499
557 499
558 499
559 499
560 499
561 499
562 499
563 499
566 499
567 499
568 497
569 499
570 499
571 499
576 471
577 499
578 499
579 499
580 499
581 499
583 499
584 499
585 499
586 499
588 499
589 499
59 499
590 467
591 499
592 17
593 499
595 499
596 499
598 499
599 499
6 499
60 499
600 178
601 499
602 499
603 499
606 499
607 499
608 499
609 499
61 152
611 210
612 499
613 499
614 499
618 0
619 499
62 499
621 499
622 499
623 499
624 499
627 499
628 499
629 45
630 499
631 490
632 499
634 118
635 499
636 116
637 499
64 499
640 438
641 499
642 499
643 499
644 499
645 499
646 499
647 499
648 499
649 499
65 499
651 496
652 499
653 57
654 499
655 4
656 499
657 88
658 499
660 494
661 66
68 0
69 499
7 497
70 442
71 499
72 499
73 499
74 473
75 499
77 64
78 499
8 499
80 86
81 499
82 499
83 499
85 43
86 499
87 499
88 499
89 499
9 499
90 499
91 204
92 499
93 499
94 499
95 199
96 499
98 486
99 499
1 9999
100 9993
101 9986
102 9999
103 9999
104 9999
106 151
107 9999
108 9955
109 9999
11 8416
111 9999
112 9999
114 9955
115 9999
118 9986
119 9999
12 9999
120 9999
121 9999
122 965
123 9999
124 911
125 9999
126 9973
127 9999
128 9969
129 9999
13 9999
130 42
131 9999
132 225
133 9999
135 9999
136 9999
137 5218
138 9999
14 9999
140 9955
141 9999
142 7709
143 9999
144 9999
145 9999
146 9659
147 9999
149 9999
15 9999
150 9999
151 9999
152 9999
153 9948
154 9999
155 9999
156 9999
157 9997
158 9999
159 9897
16 9999
160 9999
161 9999
162 9999
164 9981
165 9999
166 9999
167 9999
168 9999
169 9999
171 9999
172 9999
173 54
174 9999
175 9999
176 9999
177 8653
178 9999
179 0
180 9986
181 187
182 9999
183 9983
184 9999
185 1377
186 9999
187 31
188 9999
189 7423
19 8538
190 9999
192 8474
193 9999
194 115
195 9999
196 9999
197 9999
198 18
199 9999
2 9999
20 9999
200 300
201 9999
202 6240
203 9999
204 9999
205 9999
206 6949
207 9999
208 6429
209 9999
21 9999
210 1443
211 9999
212 9999
213 9999
214 247
215 9999
216 10
217 9999
218 9999
219 9999
22 9999
221 905
222 9999
224 9999
225 9999
226 9982
227 9999
228 9999
229 9999
230 9999
231 9999
232 8893
233 9999
234 9999
235 9999
236 1223
237 9999
24 3
240 284
241 9999
242 2
243 9999
244 9999
245 9999
246 9999
247 9999
248 1042
249 9999
25 9999
250 9992
251 9999
252 9990
253 9999
254 1038
255 9999
256 9999
257 9999
258 9979
259 9999
260 9999
261 9999
263 9999
264 9999
266 9999
267 9938
268 9999
269 9999
27 65
270 9999
271 9999
272 253
273 9999
274 9988
275 9999
276 9999
277 9999
279 9
28 9993
280 9999
281 9990
282 9999
283 9999
284 9999
285 4997
286 9999
287 27
288 9999
289 9999
290 9999
291 39
292 9999
293 8658
294 9999
296 9999
297 9551
30 0
300 142
301 9999
303 9999
304 9999
306 9999
307 9997
309 8062
31 9999
310 9999
314 9999
315 9999
316 810
317 9999
319 967
32 9992
320 9999
322 9999
323 9999
325 9624
326 9999
327 958
328 9999
33 9999
330 9999
331 9999
332 9999
333 9999
334 943
335 9999
336 9999
337 9999
338 9999
339 9999
34 7547
340 9999
341 9999
344 9999
345 9999
347 9999
348 9999
349 9940
35 9999
350 9999
351 9999
352 9999
353 6051
354 9999
355 9999
356 9999
357 192
358 9999
359 9992
36 215
360 9999
361 9999
362 9999
363 26
364 9999
365 9975
366 9999
367 9999
368 9999
369 9999
37 9999
370 9999
371 9999
372 9999
374 9999
375 9999
376 43
377 9999
379 0
38 1377
380 9999
381 9999
382 9999
386 9999
387 9999
388 9999
389 9999
39 9999
390 9999
391 9999
392 3
393 9999
394 4916
395 9999
397 0
398 9999
399 9999
400 9999
401 9999
402 9999
404 8420
405 9999
406 6803
407 9999
408 9940
409 9999
41 31
411 9999
412 9999
413 786
414 9999
415 8955
416 9999
417 9757
418 9999
42 9999
420 12
421 9999
422 9999
423 9999
424 9967
425 9999
426 9999
427 9999
428 9795
429 9999
43 700
430 0
431 9981
432 9999
433 9999
434 9972
435 9999
436 9925
437 9999
44 9999
440 0
441 9999
442 9169
443 9999
444 9999
445 9999
446 838
447 9999
448 9999
449 9999
45 9999
450 9999
451 9999
452 9529
453 9999
454 784
455 9999
456 9999
457 9999
458 9999
459 9999
46 9999
460 9046
461 9999
462 9999
463 9999
468 5007
469 9999
47 9999
470 4642
471 9999
472 9999
473 9999
474 253
475 9999
476 5920
477 9999
478 9999
479 9999
48 9999
481 9999
482 9999
485 6635
486 9999
487 29
488 9996
489 5032
49 858
490 9999
491 9999
492 9999
493 17
494 9999
495 36
496 9999
497 317
498 9999
499 9999
50 9999
500 9999
503 8730
504 9999
505 9921
506 9999
507 9433
508 9999
510 9999
511 9993
512 9999
513 9999
514 9999
515 9999
516 9999
517 9999
518 9892
519 9999
520 9999
521 9999
523 9978
524 9999
525 9999
526 9999
527 9999
528 9999
530 1
531 9999
532 608
533 9999
534 14
535 9999
537 9999
538 9999
540 0
541 9999
542 9999
543 9999
544 9999
545 9999
546 9999
547 9999
548 9748
549 9999
551 9999
552 9999
553 9999
554 9999
555 6255
556 9999
56 9999
560 9999
561 9999
563 1012
564 9999
566 457
567 9999
568 9555
569 9999
57 9999
570 9999
571 9999
574 6052
575 9999
576 5712
577 9999
578 9898
579 9999
58 6309
580 9999
581 9999
586 13
587 9999
588 9999
589 9999
59 9999
590 9
591 9995
592 9922
593 9999
594 9983
595 9999
596 2016
597 9999
598 119
599 9999
60 9999
600 53
601 9999
602 9971
603 9999
604 161
605 9999
608 9986
609 9999
61 9999
610 6791
611 9999
612 9999
613 9999
615 9999
616 9999
618 0
619 9999
62 48
620 15
621 9999
63 9999
64 0
65 9999
67 328
68 9999
69 9999
7 65
70 9999
71 9999
72 9999
73 5776
74 9999
75 952
76 9999
77 9999
78 9999
79 9946
8 9999
80 9999
83 37
84 9999
85 9999
86 9999
87 9999
88 9999
89 5942
90 9999
93 6187
94 9999
95 9999
96 9999
97 9999
98 9999
99 7
1 9999
100 9993
101 9986
102 9999
103 9999
104 9999
106 151
107 9999
108 9955
109 9999
11 8416
111 9999
112 9999
114 9955
115 9999
118 9986
119 9999
12 9999
120 9999
121 9999
122 965
123 9999
124 911
125 9999
126 9973
127 9999
128 9969
129 9999
13 9999
130 42
131 9999
132 225
133 9999
135 9999
136 9999
137 5218
138 9999
14 9999
140 9955
141 9999
142 7709
143 9999
144 9999
145 9999
146 9659
147 9999
149 9999
15 9999
150 9999
151 9999
152 9999
153 9948
154 9999
155 9999
156 9999
157 9997
158 9999
159 9897
16 9999
160 9999
161 9999
162 9999
164 9981
165 9999
166 9999
167 9999
168 9999
169 9999
171 9999
172 9999
173 54
174 9999
175 9999
176 9999
177 8653
178 9999
179 0
180 9986
181 187
182 9999
183 9983
184 9999
185 1377
186 9999
187 31
188 9999
189 7423
19 8538
190 9999
192 8474
193 9999
194 115
195 9999
196 9999
197 9999
198 18
199 9999
2 9999
20 9999
200 300
201 9999
202 6240
203 9999
204 9999
205 9999
206 6949
207 9999
208 6429
209 9999
21 9999
210 1443
211 9999
212 9999
213 9999
214 247
215 9999
216 10
217 9999
218 9999
219 9999
22 9999
221 905
222 9999
224 9999
225 9999
226 9982
227 9999
228 9999
229 9999
230 9999
231 9999
232 8893
233 9999
234 9999
235 9999
236 1223
237 9999
24 3
240 284
241 9999
242 2
243 9999
244 9999
245 9999
246 9999
247 9999
248 1042
249 9999
25 9999
250 9992
251 9999
252 9990
253 9999
254 1038
255 9999
256 9999
257 9999
258 9979
259 9999
260 9999
261 9999
263 9999
264 9999
266 9999
267 9938
268 9999
269 9999
27 65
270 9999
271 9999
272 253
273 9999
274 9988
275 9999
276 9999
277 9999
279 9
28 9993
280 9999
281 9990
282 9999
283 9999
284 9999
285 4997
286 9999
287 27
288 9999
289 9999
290 9999
291 39
292 9999
293 8658
294 9999
296 9999
297 9551
30 0
300 142
301 9999
303 9999
304 9999
306 9999
307 9997
309 8062
31 9999
310 9999
314 9999
315 9999
316 810
317 9999
319 967
32 9992
320 9999
322 9999
323 9999
325 9624
326 9999
327 958
328 9999
33 9999
330 9999
331 9999
332 9999
333 9999
334 943
335 9999
336 9999
337 9999
338 9999
339 9999
34 7547
340 9999
341 9999
344 9999
345 9999
347 9999
348 9999
349 9940
35 9999
350 9999
351 9999
352 9999
353 6051
354 9999
355 9999
356 9999
357 192
358 9999
359 9992
36 215
360 9999
361 9999
362 9999
363 26
364 9999
365 9975
366 9999
367 9999
368 9999
369 9999
37 9999
370 9999
371 9999
372 9999
374 9999
375 9999
376 43
377 9999
379 0
38 1377
380 9999
381 9999
382 9999
386 9999
387 9999
388 9999
389 9999
39 9999
390 9999
391 9999
392 3
393 9999
394 4916
395 9999
397 0
398 9999
399 9999
400 9999
401 9999
402 9999
404 8420
405 9999
406 6803
407 9999
408 9940
409 9999
41 31
411 9999
412 9999
413 786
414 9999
415 8955
416 9999
417 9757
418 9999
42 9999
420 12
421 9999
422 9999
423 9999
424 9967
425 9999
426 9999
427 9999
428 9795
429 9999
43 700
430 0
431 9981
432 9999
433 9999
434 9972
435 9999
436 9925
437 9999
44 9999
440 0
441 9999
442 9169
443 9999
444 9999
445 9999
446 838
447 9999
448 9999
449 9999
45 9999
450 9999
451 9999
452 9529
453 9999
454 784
455 9999
456 9999
457 9999
458 9999
459 9999
46 9999
460 9046
461 9999
462 9999
463 9999
468 5007
469 9999
47 9999
470 4642
471 9999
472 9999
473 9999
474 253
475 9999
476 5920
477 9999
478 9999
479 9999
48 9999
481 9999
482 9999
485 6635
486 9999
487 29
488 9996
489 5032
49 858
490 9999
491 9999
492 9999
493 17
494 9999
495 36
496 9999
497 317
498 9999
499 9999
50 9999
500 9999
503 8730
504 9999
505 9921
506 9999
507 9433
508 9999
510 9999
511 9993
512 9999
513 9999
514 9999
515 9999
516 9999
517 9999
518 9892
519 9999
520 9999
521 9999
523 9978
524 9999
525 9999
526 9999
527 9999
528 9999
530 1
531 9999
532 608
533 9999
534 14
535 9999
537 9999
538 9999
540 0
541 9999
542 9999
543 9999
544 9999
545 9999
546 9999
547 9999
548 9748
549 9999
551 9999
552 9999
553 9999
554 9999
555 6255
556 9999
56 9999
560 9999
561 9999
563 1012
564 9999
566 457
567 9999
568 9555
569 9999
57 9999
570 9999
571 9999
574 6052
575 9999
576 5712
577 9999
578 9898
579 9999
58 6309
580 9999
581 9999
586 13
587 9999
588 9999
589 9999
59 9999
590 9
591 9995
592 9922
593 9999
594 9983
595 9999
596 2016
597 9999
598 119
599 9999
60 9999
600 53
601 9999
602 9971
603 9999
604 161
605 9999
608 9986
609 9999
61 9999
610 6791
611 9999
612 9999
613 9999
615 9999
616 9999
618 0
619 9999
62 48
620 15
621 9999
63 9999
64 0
65 9999
67 328
68 9999
69 9999
7 65
70 9999
71 9999
72 9999
73 5776
74 9999
75 952
76 9999
77 9999
78 9999
79 9946
8 9999
80 9999
83 37
84 9999
85 9999
86 9999
87 9999
88 9999
89 5942
90 9999
93 6187
94 9999
95 9999
96 9999
97 9999
98 9999
99 7
