154 0
155 9999
166 1172
167 9999
199 0
200 9681
236 0
237 9999
251 0
252 0
301 0
302 9999
326 9974
327 9999
336 110
337 9999
384 0
385 9434
511 0
512 84
634 1112
635 9999
636 4
637 9999
92 7
93 9999
154 0
155 9999
166 1172
167 9999
199 0
200 9681
236 0
237 9999
251 0
252 0
301 0
302 9999
326 9974
327 9999
336 110
337 9999
384 0
385 9434
511 0
512 84
634 1112
635 9999
636 4
637 9999
92 7
93 9999
0 0
1 0
10 0
100 0
101 0
102 0
103 0
104 0
105 0
106 0
107 0
108 0
109 0
11 0
110 0
111 0
112 0
113 0
114 0
115 0
116 0
117 0
118 0
119 0
12 0
120 0
121 0
122 0
123 0
124 0
125 0
126 0
127 0
128 0
129 0
13 0
130 0
131 0
132 0
133 0
134 0
135 0
136 0
137 0
138 0
139 0
14 0
140 0
141 0
142 0
143 0
144 0
145 0
146 0
147 0
148 0
149 0
15 0
150 0
151 0
152 0
153 0
154 0
155 0
156 0
157 0
158 0
159 0
16 0
160 0
161 0
162 0
163 0
164 0
165 0
166 0
167 0
168 0
169 0
17 0
170 0
171 0
172 0
173 0
174 0
175 0
176 0
177 0
178 0
179 0
18 0
180 0
181 0
182 0
183 0
184 0
185 0
186 0
187 0
188 0
189 0
19 0
190 0
191 0
192 0
193 0
194 0
195 0
196 0
197 0
198 0
199 0
2 0
20 0
200 0
201 0
202 0
203 0
204 0
205 0
206 0
207 0
208 0
209 0
21 0
210 0
211 0
212 0
213 0
214 0
215 0
216 0
217 0
218 0
219 0
22 0
220 0
221 0
222 0
223 0
224 0
225 0
226 0
227 0
228 0
229 0
23 0
230 0
231 0
232 0
233 0
234 0
235 0
236 0
237 0
238 0
239 0
24 0
240 0
241 0
242 0
243 0
244 0
245 0
246 0
247 0
248 0
249 0
25 0
250 0
251 0
252 0
253 0
254 0
255 0
256 0
257 0
258 0
259 0
26 0
260 0
261 0
262 0
263 0
264 0
265 0
27 0
28 0
29 0
3 0
30 0
31 0
32 0
33 0
34 0
35 0
36 0
37 0
38 0
39 0
4 0
40 0
41 0
42 0
43 0
44 0
45 0
46 0
47 0
48 0
49 0
5 0
50 0
51 0
52 0
53 0
54 0
55 0
56 0
57 0
58 0
59 0
6 0
60 0
61 0
62 0
63 0
64 0
65 0
66 0
67 0
68 0
69 0
7 0
70 0
71 0
72 0
73 0
74 0
75 0
76 0
77 0
78 0
79 0
8 0
80 0
81 0
82 0
83 0
84 0
85 0
86 0
87 0
88 0
89 0
9 0
90 0
91 0
92 0
93 0
94 0
95 0
96 0
97 0
98 0
99 0
0 0
1 0
10 0
100 0
101 0
102 0
103 0
104 0
105 0
106 0
107 0
108 0
109 0
11 0
110 0
111 0
112 0
113 0
114 0
115 0
116 0
117 0
118 0
119 0
12 0
120 0
121 0
122 0
123 0
124 0
125 0
126 0
127 0
128 0
129 0
13 0
130 0
131 0
132 0
133 0
134 0
135 0
136 0
137 0
138 0
139 0
14 0
140 0
141 0
142 0
143 0
144 0
145 0
146 0
147 0
148 0
149 0
15 0
150 0
151 0
152 0
153 0
154 0
155 0
156 0
157 0
158 0
159 0
16 0
160 0
161 0
162 0
163 0
164 0
165 0
166 0
167 0
168 0
169 0
17 0
170 0
171 0
172 0
173 0
174 0
175 0
176 0
177 0
178 0
179 0
18 0
180 0
181 0
182 0
183 0
184 0
185 0
186 0
187 0
188 0
189 0
19 0
190 0
191 0
192 0
193 0
194 0
195 0
196 0
197 0
198 0
199 0
2 0
20 0
200 0
201 0
202 0
203 0
204 0
205 0
206 0
207 0
208 0
209 0
21 0
210 0
211 0
212 0
213 0
214 0
215 0
216 0
217 0
218 0
219 0
22 0
220 0
221 0
222 0
223 0
224 0
225 0
226 0
227 0
228 0
229 0
23 0
230 0
231 0
232 0
233 0
234 0
235 0
236 0
237 0
238 0
239 0
24 0
240 0
241 0
242 0
243 0
244 0
245 0
246 0
247 0
248 0
249 0
25 0
250 0
251 0
252 0
253 0
254 0
255 0
256 0
257 0
258 0
259 0
26 0
260 0
261 0
262 0
263 0
264 0
265 0
27 0
28 0
29 0
3 0
30 0
31 0
32 0
33 0
34 0
35 0
36 0
37 0
38 0
39 0
4 0
40 0
41 0
42 0
43 0
44 0
45 0
46 0
47 0
48 0
49 0
5 0
50 0
51 0
52 0
53 0
54 0
55 0
56 0
57 0
58 0
59 0
6 0
60 0
61 0
62 0
63 0
64 0
65 0
66 0
67 0
68 0
69 0
7 0
70 0
71 0
72 0
73 0
74 0
75 0
76 0
77 0
78 0
79 0
8 0
80 0
81 0
82 0
83 0
84 0
85 0
86 0
87 0
88 0
89 0
9 0
90 0
91 0
92 0
93 0
94 0
95 0
96 0
97 0
98 0
99 0
0 0
1 0
10 0
100 0
101 0
102 0
103 0
104 0
105 0
106 0
107 0
108 0
109 0
11 0
110 0
111 0
112 0
113 0
114 0
115 0
116 0
117 0
118 0
119 0
12 0
120 0
121 0
122 0
123 0
124 0
125 0
126 0
127 0
128 0
129 0
13 0
130 0
131 0
132 0
133 0
134 0
135 0
136 0
137 0
138 0
139 0
14 0
140 0
141 0
142 0
143 0
144 0
145 0
146 0
147 0
148 0
149 0
15 0
150 0
151 0
152 0
153 0
154 0
155 0
156 0
157 0
158 0
159 0
16 0
160 0
161 0
162 0
163 0
164 0
165 0
166 0
167 0
168 0
169 0
17 0
170 0
171 0
172 0
173 0
174 0
175 0
176 0
177 0
178 0
179 0
18 0
180 0
181 0
182 0
183 0
184 0
185 0
186 0
187 0
188 0
189 0
19 0
190 0
191 0
192 0
193 0
194 0
195 0
196 0
197 0
198 0
199 0
2 0
20 0
200 0
201 0
202 0
203 0
204 0
205 0
206 0
207 0
208 0
209 0
21 0
210 0
211 0
212 0
213 0
214 0
215 0
216 0
217 0
218 0
219 0
22 0
220 0
221 0
222 0
223 0
224 0
225 0
226 0
227 0
228 0
229 0
23 0
230 0
231 0
232 0
233 0
234 0
235 0
236 0
237 0
238 0
239 0
24 0
240 0
241 0
242 0
243 0
244 0
245 0
246 0
247 0
248 0
249 0
25 0
250 0
251 0
252 0
253 0
254 0
255 0
256 0
257 0
258 0
259 0
26 0
260 0
261 0
262 0
263 0
264 0
265 0
27 0
28 0
29 0
3 0
30 0
31 0
32 0
33 0
34 0
35 0
36 0
37 0
38 0
39 0
4 0
40 0
41 0
42 0
43 0
44 0
45 0
46 0
47 0
48 0
49 0
5 0
50 0
51 0
52 0
53 0
54 0
55 0
56 0
57 0
58 0
59 0
6 0
60 0
61 0
62 0
63 0
64 0
65 0
66 0
67 0
68 0
69 0
7 0
70 0
71 0
72 0
73 0
74 0
75 0
76 0
77 0
78 0
79 0
8 0
80 0
81 0
82 0
83 0
84 0
85 0
86 0
87 0
88 0
89 0
9 0
90 0
91 0
92 0
93 0
94 0
95 0
96 0
97 0
98 0
99 0
0 0
1 0
10 0
100 0
101 0
102 0
103 0
104 0
105 0
106 0
107 0
108 0
109 0
11 0
110 0
111 0
112 0
113 0
114 0
115 0
116 0
117 0
118 0
119 0
12 0
120 0
121 0
122 0
123 0
124 0
125 0
126 0
127 0
128 0
129 0
13 0
130 0
131 0
132 0
133 0
134 0
135 0
136 0
137 0
138 0
139 0
14 0
140 0
141 0
142 0
143 0
144 0
145 0
146 0
147 0
148 0
149 0
15 0
150 0
151 0
152 0
153 0
154 0
155 0
156 0
157 0
158 0
159 0
16 0
160 0
161 0
162 0
163 0
164 0
165 0
166 0
167 0
168 0
169 0
17 0
170 0
171 0
172 0
173 0
174 0
175 0
176 0
177 0
178 0
179 0
18 0
180 0
181 0
182 0
183 0
184 0
185 0
186 0
187 0
188 0
189 0
19 0
190 0
191 0
192 0
193 0
194 0
195 0
196 0
197 0
198 0
199 0
2 0
20 0
200 0
201 0
202 0
203 0
204 0
205 0
206 0
207 0
208 0
209 0
21 0
210 0
211 0
212 0
213 0
214 0
215 0
216 0
217 0
218 0
219 0
22 0
220 0
221 0
222 0
223 0
224 0
225 0
226 0
227 0
228 0
229 0
23 0
230 0
231 0
232 0
233 0
234 0
235 0
236 0
237 0
238 0
239 0
24 0
240 0
241 0
242 0
243 0
244 0
245 0
246 0
247 0
248 0
249 0
25 0
250 0
251 0
252 0
253 0
254 0
255 0
256 0
257 0
258 0
259 0
26 0
260 0
261 0
262 0
263 0
264 0
265 0
266 0
267 0
268 0
269 0
27 0
270 0
271 0
272 0
273 0
274 0
275 0
276 0
277 0
28 0
29 0
3 0
30 0
31 0
32 0
33 0
34 0
35 0
36 0
37 0
38 0
39 0
4 0
40 0
41 0
42 0
43 0
44 0
45 0
46 0
47 0
48 0
49 0
5 0
50 0
51 0
52 0
53 0
54 0
55 0
56 0
57 0
58 0
59 0
6 0
60 0
61 0
62 0
63 0
64 0
65 0
66 0
67 0
68 0
69 0
7 0
70 0
71 0
72 0
73 0
74 0
75 0
76 0
77 0
78 0
79 0
8 0
80 0
81 0
82 0
83 0
84 0
85 0
86 0
87 0
88 0
89 0
9 0
90 0
91 0
92 0
93 0
94 0
95 0
96 0
97 0
98 0
99 0
0 0
1 0
10 0
100 0
101 0
102 0
103 0
104 0
105 0
106 0
107 0
108 0
109 0
11 0
110 0
111 0
112 0
113 0
114 0
115 0
116 0
117 0
118 0
119 0
12 0
120 0
121 0
122 0
123 0
124 0
125 0
126 0
127 0
128 0
129 0
13 0
130 0
131 0
132 0
133 0
134 0
135 0
136 0
137 0
138 0
139 0
14 0
140 0
141 0
142 0
143 0
144 0
145 0
146 0
147 0
148 0
149 0
15 0
150 0
151 0
152 0
153 0
154 0
155 0
156 0
157 0
158 0
159 0
16 0
160 0
161 0
162 0
163 0
164 0
165 0
166 0
167 0
168 0
169 0
17 0
170 0
171 0
172 0
173 0
174 0
175 0
176 0
177 0
178 0
179 0
18 0
180 0
181 0
182 0
183 0
184 0
185 0
186 0
187 0
188 0
189 0
19 0
190 0
191 0
192 0
193 0
194 0
195 0
196 0
197 0
198 0
199 0
2 0
20 0
200 0
201 0
202 0
203 0
204 0
205 0
206 0
207 0
208 0
209 0
21 0
210 0
211 0
212 0
213 0
214 0
215 0
216 0
217 0
218 0
219 0
22 0
220 0
221 0
222 0
223 0
224 0
225 0
226 0
227 0
228 0
229 0
23 0
230 0
231 0
232 0
233 0
234 0
235 0
236 0
237 0
238 0
239 0
24 0
240 0
241 0
242 0
243 0
244 0
245 0
246 0
247 0
248 0
249 0
25 0
250 0
251 0
252 0
253 0
254 0
255 0
256 0
257 0
258 0
259 0
26 0
260 0
261 0
262 0
263 0
264 0
265 0
266 0
267 0
268 0
269 0
27 0
270 0
271 0
28 0
29 0
3 0
30 0
31 0
32 0
33 0
34 0
35 0
36 0
37 0
38 0
39 0
4 0
40 0
41 0
42 0
43 0
44 0
45 0
46 0
47 0
48 0
49 0
5 0
50 0
51 0
52 0
53 0
54 0
55 0
56 0
57 0
58 0
59 0
6 0
60 0
61 0
62 0
63 0
64 0
65 0
66 0
67 0
68 0
69 0
7 0
70 0
71 0
72 0
73 0
74 0
75 0
76 0
77 0
78 0
79 0
8 0
80 0
81 0
82 0
83 0
84 0
85 0
86 0
87 0
88 0
89 0
9 0
90 0
91 0
92 0
93 0
94 0
95 0
96 0
97 0
98 0
99 0
124 0
125 0
148 0
149 0
20 0
205 0
206 0
209 0
21 0
210 0
241 0
242 0
252 0
253 0
3 0
342 0
343 0
357 0
358 0
364 0
365 0
4 0
435 0
436 0
441 0
442 0
471 0
472 0
52 0
53 0
57 0
58 0
6 0
606 0
607 0
614 0
615 0
616 0
617 0
641 0
642 0
668 0
669 0
7 0
76 0
77 0
124 0
125 470
148 468
149 13
20 485
205 396
206 462
209 0
21 473
210 432
241 14
242 458
252 439
253 458
3 0
342 445
343 46
357 0
358 19
364 35
365 450
4 493
435 0
436 0
441 60
442 446
471 445
472 445
52 4
53 476
57 477
58 477
6 39
606 436
607 5
614 11
615 436
616 436
617 436
641 0
642 196
668 433
669 83
7 490
76 0
77 26
108 909
109 171
127 55
128 999
159 27
160 999
170 193
171 999
258 0
259 999
285 978
286 999
289 0
290 999
304 1
305 999
308 951
309 999
402 2
403 999
405 0
406 999
451 1
452 999
469 0
470 999
551 1
552 999
560 1
561 999
566 125
567 999
575 0
576 19
589 503
590 999
68 0
69 991
108 909
109 171
127 55
128 999
159 27
160 999
170 193
171 999
258 0
259 999
285 978
286 999
289 0
290 999
304 1
305 999
308 951
309 999
402 2
403 999
405 0
406 999
451 1
452 999
469 0
470 999
551 1
552 999
560 1
561 999
566 125
567 999
575 0
576 19
589 503
590 999
68 0
69 991
109 0
110 982
172 977
173 973
176 0
177 976
214 0
215 976
279 0
280 974
337 0
338 972
350 0
351 4
437 0
438 965
452 0
453 808
525 2
526 962
565 961
566 961
60 27
61 986
108 909
109 171
127 55
128 999
159 27
160 999
170 193
171 999
258 0
259 999
285 978
286 999
289 0
290 999
304 1
305 999
308 951
309 999
402 2
403 999
405 0
406 999
451 1
452 999
469 0
470 999
551 1
552 999
560 1
561 999
566 125
567 999
575 0
576 19
589 503
590 999
68 0
69 991
105 992
106 5
133 992
134 999
16 0
17 992
226 998
227 999
269 922
270 999
316 2
317 999
432 0
433 998
470 0
471 8
480 19
481 999
689 999
690 996
107 482
108 499
116 499
117 499
12 0
122 499
123 499
127 8
128 499
13 499
134 499
135 499
142 499
143 499
146 499
147 499
154 499
155 499
166 0
167 499
17 70
176 499
177 499
18 499
187 499
188 499
192 197
193 499
204 499
205 499
214 499
215 499
217 499
218 499
219 499
220 499
225 499
226 499
227 499
228 499
232 499
233 499
237 188
238 499
24 498
241 8
242 499
243 499
244 499
25 25
250 499
251 499
253 182
254 499
256 499
257 499
26 499
261 0
262 499
264 499
265 499
268 499
269 499
27 499
270 70
271 499
30 212
301 499
302 499
31 499
312 499
313 499
318 34
319 499
325 55
326 499
330 499
331 499
333 499
334 499
340 499
341 177
344 499
345 499
349 467
350 499
359 499
360 499
361 497
362 499
363 467
364 499
379 0
380 499
381 456
382 499
384 1
385 499
386 490
387 499
396 0
397 83
56 77
57 499
59 42
60 499
75 499
76 499
82 499
83 499
98 223
99 499
10 9999
101 9998
102 9986
106 31
107 9999
11 9999
112 9999
113 9999
115 300
116 9999
118 6949
119 9999
120 1020
121 9999
125 852
126 9999
129 4072
130 9999
136 14
137 9999
14 8538
140 9999
141 9999
145 1038
146 9999
148 9129
149 9999
15 9999
152 9999
153 9999
154 9717
155 9999
156 9999
157 9999
160 216
161 9999
175 8062
176 9999
186 0
187 958
189 6632
190 9999
191 9999
192 9999
195 771
196 9999
197 9999
198 9999
199 9999
200 9999
202 192
203 9999
204 9016
205 9999
209 9999
21 8888
210 9999
218 9999
219 9999
22 9999
225 8420
226 9999
232 9757
233 9999
235 12
236 9999
237 9999
238 9999
239 9967
240 9999
241 9999
242 9999
243 0
244 9981
250 9169
251 9999
252 760
253 9999
254 9999
255 9999
256 9999
257 9999
259 9717
26 1377
260 9999
261 9999
262 9999
264 812
265 9999
269 9999
27 9999
270 9999
274 9999
275 9999
277 6635
278 9999
282 8802
283 9999
29 31
291 910
292 9999
294 710
295 9999
297 9892
298 9999
30 9999
300 9999
301 9999
303 8
304 9994
309 9999
31 22
310 9999
314 9999
315 9999
316 15
317 9999
318 9999
319 9999
32 9999
320 246
321 9999
339 13
340 9999
346 9971
347 9999
354 9999
355 9999
42 303
43 9999
47 9999
48 9999
52 37
53 9999
54 9999
55 9999
56 159
57 9999
61 9999
62 9999
66 151
67 9999
83 174
84 9999
88 9999
89 9999
90 0
91 9993
94 9999
95 9999
97 9999
98 9999
10 9999
101 9998
102 9986
106 31
107 9999
11 9999
112 9999
113 9999
115 300
116 9999
118 6949
119 9999
120 1020
121 9999
125 852
126 9999
129 4072
130 9999
136 14
137 9999
14 8538
140 9999
141 9999
145 1038
146 9999
148 9129
149 9999
15 9999
152 9999
153 9999
154 9717
155 9999
156 9999
157 9999
160 216
161 9999
175 8062
176 9999
186 0
187 958
189 6632
190 9999
191 9999
192 9999
195 771
196 9999
197 9999
198 9999
199 9999
200 9999
202 192
203 9999
204 9016
205 9999
209 9999
21 8888
210 9999
218 9999
219 9999
22 9999
225 8420
226 9999
232 9757
233 9999
235 12
236 9999
237 9999
238 9999
239 9967
240 9999
241 9999
242 9999
243 0
244 9981
250 9169
251 9999
252 760
253 9999
254 9999
255 9999
256 9999
257 9999
259 9717
26 1377
260 9999
261 9999
262 9999
264 812
265 9999
269 9999
27 9999
270 9999
274 9999
275 9999
277 6635
278 9999
282 8802
283 9999
29 31
291 910
292 9999
294 710
295 9999
297 9892
298 9999
30 9999
300 9999
301 9999
303 8
304 9994
309 9999
31 22
310 9999
314 9999
315 9999
316 15
317 9999
318 9999
319 9999
32 9999
320 246
321 9999
339 13
340 9999
346 9971
347 9999
354 9999
355 9999
42 303
43 9999
47 9999
48 9999
52 37
53 9999
54 9999
55 9999
56 159
57 9999
61 9999
62 9999
66 151
67 9999
83 174
84 9999
88 9999
89 9999
90 0
91 9993
94 9999
95 9999
97 9999
98 9999
368 0
369 499
43 0
434 1
435 483
436 42
437 499
44 498
530 143
531 23
566 0
567 1
680 499
681 14
722 446
723 396
744 46
745 499
