128 59
129 9999
132 9999
133 9996
145 92
146 9999
157 0
158 9999
164 0
165 843
169 1172
170 9999
202 0
203 9681
217 0
218 9972
221 0
222 56
239 0
240 9999
252 969
253 9999
293 3
294 9999
295 88
296 9999
304 0
305 9434
306 87
307 9999
330 9974
331 9999
340 110
341 9999
358 9995
359 9999
386 0
387 9999
44 9999
45 7
457 9999
458 9996
46 0
47 9967
518 0
519 84
641 1112
642 9999
643 4
644 9999
93 7
94 9999
128 59
129 9999
132 9999
133 9996
145 92
146 9999
157 0
158 9999
164 0
165 843
169 1172
170 9999
202 0
203 9681
217 0
218 9972
221 0
222 56
239 0
240 9999
252 969
253 9999
293 3
294 9999
295 88
296 9999
304 0
305 9434
306 87
307 9999
330 9974
331 9999
340 110
341 9999
358 9995
359 9999
386 0
387 9999
44 9999
45 7
457 9999
458 9996
46 0
47 9967
518 0
519 84
641 1112
642 9999
643 4
644 9999
93 7
94 9999
0 0
1 0
10 0
100 0
101 0
102 0
103 0
104 0
105 0
106 0
107 0
108 0
109 0
11 0
110 0
111 0
112 0
113 0
114 0
115 0
116 0
117 0
118 0
119 0
12 0
120 0
121 0
122 0
123 0
124 0
125 0
126 0
127 0
128 0
129 0
13 0
130 0
131 0
132 0
133 0
134 0
135 0
136 0
137 0
138 0
139 0
14 0
140 0
141 0
142 0
143 0
144 0
145 0
146 0
147 0
148 0
149 0
15 0
150 0
151 0
152 0
153 0
154 0
155 0
156 0
157 0
158 0
159 0
16 0
160 0
161 0
162 0
163 0
164 0
165 0
166 0
167 0
168 0
169 0
17 0
170 0
171 0
172 0
173 0
174 0
175 0
176 0
177 0
178 0
179 0
18 0
180 0
181 0
182 0
183 0
184 0
185 0
186 0
187 0
188 0
189 0
19 0
190 0
191 0
192 0
193 0
194 0
195 0
196 0
197 0
198 0
199 0
2 0
20 0
200 0
201 0
202 0
203 0
204 0
205 0
206 0
207 0
208 0
209 0
21 0
210 0
211 0
212 0
213 0
214 0
215 0
216 0
217 0
218 0
219 0
22 0
220 0
221 0
222 0
223 0
224 0
225 0
226 0
227 0
228 0
229 0
23 0
230 0
231 0
232 0
233 0
234 0
235 0
236 0
237 0
238 0
239 0
24 0
240 0
241 0
242 0
243 0
244 0
245 0
246 0
247 0
248 0
249 0
25 0
250 0
251 0
252 0
253 0
254 0
255 0
256 0
257 0
258 0
259 0
26 0
260 0
261 0
262 0
263 0
264 0
265 0
266 0
267 0
268 0
269 0
27 0
270 0
271 0
272 0
273 0
274 0
275 0
276 0
277 0
278 0
279 0
28 0
280 0
281 0
282 0
283 0
284 0
285 0
286 0
287 0
288 0
289 0
29 0
290 0
291 0
292 0
293 0
294 0
295 0
296 0
297 0
298 0
299 0
3 0
30 0
300 0
301 0
302 0
303 0
304 0
305 0
306 0
307 0
308 0
309 0
31 0
310 0
311 0
312 0
313 0
314 0
315 0
316 0
317 0
318 0
319 0
32 0
320 0
321 0
322 0
323 0
324 0
325 0
326 0
327 0
328 0
329 0
33 0
330 0
331 0
332 0
333 0
334 0
335 0
336 0
337 0
338 0
339 0
34 0
340 0
341 0
342 0
343 0
344 0
345 0
346 0
347 0
348 0
349 0
35 0
350 0
351 0
352 0
353 0
354 0
355 0
356 0
357 0
358 0
359 0
36 0
360 0
361 0
362 0
363 0
364 0
365 0
366 0
367 0
368 0
369 0
37 0
38 0
39 0
4 0
40 0
41 0
42 0
43 0
44 0
45 0
46 0
47 0
48 0
49 0
5 0
50 0
51 0
52 0
53 0
54 0
55 0
56 0
57 0
58 0
59 0
6 0
60 0
61 0
62 0
63 0
64 0
65 0
66 0
67 0
68 0
69 0
7 0
70 0
71 0
72 0
73 0
74 0
75 0
76 0
77 0
78 0
79 0
8 0
80 0
81 0
82 0
83 0
84 0
85 0
86 0
87 0
88 0
89 0
9 0
90 0
91 0
92 0
93 0
94 0
95 0
96 0
97 0
98 0
99 0
0 0
1 0
10 0
100 0
101 0
102 0
103 0
104 0
105 0
106 0
107 0
108 0
109 0
11 0
110 0
111 0
112 0
113 0
114 0
115 0
116 0
117 0
118 0
119 0
12 0
120 0
121 0
122 0
123 0
124 0
125 0
126 0
127 0
128 0
129 0
13 0
130 0
131 0
132 0
133 0
134 0
135 0
136 0
137 0
138 0
139 0
14 0
140 0
141 0
142 0
143 0
144 0
145 0
146 0
147 0
148 0
149 0
15 0
150 0
151 0
152 0
153 0
154 0
155 0
156 0
157 0
158 0
159 0
16 0
160 0
161 0
162 0
163 0
164 0
165 0
166 0
167 0
168 0
169 0
17 0
170 0
171 0
172 0
173 0
174 0
175 0
176 0
177 0
178 0
179 0
18 0
180 0
181 0
182 0
183 0
184 0
185 0
186 0
187 0
188 0
189 0
19 0
190 0
191 0
192 0
193 0
194 0
195 0
196 0
197 0
198 0
199 0
2 0
20 0
200 0
201 0
202 0
203 0
204 0
205 0
206 0
207 0
208 0
209 0
21 0
210 0
211 0
212 0
213 0
214 0
215 0
216 0
217 0
218 0
219 0
22 0
220 0
221 0
222 0
223 0
224 0
225 0
226 0
227 0
228 0
229 0
23 0
230 0
231 0
232 0
233 0
234 0
235 0
236 0
237 0
238 0
239 0
24 0
240 0
241 0
242 0
243 0
244 0
245 0
246 0
247 0
248 0
249 0
25 0
250 0
251 0
252 0
253 0
254 0
255 0
256 0
257 0
258 0
259 0
26 0
260 0
261 0
262 0
263 0
264 0
265 0
266 0
267 0
268 0
269 0
27 0
270 0
271 0
272 0
273 0
274 0
275 0
276 0
277 0
278 0
279 0
28 0
280 0
281 0
282 0
283 0
284 0
285 0
286 0
287 0
288 0
289 0
29 0
290 0
291 0
292 0
293 0
294 0
295 0
296 0
297 0
298 0
299 0
3 0
30 0
300 0
301 0
302 0
303 0
304 0
305 0
306 0
307 0
308 0
309 0
31 0
310 0
311 0
312 0
313 0
314 0
315 0
316 0
317 0
318 0
319 0
32 0
320 0
321 0
322 0
323 0
324 0
325 0
326 0
327 0
328 0
329 0
33 0
330 0
331 0
332 0
333 0
334 0
335 0
336 0
337 0
338 0
339 0
34 0
340 0
341 0
342 0
343 0
344 0
345 0
346 0
347 0
348 0
349 0
35 0
350 0
351 0
352 0
353 0
354 0
355 0
356 0
357 0
358 0
359 0
36 0
360 0
361 0
362 0
363 0
364 0
365 0
366 0
367 0
368 0
369 0
37 0
38 0
39 0
4 0
40 0
41 0
42 0
43 0
44 0
45 0
46 0
47 0
48 0
49 0
5 0
50 0
51 0
52 0
53 0
54 0
55 0
56 0
57 0
58 0
59 0
6 0
60 0
61 0
62 0
63 0
64 0
65 0
66 0
67 0
68 0
69 0
7 0
70 0
71 0
72 0
73 0
74 0
75 0
76 0
77 0
78 0
79 0
8 0
80 0
81 0
82 0
83 0
84 0
85 0
86 0
87 0
88 0
89 0
9 0
90 0
91 0
92 0
93 0
94 0
95 0
96 0
97 0
98 0
99 0
0 0
1 0
10 0
100 0
101 0
102 0
103 0
104 0
105 0
106 0
107 0
108 0
109 0
11 0
110 0
111 0
112 0
113 0
114 0
115 0
116 0
117 0
118 0
119 0
12 0
120 0
121 0
122 0
123 0
124 0
125 0
126 0
127 0
128 0
129 0
13 0
130 0
131 0
132 0
133 0
134 0
135 0
136 0
137 0
138 0
139 0
14 0
140 0
141 0
142 0
143 0
144 0
145 0
146 0
147 0
148 0
149 0
15 0
150 0
151 0
152 0
153 0
154 0
155 0
156 0
157 0
158 0
159 0
16 0
160 0
161 0
162 0
163 0
164 0
165 0
166 0
167 0
168 0
169 0
17 0
170 0
171 0
172 0
173 0
174 0
175 0
176 0
177 0
178 0
179 0
18 0
180 0
181 0
182 0
183 0
184 0
185 0
186 0
187 0
188 0
189 0
19 0
190 0
191 0
192 0
193 0
194 0
195 0
196 0
197 0
198 0
199 0
2 0
20 0
200 0
201 0
202 0
203 0
204 0
205 0
206 0
207 0
208 0
209 0
21 0
210 0
211 0
212 0
213 0
214 0
215 0
216 0
217 0
218 0
219 0
22 0
220 0
221 0
222 0
223 0
224 0
225 0
226 0
227 0
228 0
229 0
23 0
230 0
231 0
232 0
233 0
234 0
235 0
236 0
237 0
238 0
239 0
24 0
240 0
241 0
242 0
243 0
244 0
245 0
246 0
247 0
248 0
249 0
25 0
250 0
251 0
252 0
253 0
254 0
255 0
256 0
257 0
258 0
259 0
26 0
260 0
261 0
262 0
263 0
264 0
265 0
266 0
267 0
268 0
269 0
27 0
270 0
271 0
272 0
273 0
274 0
275 0
276 0
277 0
278 0
279 0
28 0
280 0
281 0
282 0
283 0
284 0
285 0
286 0
287 0
288 0
289 0
29 0
290 0
291 0
292 0
293 0
294 0
295 0
296 0
297 0
298 0
299 0
3 0
30 0
300 0
301 0
302 0
303 0
304 0
305 0
306 0
307 0
308 0
309 0
31 0
310 0
311 0
312 0
313 0
314 0
315 0
316 0
317 0
318 0
319 0
32 0
320 0
321 0
322 0
323 0
324 0
325 0
326 0
327 0
328 0
329 0
33 0
330 0
331 0
332 0
333 0
334 0
335 0
336 0
337 0
338 0
339 0
34 0
340 0
341 0
342 0
343 0
344 0
345 0
346 0
347 0
348 0
349 0
35 0
350 0
351 0
352 0
353 0
354 0
355 0
356 0
357 0
358 0
359 0
36 0
360 0
361 0
362 0
363 0
364 0
365 0
366 0
367 0
368 0
369 0
37 0
38 0
39 0
4 0
40 0
41 0
42 0
43 0
44 0
45 0
46 0
47 0
48 0
49 0
5 0
50 0
51 0
52 0
53 0
54 0
55 0
56 0
57 0
58 0
59 0
6 0
60 0
61 0
62 0
63 0
64 0
65 0
66 0
67 0
68 0
69 0
7 0
70 0
71 0
72 0
73 0
74 0
75 0
76 0
77 0
78 0
79 0
8 0
80 0
81 0
82 0
83 0
84 0
85 0
86 0
87 0
88 0
89 0
9 0
90 0
91 0
92 0
93 0
94 0
95 0
96 0
97 0
98 0
99 0
0 0
1 0
10 0
100 0
101 0
102 0
103 0
104 0
105 0
106 0
107 0
108 0
109 0
11 0
110 0
111 0
112 0
113 0
114 0
115 0
116 0
117 0
118 0
119 0
12 0
120 0
121 0
122 0
123 0
124 0
125 0
126 0
127 0
128 0
129 0
13 0
130 0
131 0
132 0
133 0
134 0
135 0
136 0
137 0
138 0
139 0
14 0
140 0
141 0
142 0
143 0
144 0
145 0
146 0
147 0
148 0
149 0
15 0
150 0
151 0
152 0
153 0
154 0
155 0
156 0
157 0
158 0
159 0
16 0
160 0
161 0
162 0
163 0
164 0
165 0
166 0
167 0
168 0
169 0
17 0
170 0
171 0
172 0
173 0
174 0
175 0
176 0
177 0
178 0
179 0
18 0
180 0
181 0
182 0
183 0
184 0
185 0
186 0
187 0
188 0
189 0
19 0
190 0
191 0
192 0
193 0
194 0
195 0
196 0
197 0
198 0
199 0
2 0
20 0
200 0
201 0
202 0
203 0
204 0
205 0
206 0
207 0
208 0
209 0
21 0
210 0
211 0
212 0
213 0
214 0
215 0
216 0
217 0
218 0
219 0
22 0
220 0
221 0
222 0
223 0
224 0
225 0
226 0
227 0
228 0
229 0
23 0
230 0
231 0
232 0
233 0
234 0
235 0
236 0
237 0
238 0
239 0
24 0
240 0
241 0
242 0
243 0
244 0
245 0
246 0
247 0
248 0
249 0
25 0
250 0
251 0
252 0
253 0
254 0
255 0
256 0
257 0
258 0
259 0
26 0
260 0
261 0
262 0
263 0
264 0
265 0
266 0
267 0
268 0
269 0
27 0
270 0
271 0
272 0
273 0
274 0
275 0
276 0
277 0
278 0
279 0
28 0
280 0
281 0
282 0
283 0
284 0
285 0
286 0
287 0
288 0
289 0
29 0
290 0
291 0
292 0
293 0
294 0
295 0
296 0
297 0
298 0
299 0
3 0
30 0
300 0
301 0
302 0
303 0
304 0
305 0
306 0
307 0
308 0
309 0
31 0
310 0
311 0
312 0
313 0
314 0
315 0
316 0
317 0
318 0
319 0
32 0
320 0
321 0
322 0
323 0
324 0
325 0
326 0
327 0
328 0
329 0
33 0
330 0
331 0
332 0
333 0
334 0
335 0
336 0
337 0
338 0
339 0
34 0
340 0
341 0
342 0
343 0
344 0
345 0
346 0
347 0
348 0
349 0
35 0
350 0
351 0
352 0
353 0
354 0
355 0
356 0
357 0
358 0
359 0
36 0
360 0
361 0
362 0
363 0
364 0
365 0
366 0
367 0
368 0
369 0
37 0
370 0
371 0
372 0
373 0
374 0
375 0
376 0
377 0
378 0
379 0
38 0
380 0
381 0
382 0
383 0
384 0
385 0
386 0
387 0
388 0
389 0
39 0
390 0
391 0
4 0
40 0
41 0
42 0
43 0
44 0
45 0
46 0
47 0
48 0
49 0
5 0
50 0
51 0
52 0
53 0
54 0
55 0
56 0
57 0
58 0
59 0
6 0
60 0
61 0
62 0
63 0
64 0
65 0
66 0
67 0
68 0
69 0
7 0
70 0
71 0
72 0
73 0
74 0
75 0
76 0
77 0
78 0
79 0
8 0
80 0
81 0
82 0
83 0
84 0
85 0
86 0
87 0
88 0
89 0
9 0
90 0
91 0
92 0
93 0
94 0
95 0
96 0
97 0
98 0
99 0
0 0
1 0
10 0
100 0
101 0
102 0
103 0
104 0
105 0
106 0
107 0
108 0
109 0
11 0
110 0
111 0
112 0
113 0
114 0
115 0
116 0
117 0
118 0
119 0
12 0
120 0
121 0
122 0
123 0
124 0
125 0
126 0
127 0
128 0
129 0
13 0
130 0
131 0
132 0
133 0
134 0
135 0
136 0
137 0
138 0
139 0
14 0
140 0
141 0
142 0
143 0
144 0
145 0
146 0
147 0
148 0
149 0
15 0
150 0
151 0
152 0
153 0
154 0
155 0
156 0
157 0
158 0
159 0
16 0
160 0
161 0
162 0
163 0
164 0
165 0
166 0
167 0
168 0
169 0
17 0
170 0
171 0
172 0
173 0
174 0
175 0
176 0
177 0
178 0
179 0
18 0
180 0
181 0
182 0
183 0
184 0
185 0
186 0
187 0
188 0
189 0
19 0
190 0
191 0
192 0
193 0
194 0
195 0
196 0
197 0
198 0
199 0
2 0
20 0
200 0
201 0
202 0
203 0
204 0
205 0
206 0
207 0
208 0
209 0
21 0
210 0
211 0
212 0
213 0
214 0
215 0
216 0
217 0
218 0
219 0
22 0
220 0
221 0
222 0
223 0
224 0
225 0
226 0
227 0
228 0
229 0
23 0
230 0
231 0
232 0
233 0
234 0
235 0
236 0
237 0
238 0
239 0
24 0
240 0
241 0
242 0
243 0
244 0
245 0
246 0
247 0
248 0
249 0
25 0
250 0
251 0
252 0
253 0
254 0
255 0
256 0
257 0
258 0
259 0
26 0
260 0
261 0
262 0
263 0
264 0
265 0
266 0
267 0
268 0
269 0
27 0
270 0
271 0
272 0
273 0
274 0
275 0
276 0
277 0
278 0
279 0
28 0
280 0
281 0
282 0
283 0
284 0
285 0
286 0
287 0
288 0
289 0
29 0
290 0
291 0
292 0
293 0
294 0
295 0
296 0
297 0
298 0
299 0
3 0
30 0
300 0
301 0
302 0
303 0
304 0
305 0
306 0
307 0
308 0
309 0
31 0
310 0
311 0
312 0
313 0
314 0
315 0
316 0
317 0
318 0
319 0
32 0
320 0
321 0
322 0
323 0
324 0
325 0
326 0
327 0
328 0
329 0
33 0
330 0
331 0
332 0
333 0
334 0
335 0
336 0
337 0
338 0
339 0
34 0
340 0
341 0
342 0
343 0
344 0
345 0
346 0
347 0
348 0
349 0
35 0
350 0
351 0
352 0
353 0
354 0
355 0
356 0
357 0
358 0
359 0
36 0
360 0
361 0
37 0
38 0
39 0
4 0
40 0
41 0
42 0
43 0
44 0
45 0
46 0
47 0
48 0
49 0
5 0
50 0
51 0
52 0
53 0
54 0
55 0
56 0
57 0
58 0
59 0
6 0
60 0
61 0
62 0
63 0
64 0
65 0
66 0
67 0
68 0
69 0
7 0
70 0
71 0
72 0
73 0
74 0
75 0
76 0
77 0
78 0
79 0
8 0
80 0
81 0
82 0
83 0
84 0
85 0
86 0
87 0
88 0
89 0
9 0
90 0
91 0
92 0
93 0
94 0
95 0
96 0
97 0
98 0
99 0
116 0
117 0
129 0
130 0
149 0
150 0
153 0
154 0
16 0
17 0
191 0
192 0
204 0
205 0
209 0
210 0
211 0
212 0
226 0
227 0
235 0
236 0
265 0
266 0
3 0
32 0
33 0
345 0
346 0
380 0
381 0
393 0
394 0
395 0
396 0
4 0
414 0
415 0
423 0
424 0
435 0
436 0
450 0
451 0
477 0
478 0
489 0
490 0
496 0
497 0
501 0
502 0
517 0
518 0
53 0
531 0
532 0
537 0
538 0
54 0
585 0
586 0
6 0
651 0
652 0
674 0
675 0
7 0
79 0
80 0
98 0
99 0
116 1
117 473
129 467
130 464
149 147
150 466
153 5
154 465
16 487
17 487
191 16
192 460
204 173
205 459
209 0
210 457
211 2
212 457
226 0
227 0
235 456
236 456
265 4
266 453
3 0
32 0
33 484
345 407
346 15
380 10
381 445
393 445
394 438
395 17
396 445
4 493
414 180
415 443
423 0
424 11
435 43
436 443
450 0
451 92
477 437
478 389
489 1
490 437
496 7
497 437
501 3
502 437
517 0
518 29
53 0
531 0
532 102
537 106
538 432
54 4
585 24
586 428
6 39
651 0
652 366
674 0
675 411
7 490
79 0
80 32
98 0
99 476
106 1
107 999
125 55
126 999
157 27
158 999
161 999
162 865
168 193
169 999
173 0
174 999
231 183
232 999
234 994
235 999
241 3
242 999
259 16
260 999
264 457
265 999
271 924
272 999
274 894
275 999
289 978
290 999
293 0
294 999
308 1
309 999
312 951
313 999
336 999
337 997
351 147
352 999
363 937
364 999
369 17
370 999
391 854
392 999
408 2
409 999
411 0
412 999
457 1
458 999
475 0
476 999
481 901
482 999
496 1
497 999
509 0
510 999
529 0
530 999
532 167
533 999
538 0
539 999
557 1
558 999
566 1
567 999
572 125
573 999
579 0
580 989
587 22
588 999
597 503
598 999
67 0
68 991
83 0
84 999
106 1
107 999
125 55
126 999
157 27
158 999
161 999
162 865
168 193
169 999
173 0
174 999
231 183
232 999
234 994
235 999
241 3
242 999
259 16
260 999
264 457
265 999
271 924
272 999
274 894
275 999
289 978
290 999
293 0
294 999
308 1
309 999
312 951
313 999
336 999
337 997
351 147
352 999
363 937
364 999
369 17
370 999
391 854
392 999
408 2
409 999
411 0
412 999
457 1
458 999
475 0
476 999
481 901
482 999
496 1
497 999
509 0
510 999
529 0
530 999
532 167
533 999
538 0
539 999
557 1
558 999
566 1
567 999
572 125
573 999
579 0
580 989
587 22
588 999
597 503
598 999
67 0
68 991
83 0
84 999
120 2
121 984
14 881
140 982
141 979
142 5
143 982
148 0
149 982
15 995
156 0
157 980
161 0
162 980
166 0
167 238
169 0
170 980
181 19
182 980
195 0
196 979
20 86
21 994
249 494
250 977
254 0
255 1
268 13
269 976
271 5
272 975
278 0
279 975
288 25
289 975
306 973
307 973
319 965
320 973
325 0
326 868
332 853
333 973
339 0
340 973
349 2
350 973
356 0
357 929
358 171
359 973
363 0
364 973
378 0
379 1
384 0
385 916
388 972
389 10
393 972
394 968
41 0
414 19
415 972
42 990
421 0
422 621
426 80
427 972
428 0
429 972
438 968
439 972
444 382
445 972
447 5
448 972
464 0
465 970
468 0
469 970
506 905
507 970
509 14
510 970
521 966
522 888
541 932
542 968
567 0
568 967
570 954
571 966
586 9
587 965
602 2
603 965
615 0
616 24
74 20
75 988
80 3
81 988
106 1
107 999
125 55
126 999
157 27
158 999
161 999
162 865
168 193
169 999
173 0
174 999
231 183
232 999
234 994
235 999
241 3
242 999
259 16
260 999
264 457
265 999
271 924
272 999
274 894
275 999
289 978
290 999
293 0
294 999
308 1
309 999
312 951
313 999
336 999
337 997
351 147
352 999
363 937
364 999
369 17
370 999
391 854
392 999
408 2
409 999
411 0
412 999
457 1
458 999
475 0
476 999
481 901
482 999
496 1
497 999
509 0
510 999
529 0
530 999
532 167
533 999
538 0
539 999
557 1
558 999
566 1
567 999
572 125
573 999
579 0
580 989
587 22
588 999
597 503
598 999
67 0
68 991
83 0
84 999
10 999
106 992
107 5
134 992
135 999
17 0
18 992
180 0
181 999
201 0
202 999
227 998
228 999
270 922
271 999
317 2
318 999
412 999
413 999
434 0
435 998
469 999
470 16
482 19
483 999
518 5
519 999
647 999
648 999
694 999
695 996
9 31
10 0
11 499
113 223
114 499
122 482
123 499
131 499
132 499
135 6
136 499
137 499
138 499
139 30
140 499
143 499
144 499
147 69
148 499
15 499
152 499
153 499
16 12
160 499
161 499
164 499
165 499
169 88
170 499
171 448
172 499
173 499
174 499
175 62
176 499
179 499
18 499
180 499
182 106
183 499
185 499
186 495
188 0
189 499
19 499
192 499
193 499
198 499
199 64
200 499
201 499
202 154
203 499
206 499
207 499
214 499
215 499
218 499
219 499
223 499
224 499
235 499
236 499
238 499
239 499
246 499
247 499
250 499
251 499
253 499
254 499
255 499
256 499
257 499
258 499
26 498
263 499
264 499
265 499
266 499
27 89
270 499
271 499
274 0
275 499
276 499
277 499
28 499
281 8
282 499
283 499
284 499
29 499
290 499
291 499
293 182
294 499
296 499
297 499
299 498
30 498
300 499
303 0
304 499
306 499
307 499
31 499
310 499
311 499
312 70
313 499
316 6
317 499
325 499
326 499
33 212
333 311
334 499
34 499
341 6
342 499
348 499
349 499
351 487
352 499
360 499
361 499
362 499
363 499
364 88
365 499
366 15
367 499
37 199
370 34
371 499
372 157
373 499
378 55
379 499
38 499
383 499
384 499
386 499
387 499
389 499
390 499
391 477
392 499
394 499
395 499
397 499
398 499
400 498
401 499
403 499
404 499
405 499
406 499
410 467
411 499
412 499
413 499
419 499
420 499
423 499
424 499
425 497
426 499
427 499
428 499
429 467
430 499
434 499
435 499
441 0
442 303
447 0
448 499
45 499
450 499
451 499
452 456
453 499
455 1
456 499
457 490
458 499
46 499
463 0
464 438
465 499
466 499
469 83
470 499
472 499
473 499
477 494
478 66
5 499
50 442
51 499
52 499
53 499
59 43
6 499
60 499
63 499
64 499
67 42
68 499
72 0
73 499
80 499
81 499
83 0
84 198
87 499
88 499
89 138
90 499
95 499
96 499
97 499
98 499
10 9999
100 9999
101 9999
102 9999
103 25
104 9999
105 9997
106 9999
108 17
109 9999
11 9999
111 9999
112 9999
114 9999
115 9999
118 8653
119 9999
120 0
121 9986
124 1377
125 9999
126 31
127 9999
128 7423
129 9999
133 9999
134 9999
136 9999
137 9953
139 9999
14 8538
140 9999
141 9999
142 9999
143 1443
144 9999
146 241
147 9999
148 852
149 9999
15 9999
152 9999
153 9999
154 4072
155 9999
156 9999
157 9999
163 14
164 9999
167 9999
168 9999
169 1042
170 9999
171 9992
172 9999
174 1038
175 9999
176 5317
177 9999
178 9129
179 9999
182 9999
183 9999
184 9717
185 9999
186 9999
187 9999
188 368
189 9999
191 216
192 9999
195 9999
196 9999
197 39
198 9999
199 2929
200 9999
21 8888
210 8062
211 9999
219 9999
22 9999
220 9700
224 6632
225 9999
226 9999
227 9999
228 9999
229 9999
232 9999
233 9999
235 9999
236 9999
237 9999
238 9999
240 9999
241 9999
243 12
244 9992
245 9999
246 9999
250 9999
251 9999
252 15
253 9999
254 0
255 9999
256 0
257 9999
26 1377
261 9999
262 9999
264 9999
265 9999
266 9790
267 9999
269 9999
27 9999
270 9999
272 8420
273 9999
277 9999
278 9999
283 12
284 9999
285 9999
286 9999
287 9967
288 9999
289 9999
29 31
290 9999
291 0
292 9981
298 9169
299 9999
30 9999
300 760
301 9999
302 9999
303 9999
304 9999
305 9999
306 9999
307 9999
309 9717
31 22
310 9999
311 9999
312 9999
314 812
315 9999
318 5007
319 9999
32 9999
320 4642
321 9999
325 9999
326 9999
328 6635
329 9999
33 858
333 8802
334 9999
335 36
336 9999
34 9999
342 910
343 9999
345 710
346 9999
348 9892
349 9999
351 9999
352 9999
354 8
355 9994
358 14
359 9999
361 9999
362 9999
366 9999
367 9999
368 6759
369 9999
371 9999
372 9999
373 6255
374 9999
392 13
393 9999
395 3
396 9999
397 9983
398 9999
40 9999
402 9971
403 9999
407 769
408 9999
409 9999
41 9999
410 9999
412 9999
413 9999
42 6309
43 9999
46 303
47 9999
49 9999
50 9999
53 9999
54 9999
58 37
59 9999
60 9999
61 9999
62 159
63 9999
67 9999
68 9999
71 9999
72 9999
73 9999
74 9999
77 0
78 9999
79 325
80 9999
88 5300
89 9999
92 5218
93 9999
95 174
96 9999
99 9999
10 9999
100 9999
101 9999
102 9999
103 25
104 9999
105 9997
106 9999
108 17
109 9999
11 9999
111 9999
112 9999
114 9999
115 9999
118 8653
119 9999
120 0
121 9986
124 1377
125 9999
126 31
127 9999
128 7423
129 9999
133 9999
134 9999
136 9999
137 9953
139 9999
14 8538
140 9999
141 9999
142 9999
143 1443
144 9999
146 241
147 9999
148 852
149 9999
15 9999
152 9999
153 9999
154 4072
155 9999
156 9999
157 9999
163 14
164 9999
167 9999
168 9999
169 1042
170 9999
171 9992
172 9999
174 1038
175 9999
176 5317
177 9999
178 9129
179 9999
182 9999
183 9999
184 9717
185 9999
186 9999
187 9999
188 368
189 9999
191 216
192 9999
195 9999
196 9999
197 39
198 9999
199 2929
200 9999
21 8888
210 8062
211 9999
219 9999
22 9999
220 9700
224 6632
225 9999
226 9999
227 9999
228 9999
229 9999
232 9999
233 9999
235 9999
236 9999
237 9999
238 9999
240 9999
241 9999
243 12
244 9992
245 9999
246 9999
250 9999
251 9999
252 15
253 9999
254 0
255 9999
256 0
257 9999
26 1377
261 9999
262 9999
264 9999
265 9999
266 9790
267 9999
269 9999
27 9999
270 9999
272 8420
273 9999
277 9999
278 9999
283 12
284 9999
285 9999
286 9999
287 9967
288 9999
289 9999
29 31
290 9999
291 0
292 9981
298 9169
299 9999
30 9999
300 760
301 9999
302 9999
303 9999
304 9999
305 9999
306 9999
307 9999
309 9717
31 22
310 9999
311 9999
312 9999
314 812
315 9999
318 5007
319 9999
32 9999
320 4642
321 9999
325 9999
326 9999
328 6635
329 9999
33 858
333 8802
334 9999
335 36
336 9999
34 9999
342 910
343 9999
345 710
346 9999
348 9892
349 9999
351 9999
352 9999
354 8
355 9994
358 14
359 9999
361 9999
362 9999
366 9999
367 9999
368 6759
369 9999
371 9999
372 9999
373 6255
374 9999
392 13
393 9999
395 3
396 9999
397 9983
398 9999
40 9999
402 9971
403 9999
407 769
408 9999
409 9999
41 9999
410 9999
412 9999
413 9999
42 6309
43 9999
46 303
47 9999
49 9999
50 9999
53 9999
54 9999
58 37
59 9999
60 9999
61 9999
62 159
63 9999
67 9999
68 9999
71 9999
72 9999
73 9999
74 9999
77 0
78 9999
79 325
80 9999
88 5300
89 9999
92 5218
93 9999
95 174
96 9999
99 9999
10 3
11 489
12 0
13 430
151 23
152 499
17 441
18 481
256 0
257 39
27 39
28 499
31 0
32 10
369 0
370 499
43 0
435 1
436 483
437 42
438 499
44 498
531 143
532 23
559 143
560 499
592 0
593 43
650 0
651 0
678 32
679 499
682 499
683 14
7 346
718 129
719 499
724 446
725 396
73 0
74 162
746 46
747 499
775 0
776 43
8 72
87 0
88 467
89 2
90 499
