101 9970
102 9996
103 0
104 9997
108 7
109 9999
136 9996
137 9999
138 0
139 9999
141 9999
142 9996
147 9999
148 9999
156 1180
157 9999
16 6491
168 0
169 9999
17 9996
172 1185
173 9999
175 9999
176 9617
182 1172
183 9999
187 58
188 9999
191 972
192 0
206 607
207 9999
211 0
212 9576
22 5
228 6
229 9999
23 9999
231 0
232 9972
233 6
234 9999
245 0
246 9435
254 0
255 9999
267 969
268 9999
285 9974
286 9997
291 6
292 9999
293 0
294 9999
311 9995
312 9999
313 9999
314 9999
316 6491
317 31
324 0
325 9999
335 9
336 9999
351 9974
352 9999
355 9999
356 9999
362 0
363 9999
364 110
365 9999
382 9995
383 9999
388 9999
389 9997
39 0
394 0
395 831
399 0
40 9995
400 9999
411 1308
412 9999
415 0
416 9999
425 0
426 9999
44 9999
445 0
446 9999
45 7
46 0
461 9586
462 9999
47 9967
478 0
479 9999
487 9999
488 9996
489 41
490 9999
494 0
495 0
50 0
505 0
506 5
51 9999
529 0
530 9999
533 6588
534 95
536 7200
537 1341
544 972
545 9
547 9440
548 9937
55 9997
56 9999
578 847
579 9999
630 0
631 0
640 0
641 9997
649 6
650 9999
660 9966
661 9998
662 8817
663 9999
673 1112
674 9999
675 4
676 9999
681 7
682 9997
683 407
684 9999
698 6414
699 0
700 43
701 9996
76 9674
77 9999
86 7
87 9999
89 9999
90 33
94 5
95 9999
101 9970
102 9996
103 0
104 9997
108 7
109 9999
136 9996
137 9999
138 0
139 9999
141 9999
142 9996
147 9999
148 9999
156 1180
157 9999
16 6491
168 0
169 9999
17 9996
172 1185
173 9999
175 9999
176 9617
182 1172
183 9999
187 58
188 9999
191 972
192 0
206 607
207 9999
211 0
212 9576
22 5
228 6
229 9999
23 9999
231 0
232 9972
233 6
234 9999
245 0
246 9435
254 0
255 9999
267 969
268 9999
285 9974
286 9997
291 6
292 9999
293 0
294 9999
311 9995
312 9999
313 9999
314 9999
316 6491
317 31
324 0
325 9999
335 9
336 9999
351 9974
352 9999
355 9999
356 9999
362 0
363 9999
364 110
365 9999
382 9995
383 9999
388 9999
389 9997
39 0
394 0
395 831
399 0
40 9995
400 9999
411 1308
412 9999
415 0
416 9999
425 0
426 9999
44 9999
445 0
446 9999
45 7
46 0
461 9586
462 9999
47 9967
478 0
479 9999
487 9999
488 9996
489 41
490 9999
494 0
495 0
50 0
505 0
506 5
51 9999
529 0
530 9999
533 6588
534 95
536 7200
537 1341
544 972
545 9
547 9440
548 9937
55 9997
56 9999
578 847
579 9999
630 0
631 0
640 0
641 9997
649 6
650 9999
660 9966
661 9998
662 8817
663 9999
673 1112
674 9999
675 4
676 9999
681 7
682 9997
683 407
684 9999
698 6414
699 0
700 43
701 9996
76 9674
77 9999
86 7
87 9999
89 9999
90 33
94 5
95 9999
0 0
1 0
10 0
100 0
101 0
102 0
103 0
104 0
105 0
106 0
107 0
108 0
109 0
11 0
110 0
111 0
112 0
113 0
114 0
115 0
116 0
117 0
118 0
119 0
12 0
120 0
121 0
122 0
123 0
124 0
125 0
126 0
127 0
128 0
129 0
13 0
130 0
131 0
132 0
133 0
134 0
135 0
136 0
137 0
138 0
139 0
14 0
140 0
141 0
142 0
143 0
144 0
145 0
146 0
147 0
148 0
149 0
15 0
150 0
151 0
152 0
153 0
154 0
155 0
156 0
157 0
158 0
159 0
16 0
160 0
161 0
162 0
163 0
164 0
165 0
166 0
167 0
168 0
169 0
17 0
170 0
171 0
172 0
173 0
174 0
175 0
176 0
177 0
178 0
179 0
18 0
180 0
181 0
182 0
183 0
184 0
185 0
186 0
187 0
188 0
189 0
19 0
190 0
191 0
192 0
193 0
194 0
195 0
196 0
197 0
198 0
199 0
2 0
20 0
200 0
201 0
202 0
203 0
204 0
205 0
206 0
207 0
208 0
209 0
21 0
210 0
211 0
212 0
213 0
214 0
215 0
216 0
217 0
218 0
219 0
22 0
220 0
221 0
222 0
223 0
224 0
225 0
226 0
227 0
228 0
229 0
23 0
230 0
231 0
232 0
233 0
234 0
235 0
236 0
237 0
238 0
239 0
24 0
240 0
241 0
242 0
243 0
244 0
245 0
246 0
247 0
248 0
249 0
25 0
250 0
251 0
252 0
253 0
254 0
255 0
256 0
257 0
258 0
259 0
26 0
260 0
261 0
262 0
263 0
264 0
265 0
266 0
267 0
268 0
269 0
27 0
270 0
271 0
272 0
273 0
274 0
275 0
276 0
277 0
278 0
279 0
28 0
280 0
281 0
282 0
283 0
284 0
285 0
286 0
287 0
288 0
289 0
29 0
290 0
291 0
292 0
293 0
294 0
295 0
296 0
297 0
298 0
299 0
3 0
30 0
300 0
301 0
302 0
303 0
304 0
305 0
306 0
307 0
308 0
309 0
31 0
310 0
311 0
312 0
313 0
314 0
315 0
316 0
317 0
318 0
319 0
32 0
320 0
321 0
322 0
323 0
324 0
325 0
326 0
327 0
328 0
329 0
33 0
330 0
331 0
332 0
333 0
334 0
335 0
336 0
337 0
338 0
339 0
34 0
340 0
341 0
342 0
343 0
344 0
345 0
346 0
347 0
348 0
349 0
35 0
350 0
351 0
352 0
353 0
354 0
355 0
356 0
357 0
358 0
359 0
36 0
360 0
361 0
362 0
363 0
364 0
365 0
366 0
367 0
368 0
369 0
37 0
370 0
371 0
372 0
373 0
374 0
375 0
376 0
377 0
378 0
379 0
38 0
380 0
381 0
382 0
383 0
384 0
385 0
386 0
387 0
388 0
389 0
39 0
390 0
391 0
392 0
393 0
394 0
395 0
396 0
397 0
398 0
399 0
4 0
40 0
400 0
401 0
402 0
403 0
404 0
405 0
406 0
407 0
408 0
409 0
41 0
410 0
411 0
412 0
413 0
414 0
415 0
416 0
417 0
418 0
419 0
42 0
420 0
421 0
422 0
423 0
424 0
425 0
426 0
427 0
428 0
429 0
43 0
430 0
431 0
432 0
433 0
434 0
435 0
436 0
437 0
438 0
439 0
44 0
440 0
441 0
442 0
443 0
444 0
445 0
446 0
447 0
448 0
449 0
45 0
450 0
451 0
452 0
453 0
454 0
455 0
456 0
457 0
458 0
459 0
46 0
460 0
461 0
462 0
463 0
464 0
465 0
466 0
467 0
468 0
469 0
47 0
470 0
471 0
472 0
473 0
474 0
475 0
476 0
477 0
478 0
479 0
48 0
480 0
481 0
482 0
483 0
484 0
485 0
486 0
487 0
488 0
489 0
49 0
490 0
491 0
492 0
493 0
494 0
495 0
496 0
497 0
498 0
499 0
5 0
50 0
500 0
501 0
502 0
503 0
504 0
505 0
506 0
507 0
508 0
509 0
51 0
510 0
511 0
512 0
513 0
514 0
515 0
516 0
517 0
518 0
519 0
52 0
520 0
521 0
522 0
523 0
524 0
525 0
526 0
527 0
528 0
529 0
53 0
530 0
531 0
532 0
533 0
534 0
535 0
536 0
537 0
538 0
539 0
54 0
540 0
541 0
542 0
543 0
544 0
545 0
546 0
547 0
548 0
549 0
55 0
550 0
551 0
552 0
553 0
554 0
555 0
556 0
557 0
558 0
559 0
56 0
560 0
561 0
562 0
563 0
564 0
565 0
566 0
567 0
568 0
569 0
57 0
570 0
571 0
572 0
573 0
574 0
575 0
58 0
59 0
6 0
60 0
61 0
62 0
63 0
64 0
65 0
66 0
67 0
68 0
69 0
7 0
70 0
71 0
72 0
73 0
74 0
75 0
76 0
77 0
78 0
79 0
8 0
80 0
81 0
82 0
83 0
84 0
85 0
86 0
87 0
88 0
89 0
9 0
90 0
91 0
92 0
93 0
94 0
95 0
96 0
97 0
98 0
99 0
0 0
1 0
10 0
100 0
101 0
102 0
103 0
104 0
105 0
106 0
107 0
108 0
109 0
11 0
110 0
111 0
112 0
113 0
114 0
115 0
116 0
117 0
118 0
119 0
12 0
120 0
121 0
122 0
123 0
124 0
125 0
126 0
127 0
128 0
129 0
13 0
130 0
131 0
132 0
133 0
134 0
135 0
136 0
137 0
138 0
139 0
14 0
140 0
141 0
142 0
143 0
144 0
145 0
146 0
147 0
148 0
149 0
15 0
150 0
151 0
152 0
153 0
154 0
155 0
156 0
157 0
158 0
159 0
16 0
160 0
161 0
162 0
163 0
164 0
165 0
166 0
167 0
168 0
169 0
17 0
170 0
171 0
172 0
173 0
174 0
175 0
176 0
177 0
178 0
179 0
18 0
180 0
181 0
182 0
183 0
184 0
185 0
186 0
187 0
188 0
189 0
19 0
190 0
191 0
192 0
193 0
194 0
195 0
196 0
197 0
198 0
199 0
2 0
20 0
200 0
201 0
202 0
203 0
204 0
205 0
206 0
207 0
208 0
209 0
21 0
210 0
211 0
212 0
213 0
214 0
215 0
216 0
217 0
218 0
219 0
22 0
220 0
221 0
222 0
223 0
224 0
225 0
226 0
227 0
228 0
229 0
23 0
230 0
231 0
232 0
233 0
234 0
235 0
236 0
237 0
238 0
239 0
24 0
240 0
241 0
242 0
243 0
244 0
245 0
246 0
247 0
248 0
249 0
25 0
250 0
251 0
252 0
253 0
254 0
255 0
256 0
257 0
258 0
259 0
26 0
260 0
261 0
262 0
263 0
264 0
265 0
266 0
267 0
268 0
269 0
27 0
270 0
271 0
272 0
273 0
274 0
275 0
276 0
277 0
278 0
279 0
28 0
280 0
281 0
282 0
283 0
284 0
285 0
286 0
287 0
288 0
289 0
29 0
290 0
291 0
292 0
293 0
294 0
295 0
296 0
297 0
298 0
299 0
3 0
30 0
300 0
301 0
302 0
303 0
304 0
305 0
306 0
307 0
308 0
309 0
31 0
310 0
311 0
312 0
313 0
314 0
315 0
316 0
317 0
318 0
319 0
32 0
320 0
321 0
322 0
323 0
324 0
325 0
326 0
327 0
328 0
329 0
33 0
330 0
331 0
332 0
333 0
334 0
335 0
336 0
337 0
338 0
339 0
34 0
340 0
341 0
342 0
343 0
344 0
345 0
346 0
347 0
348 0
349 0
35 0
350 0
351 0
352 0
353 0
354 0
355 0
356 0
357 0
358 0
359 0
36 0
360 0
361 0
362 0
363 0
364 0
365 0
366 0
367 0
368 0
369 0
37 0
370 0
371 0
372 0
373 0
374 0
375 0
376 0
377 0
378 0
379 0
38 0
380 0
381 0
382 0
383 0
384 0
385 0
386 0
387 0
388 0
389 0
39 0
390 0
391 0
392 0
393 0
394 0
395 0
396 0
397 0
398 0
399 0
4 0
40 0
400 0
401 0
402 0
403 0
404 0
405 0
406 0
407 0
408 0
409 0
41 0
410 0
411 0
412 0
413 0
414 0
415 0
416 0
417 0
418 0
419 0
42 0
420 0
421 0
422 0
423 0
424 0
425 0
426 0
427 0
428 0
429 0
43 0
430 0
431 0
432 0
433 0
434 0
435 0
436 0
437 0
438 0
439 0
44 0
440 0
441 0
442 0
443 0
444 0
445 0
446 0
447 0
448 0
449 0
45 0
450 0
451 0
452 0
453 0
454 0
455 0
456 0
457 0
458 0
459 0
46 0
460 0
461 0
462 0
463 0
464 0
465 0
466 0
467 0
468 0
469 0
47 0
470 0
471 0
472 0
473 0
474 0
475 0
476 0
477 0
478 0
479 0
48 0
480 0
481 0
482 0
483 0
484 0
485 0
486 0
487 0
488 0
489 0
49 0
490 0
491 0
492 0
493 0
494 0
495 0
496 0
497 0
498 0
499 0
5 0
50 0
500 0
501 0
502 0
503 0
504 0
505 0
506 0
507 0
508 0
509 0
51 0
510 0
511 0
512 0
513 0
514 0
515 0
516 0
517 0
518 0
519 0
52 0
520 0
521 0
522 0
523 0
524 0
525 0
526 0
527 0
528 0
529 0
53 0
530 0
531 0
532 0
533 0
534 0
535 0
536 0
537 0
538 0
539 0
54 0
540 0
541 0
542 0
543 0
544 0
545 0
546 0
547 0
548 0
549 0
55 0
550 0
551 0
552 0
553 0
554 0
555 0
556 0
557 0
558 0
559 0
56 0
560 0
561 0
562 0
563 0
564 0
565 0
566 0
567 0
568 0
569 0
57 0
570 0
571 0
572 0
573 0
574 0
575 0
58 0
59 0
6 0
60 0
61 0
62 0
63 0
64 0
65 0
66 0
67 0
68 0
69 0
7 0
70 0
71 0
72 0
73 0
74 0
75 0
76 0
77 0
78 0
79 0
8 0
80 0
81 0
82 0
83 0
84 0
85 0
86 0
87 0
88 0
89 0
9 0
90 0
91 0
92 0
93 0
94 0
95 0
96 0
97 0
98 0
99 0
0 0
1 0
10 0
100 0
101 0
102 0
103 0
104 0
105 0
106 0
107 0
108 0
109 0
11 0
110 0
111 0
112 0
113 0
114 0
115 0
116 0
117 0
118 0
119 0
12 0
120 0
121 0
122 0
123 0
124 0
125 0
126 0
127 0
128 0
129 0
13 0
130 0
131 0
132 0
133 0
134 0
135 0
136 0
137 0
138 0
139 0
14 0
140 0
141 0
142 0
143 0
144 0
145 0
146 0
147 0
148 0
149 0
15 0
150 0
151 0
152 0
153 0
154 0
155 0
156 0
157 0
158 0
159 0
16 0
160 0
161 0
162 0
163 0
164 0
165 0
166 0
167 0
168 0
169 0
17 0
170 0
171 0
172 0
173 0
174 0
175 0
176 0
177 0
178 0
179 0
18 0
180 0
181 0
182 0
183 0
184 0
185 0
186 0
187 0
188 0
189 0
19 0
190 0
191 0
192 0
193 0
194 0
195 0
196 0
197 0
198 0
199 0
2 0
20 0
200 0
201 0
202 0
203 0
204 0
205 0
206 0
207 0
208 0
209 0
21 0
210 0
211 0
212 0
213 0
214 0
215 0
216 0
217 0
218 0
219 0
22 0
220 0
221 0
222 0
223 0
224 0
225 0
226 0
227 0
228 0
229 0
23 0
230 0
231 0
232 0
233 0
234 0
235 0
236 0
237 0
238 0
239 0
24 0
240 0
241 0
242 0
243 0
244 0
245 0
246 0
247 0
248 0
249 0
25 0
250 0
251 0
252 0
253 0
254 0
255 0
256 0
257 0
258 0
259 0
26 0
260 0
261 0
262 0
263 0
264 0
265 0
266 0
267 0
268 0
269 0
27 0
270 0
271 0
272 0
273 0
274 0
275 0
276 0
277 0
278 0
279 0
28 0
280 0
281 0
282 0
283 0
284 0
285 0
286 0
287 0
288 0
289 0
29 0
290 0
291 0
292 0
293 0
294 0
295 0
296 0
297 0
298 0
299 0
3 0
30 0
300 0
301 0
302 0
303 0
304 0
305 0
306 0
307 0
308 0
309 0
31 0
310 0
311 0
312 0
313 0
314 0
315 0
316 0
317 0
318 0
319 0
32 0
320 0
321 0
322 0
323 0
324 0
325 0
326 0
327 0
328 0
329 0
33 0
330 0
331 0
332 0
333 0
334 0
335 0
336 0
337 0
338 0
339 0
34 0
340 0
341 0
342 0
343 0
344 0
345 0
346 0
347 0
348 0
349 0
35 0
350 0
351 0
352 0
353 0
354 0
355 0
356 0
357 0
358 0
359 0
36 0
360 0
361 0
362 0
363 0
364 0
365 0
366 0
367 0
368 0
369 0
37 0
370 0
371 0
372 0
373 0
374 0
375 0
376 0
377 0
378 0
379 0
38 0
380 0
381 0
382 0
383 0
384 0
385 0
386 0
387 0
388 0
389 0
39 0
390 0
391 0
392 0
393 0
394 0
395 0
396 0
397 0
398 0
399 0
4 0
40 0
400 0
401 0
402 0
403 0
404 0
405 0
406 0
407 0
408 0
409 0
41 0
410 0
411 0
412 0
413 0
414 0
415 0
416 0
417 0
418 0
419 0
42 0
420 0
421 0
422 0
423 0
424 0
425 0
426 0
427 0
428 0
429 0
43 0
430 0
431 0
432 0
433 0
434 0
435 0
436 0
437 0
438 0
439 0
44 0
440 0
441 0
442 0
443 0
444 0
445 0
446 0
447 0
448 0
449 0
45 0
450 0
451 0
452 0
453 0
454 0
455 0
456 0
457 0
458 0
459 0
46 0
460 0
461 0
462 0
463 0
464 0
465 0
466 0
467 0
468 0
469 0
47 0
470 0
471 0
472 0
473 0
474 0
475 0
476 0
477 0
478 0
479 0
48 0
480 0
481 0
482 0
483 0
484 0
485 0
486 0
487 0
488 0
489 0
49 0
490 0
491 0
492 0
493 0
494 0
495 0
496 0
497 0
498 0
499 0
5 0
50 0
500 0
501 0
502 0
503 0
504 0
505 0
506 0
507 0
508 0
509 0
51 0
510 0
511 0
512 0
513 0
514 0
515 0
516 0
517 0
518 0
519 0
52 0
520 0
521 0
522 0
523 0
524 0
525 0
526 0
527 0
528 0
529 0
53 0
530 0
531 0
532 0
533 0
534 0
535 0
536 0
537 0
538 0
539 0
54 0
540 0
541 0
542 0
543 0
544 0
545 0
546 0
547 0
548 0
549 0
55 0
550 0
551 0
552 0
553 0
554 0
555 0
556 0
557 0
558 0
559 0
56 0
560 0
561 0
562 0
563 0
564 0
565 0
566 0
567 0
568 0
569 0
57 0
570 0
571 0
572 0
573 0
574 0
575 0
58 0
59 0
6 0
60 0
61 0
62 0
63 0
64 0
65 0
66 0
67 0
68 0
69 0
7 0
70 0
71 0
72 0
73 0
74 0
75 0
76 0
77 0
78 0
79 0
8 0
80 0
81 0
82 0
83 0
84 0
85 0
86 0
87 0
88 0
89 0
9 0
90 0
91 0
92 0
93 0
94 0
95 0
96 0
97 0
98 0
99 0
0 0
1 0
10 0
100 0
101 0
102 0
103 0
104 0
105 0
106 0
107 0
108 0
109 0
11 0
110 0
111 0
112 0
113 0
114 0
115 0
116 0
117 0
118 0
119 0
12 0
120 0
121 0
122 0
123 0
124 0
125 0
126 0
127 0
128 0
129 0
13 0
130 0
131 0
132 0
133 0
134 0
135 0
136 0
137 0
138 0
139 0
14 0
140 0
141 0
142 0
143 0
144 0
145 0
146 0
147 0
148 0
149 0
15 0
150 0
151 0
152 0
153 0
154 0
155 0
156 0
157 0
158 0
159 0
16 0
160 0
161 0
162 0
163 0
164 0
165 0
166 0
167 0
168 0
169 0
17 0
170 0
171 0
172 0
173 0
174 0
175 0
176 0
177 0
178 0
179 0
18 0
180 0
181 0
182 0
183 0
184 0
185 0
186 0
187 0
188 0
189 0
19 0
190 0
191 0
192 0
193 0
194 0
195 0
196 0
197 0
198 0
199 0
2 0
20 0
200 0
201 0
202 0
203 0
204 0
205 0
206 0
207 0
208 0
209 0
21 0
210 0
211 0
212 0
213 0
214 0
215 0
216 0
217 0
218 0
219 0
22 0
220 0
221 0
222 0
223 0
224 0
225 0
226 0
227 0
228 0
229 0
23 0
230 0
231 0
232 0
233 0
234 0
235 0
236 0
237 0
238 0
239 0
24 0
240 0
241 0
242 0
243 0
244 0
245 0
246 0
247 0
248 0
249 0
25 0
250 0
251 0
252 0
253 0
254 0
255 0
256 0
257 0
258 0
259 0
26 0
260 0
261 0
262 0
263 0
264 0
265 0
266 0
267 0
268 0
269 0
27 0
270 0
271 0
272 0
273 0
274 0
275 0
276 0
277 0
278 0
279 0
28 0
280 0
281 0
282 0
283 0
284 0
285 0
286 0
287 0
288 0
289 0
29 0
290 0
291 0
292 0
293 0
294 0
295 0
296 0
297 0
298 0
299 0
3 0
30 0
300 0
301 0
302 0
303 0
304 0
305 0
306 0
307 0
308 0
309 0
31 0
310 0
311 0
312 0
313 0
314 0
315 0
316 0
317 0
318 0
319 0
32 0
320 0
321 0
322 0
323 0
324 0
325 0
326 0
327 0
328 0
329 0
33 0
330 0
331 0
332 0
333 0
334 0
335 0
336 0
337 0
338 0
339 0
34 0
340 0
341 0
342 0
343 0
344 0
345 0
346 0
347 0
348 0
349 0
35 0
350 0
351 0
352 0
353 0
354 0
355 0
356 0
357 0
358 0
359 0
36 0
360 0
361 0
362 0
363 0
364 0
365 0
366 0
367 0
368 0
369 0
37 0
370 0
371 0
372 0
373 0
374 0
375 0
376 0
377 0
378 0
379 0
38 0
380 0
381 0
382 0
383 0
384 0
385 0
386 0
387 0
388 0
389 0
39 0
390 0
391 0
392 0
393 0
394 0
395 0
396 0
397 0
398 0
399 0
4 0
40 0
400 0
401 0
402 0
403 0
404 0
405 0
406 0
407 0
408 0
409 0
41 0
410 0
411 0
412 0
413 0
414 0
415 0
416 0
417 0
418 0
419 0
42 0
420 0
421 0
422 0
423 0
424 0
425 0
426 0
427 0
428 0
429 0
43 0
430 0
431 0
432 0
433 0
434 0
435 0
436 0
437 0
438 0
439 0
44 0
440 0
441 0
442 0
443 0
444 0
445 0
446 0
447 0
448 0
449 0
45 0
450 0
451 0
452 0
453 0
454 0
455 0
456 0
457 0
458 0
459 0
46 0
460 0
461 0
462 0
463 0
464 0
465 0
466 0
467 0
468 0
469 0
47 0
470 0
471 0
472 0
473 0
474 0
475 0
476 0
477 0
478 0
479 0
48 0
480 0
481 0
482 0
483 0
484 0
485 0
486 0
487 0
488 0
489 0
49 0
490 0
491 0
492 0
493 0
494 0
495 0
496 0
497 0
498 0
499 0
5 0
50 0
500 0
501 0
502 0
503 0
504 0
505 0
506 0
507 0
508 0
509 0
51 0
510 0
511 0
512 0
513 0
514 0
515 0
516 0
517 0
518 0
519 0
52 0
520 0
521 0
522 0
523 0
524 0
525 0
526 0
527 0
528 0
529 0
53 0
530 0
531 0
532 0
533 0
534 0
535 0
536 0
537 0
538 0
539 0
54 0
540 0
541 0
542 0
543 0
544 0
545 0
546 0
547 0
548 0
549 0
55 0
550 0
551 0
552 0
553 0
554 0
555 0
556 0
557 0
558 0
559 0
56 0
560 0
561 0
562 0
563 0
564 0
565 0
566 0
567 0
568 0
569 0
57 0
570 0
571 0
572 0
573 0
574 0
575 0
576 0
577 0
578 0
579 0
58 0
580 0
581 0
582 0
583 0
584 0
585 0
586 0
587 0
588 0
589 0
59 0
590 0
591 0
592 0
593 0
594 0
595 0
6 0
60 0
61 0
62 0
63 0
64 0
65 0
66 0
67 0
68 0
69 0
7 0
70 0
71 0
72 0
73 0
74 0
75 0
76 0
77 0
78 0
79 0
8 0
80 0
81 0
82 0
83 0
84 0
85 0
86 0
87 0
88 0
89 0
9 0
90 0
91 0
92 0
93 0
94 0
95 0
96 0
97 0
98 0
99 0
0 0
1 0
10 0
100 0
101 0
102 0
103 0
104 0
105 0
106 0
107 0
108 0
109 0
11 0
110 0
111 0
112 0
113 0
114 0
115 0
116 0
117 0
118 0
119 0
12 0
120 0
121 0
122 0
123 0
124 0
125 0
126 0
127 0
128 0
129 0
13 0
130 0
131 0
132 0
133 0
134 0
135 0
136 0
137 0
138 0
139 0
14 0
140 0
141 0
142 0
143 0
144 0
145 0
146 0
147 0
148 0
149 0
15 0
150 0
151 0
152 0
153 0
154 0
155 0
156 0
157 0
158 0
159 0
16 0
160 0
161 0
162 0
163 0
164 0
165 0
166 0
167 0
168 0
169 0
17 0
170 0
171 0
172 0
173 0
174 0
175 0
176 0
177 0
178 0
179 0
18 0
180 0
181 0
182 0
183 0
184 0
185 0
186 0
187 0
188 0
189 0
19 0
190 0
191 0
192 0
193 0
194 0
195 0
196 0
197 0
198 0
199 0
2 0
20 0
200 0
201 0
202 0
203 0
204 0
205 0
206 0
207 0
208 0
209 0
21 0
210 0
211 0
212 0
213 0
214 0
215 0
216 0
217 0
218 0
219 0
22 0
220 0
221 0
222 0
223 0
224 0
225 0
226 0
227 0
228 0
229 0
23 0
230 0
231 0
232 0
233 0
234 0
235 0
236 0
237 0
238 0
239 0
24 0
240 0
241 0
242 0
243 0
244 0
245 0
246 0
247 0
248 0
249 0
25 0
250 0
251 0
252 0
253 0
254 0
255 0
256 0
257 0
258 0
259 0
26 0
260 0
261 0
262 0
263 0
264 0
265 0
266 0
267 0
268 0
269 0
27 0
270 0
271 0
272 0
273 0
274 0
275 0
276 0
277 0
278 0
279 0
28 0
280 0
281 0
282 0
283 0
284 0
285 0
286 0
287 0
288 0
289 0
29 0
290 0
291 0
292 0
293 0
294 0
295 0
296 0
297 0
298 0
299 0
3 0
30 0
300 0
301 0
302 0
303 0
304 0
305 0
306 0
307 0
308 0
309 0
31 0
310 0
311 0
312 0
313 0
314 0
315 0
316 0
317 0
318 0
319 0
32 0
320 0
321 0
322 0
323 0
324 0
325 0
326 0
327 0
328 0
329 0
33 0
330 0
331 0
332 0
333 0
334 0
335 0
336 0
337 0
338 0
339 0
34 0
340 0
341 0
342 0
343 0
344 0
345 0
346 0
347 0
348 0
349 0
35 0
350 0
351 0
352 0
353 0
354 0
355 0
356 0
357 0
358 0
359 0
36 0
360 0
361 0
362 0
363 0
364 0
365 0
366 0
367 0
368 0
369 0
37 0
370 0
371 0
372 0
373 0
374 0
375 0
376 0
377 0
378 0
379 0
38 0
380 0
381 0
382 0
383 0
384 0
385 0
386 0
387 0
388 0
389 0
39 0
390 0
391 0
392 0
393 0
394 0
395 0
396 0
397 0
398 0
399 0
4 0
40 0
400 0
401 0
402 0
403 0
404 0
405 0
406 0
407 0
408 0
409 0
41 0
410 0
411 0
412 0
413 0
414 0
415 0
416 0
417 0
418 0
419 0
42 0
420 0
421 0
422 0
423 0
424 0
425 0
426 0
427 0
428 0
429 0
43 0
430 0
431 0
432 0
433 0
434 0
435 0
436 0
437 0
438 0
439 0
44 0
440 0
441 0
442 0
443 0
444 0
445 0
446 0
447 0
448 0
449 0
45 0
450 0
451 0
452 0
453 0
454 0
455 0
456 0
457 0
458 0
459 0
46 0
460 0
461 0
462 0
463 0
464 0
465 0
466 0
467 0
468 0
469 0
47 0
470 0
471 0
472 0
473 0
474 0
475 0
476 0
477 0
478 0
479 0
48 0
480 0
481 0
482 0
483 0
484 0
485 0
486 0
487 0
488 0
489 0
49 0
490 0
491 0
492 0
493 0
494 0
495 0
496 0
497 0
498 0
499 0
5 0
50 0
500 0
501 0
502 0
503 0
504 0
505 0
506 0
507 0
508 0
509 0
51 0
510 0
511 0
512 0
513 0
514 0
515 0
516 0
517 0
518 0
519 0
52 0
520 0
521 0
522 0
523 0
524 0
525 0
526 0
527 0
528 0
529 0
53 0
530 0
531 0
532 0
533 0
534 0
535 0
536 0
537 0
538 0
539 0
54 0
540 0
541 0
542 0
543 0
544 0
545 0
546 0
547 0
548 0
549 0
55 0
550 0
551 0
552 0
553 0
554 0
555 0
556 0
557 0
558 0
559 0
56 0
560 0
561 0
562 0
563 0
564 0
565 0
566 0
567 0
568 0
569 0
57 0
570 0
571 0
572 0
573 0
574 0
575 0
576 0
577 0
578 0
579 0
58 0
580 0
581 0
582 0
583 0
584 0
585 0
586 0
587 0
588 0
589 0
59 0
6 0
60 0
61 0
62 0
63 0
64 0
65 0
66 0
67 0
68 0
69 0
7 0
70 0
71 0
72 0
73 0
74 0
75 0
76 0
77 0
78 0
79 0
8 0
80 0
81 0
82 0
83 0
84 0
85 0
86 0
87 0
88 0
89 0
9 0
90 0
91 0
92 0
93 0
94 0
95 0
96 0
97 0
98 0
99 0
100 0
101 0
113 0
114 0
115 0
116 0
129 0
130 0
133 0
134 0
145 0
146 0
153 0
154 0
161 0
162 0
172 0
173 0
179 0
18 0
180 0
187 0
188 0
189 0
19 0
190 0
198 0
199 0
203 0
204 0
211 0
212 0
233 0
234 0
236 0
237 0
240 0
241 0
244 0
245 0
247 0
248 0
249 0
250 0
257 0
258 0
270 0
271 0
275 0
276 0
297 0
298 0
3 0
307 0
308 0
311 0
312 0
332 0
333 0
338 0
339 0
341 0
342 0
344 0
345 0
346 0
347 0
35 0
36 0
361 0
362 0
367 0
368 0
373 0
374 0
375 0
376 0
383 0
384 0
385 0
386 0
395 0
396 0
398 0
399 0
4 0
40 0
41 0
413 0
414 0
415 0
416 0
423 0
424 0
429 0
430 0
448 0
449 0
45 0
450 0
451 0
454 0
455 0
458 0
459 0
46 0
465 0
466 0
470 0
471 0
474 0
475 0
478 0
479 0
48 0
487 0
488 0
489 0
49 0
490 0
491 0
492 0
503 0
504 0
507 0
508 0
53 0
537 0
538 0
54 0
543 0
544 0
545 0
546 0
561 0
562 0
566 0
567 0
582 0
583 0
584 0
585 0
602 0
603 0
607 0
608 0
609 0
610 0
619 0
620 0
622 0
623 0
643 0
644 0
657 0
658 0
660 0
661 0
666 0
667 0
675 0
676 0
682 0
683 0
690 0
691 0
693 0
694 0
697 0
698 0
700 0
701 0
709 0
710 0
713 0
714 0
720 0
721 0
736 0
737 0
84 0
85 0
88 0
89 0
91 0
92 0
94 0
95 0
100 472
101 443
113 3
114 469
115 0
116 468
129 131
130 19
133 0
134 3
145 462
146 461
153 456
154 138
161 457
162 101
172 0
173 458
179 445
18 416
180 457
187 4
188 455
189 7
19 488
190 455
198 22
199 453
203 453
204 446
211 0
212 3
233 0
234 445
236 446
237 22
240 446
241 19
244 5
245 445
247 444
248 444
249 0
250 443
257 0
258 119
270 78
271 442
275 442
276 442
297 253
298 442
3 10
307 371
308 441
311 422
312 195
332 435
333 440
338 440
339 404
341 8
342 440
344 440
345 437
346 43
347 440
35 481
36 167
361 440
362 440
367 428
368 440
373 309
374 439
375 185
376 439
383 45
384 438
385 5
386 435
395 0
396 134
398 407
399 438
4 494
40 481
41 481
413 150
414 435
415 0
416 435
423 418
424 434
429 434
430 434
448 190
449 434
45 479
450 434
451 434
454 156
455 420
458 125
459 434
46 466
465 434
466 434
470 0
471 21
474 434
475 22
478 434
479 123
48 479
487 54
488 434
489 1
49 443
490 434
491 33
492 433
503 433
504 109
507 433
508 433
53 0
537 378
538 428
54 0
543 426
544 432
545 422
546 432
561 193
562 431
566 407
567 431
582 0
583 168
584 12
585 429
602 429
603 380
607 429
608 409
609 42
610 429
619 429
620 427
622 412
623 427
643 426
644 427
657 427
658 427
660 427
661 1
666 427
667 166
675 0
676 1
682 2
683 427
690 426
691 426
693 0
694 427
697 1
698 427
700 425
701 426
709 14
710 427
713 426
714 426
720 426
721 75
736 367
737 425
84 440
85 474
88 473
89 473
91 473
92 57
94 472
95 469
10 999
107 987
108 999
110 1
111 999
113 999
114 15
115 925
116 999
117 2
118 999
119 1
12 0
120 999
123 988
124 997
13 999
131 0
132 999
135 105
136 999
147 943
148 999
15 102
154 999
155 999
16 999
166 999
167 999
168 12
169 999
17 999
170 918
171 999
175 426
176 999
178 193
179 999
18 999
180 0
181 999
184 0
185 999
188 930
189 999
199 999
200 998
201 998
202 999
206 999
207 999
209 0
210 999
219 998
220 989
222 999
223 999
225 1
226 999
234 0
235 999
238 875
239 999
242 999
243 999
245 183
246 999
248 994
249 999
254 6
255 999
264 989
265 999
266 1
267 999
271 0
272 999
275 963
276 999
279 928
28 0
280 579
283 930
284 999
286 900
287 999
29 0
290 675
291 268
299 964
300 997
301 3
302 999
304 14
305 999
309 999
310 1
316 992
317 999
319 1
320 999
322 999
323 999
340 999
341 999
345 11
346 999
348 999
349 991
352 0
353 999
362 147
363 999
369 0
370 13
372 0
373 999
379 697
38 0
380 999
39 998
390 999
391 999
394 0
395 999
4 4
400 939
401 999
402 905
403 999
406 999
407 999
408 941
409 999
41 521
42 999
420 980
421 999
423 999
424 999
43 10
430 0
431 360
44 999
442 803
443 999
448 2
449 999
457 1
458 999
462 999
463 999
469 0
470 0
473 999
474 999
476 15
477 999
483 3
484 999
485 0
486 999
488 999
489 998
491 999
492 999
495 12
496 999
5 999
501 901
502 999
51 999
515 1
516 999
52 102
527 999
528 15
531 999
532 7
534 999
535 999
547 0
548 999
550 167
551 999
554 0
555 999
557 932
558 999
559 890
560 999
561 0
562 999
574 997
575 999
576 521
577 999
580 14
581 999
584 0
585 999
590 1
591 999
594 999
595 999
596 127
597 999
601 0
602 999
607 999
608 12
620 999
621 999
630 943
631 999
647 0
648 999
654 991
655 999
72 0
73 4
79 20
80 999
82 999
83 999
86 881
87 999
88 25
89 999
9 0
91 999
92 999
94 182
95 999
10 999
107 987
108 999
110 1
111 999
113 999
114 15
115 925
116 999
117 2
118 999
119 1
12 0
120 999
123 988
124 997
13 999
131 0
132 999
135 105
136 999
147 943
148 999
15 102
154 999
155 999
16 999
166 999
167 999
168 12
169 999
17 999
170 918
171 999
175 426
176 999
178 193
179 999
18 999
180 0
181 999
184 0
185 999
188 930
189 999
199 999
200 998
201 998
202 999
206 999
207 999
209 0
210 999
219 998
220 989
222 999
223 999
225 1
226 999
234 0
235 999
238 875
239 999
242 999
243 999
245 183
246 999
248 994
249 999
254 6
255 999
264 989
265 999
266 1
267 999
271 0
272 999
275 963
276 999
279 928
28 0
280 579
283 930
284 999
286 900
287 999
29 0
290 675
291 268
299 964
300 997
301 3
302 999
304 14
305 999
309 999
310 1
316 992
317 999
319 1
320 999
322 999
323 999
340 999
341 999
345 11
346 999
348 999
349 991
352 0
353 999
362 147
363 999
369 0
370 13
372 0
373 999
379 697
38 0
380 999
39 998
390 999
391 999
394 0
395 999
4 4
400 939
401 999
402 905
403 999
406 999
407 999
408 941
409 999
41 521
42 999
420 980
421 999
423 999
424 999
43 10
430 0
431 360
44 999
442 803
443 999
448 2
449 999
457 1
458 999
462 999
463 999
469 0
470 0
473 999
474 999
476 15
477 999
483 3
484 999
485 0
486 999
488 999
489 998
491 999
492 999
495 12
496 999
5 999
501 901
502 999
51 999
515 1
516 999
52 102
527 999
528 15
531 999
532 7
534 999
535 999
547 0
548 999
550 167
551 999
554 0
555 999
557 932
558 999
559 890
560 999
561 0
562 999
574 997
575 999
576 521
577 999
580 14
581 999
584 0
585 999
590 1
591 999
594 999
595 999
596 127
597 999
601 0
602 999
607 999
608 12
620 999
621 999
630 943
631 999
647 0
648 999
654 991
655 999
72 0
73 4
79 20
80 999
82 999
83 999
86 881
87 999
88 25
89 999
9 0
91 999
92 999
94 182
95 999
107 5
108 981
112 981
113 981
114 979
115 980
12 996
120 977
121 980
122 0
123 980
126 601
127 980
129 980
13 996
130 980
135 0
136 980
139 980
140 980
15 9
156 523
157 550
159 2
16 996
160 979
161 1
162 979
163 1
164 979
169 979
170 979
171 0
172 967
176 979
177 846
181 979
182 979
183 34
184 979
19 183
193 844
194 978
197 848
198 978
20 994
200 19
201 978
217 0
218 860
22 994
220 978
221 846
222 933
223 978
224 906
225 978
227 12
228 978
23 985
232 3
233 978
243 2
244 977
247 971
248 977
25 1
26 994
260 4
261 976
268 4
269 975
270 626
271 975
277 2
278 974
281 975
282 138
285 12
286 975
297 2
298 974
299 896
3 3
300 974
302 178
303 974
312 0
313 167
315 972
316 7
318 974
319 974
324 26
325 974
329 965
330 974
334 972
335 0
338 140
339 974
34 0
343 10
344 973
345 973
346 973
347 973
348 973
35 993
359 0
360 972
361 608
362 972
379 3
38 943
380 971
388 968
389 970
39 992
391 952
392 35
393 17
394 969
395 225
396 969
398 587
399 969
4 997
401 969
402 23
403 74
404 969
405 890
406 969
407 0
408 969
410 969
411 15
418 969
419 0
42 991
423 27
424 969
426 13
427 969
43 991
431 0
432 969
433 8
434 969
443 31
444 969
449 23
450 967
451 967
452 967
453 967
454 967
457 967
458 187
465 0
466 967
469 32
47 0
470 967
472 967
473 967
48 991
488 161
489 966
498 4
499 966
507 966
508 966
509 0
51 991
510 966
52 991
521 1
522 966
526 7
527 966
53 2
534 0
535 17
537 966
538 966
539 0
54 991
540 966
542 0
543 966
544 966
545 966
546 0
547 966
555 0
556 964
567 884
568 965
574 965
575 963
580 1
581 965
582 0
583 965
586 0
587 832
59 3
590 862
591 964
592 898
593 964
60 989
602 964
603 964
608 10
609 964
61 160
616 964
617 964
619 964
62 989
620 963
628 0
629 242
630 1
631 963
638 1
639 962
646 962
647 962
648 147
649 961
7 2
71 987
72 985
8 996
83 2
84 983
92 983
93 8
96 42
97 982
10 999
107 987
108 999
110 1
111 999
113 999
114 15
115 925
116 999
117 2
118 999
119 1
12 0
120 999
123 988
124 997
13 999
131 0
132 999
135 105
136 999
147 943
148 999
15 102
154 999
155 999
16 999
166 999
167 999
168 12
169 999
17 999
170 918
171 999
175 426
176 999
178 193
179 999
18 999
180 0
181 999
184 0
185 999
188 930
189 999
199 999
200 998
201 998
202 999
206 999
207 999
209 0
210 999
219 998
220 989
222 999
223 999
225 1
226 999
234 0
235 999
238 875
239 999
242 999
243 999
245 183
246 999
248 994
249 999
254 6
255 999
264 989
265 999
266 1
267 999
271 0
272 999
275 963
276 999
279 928
28 0
280 579
283 930
284 999
286 900
287 999
29 0
290 675
291 268
299 964
300 997
301 3
302 999
304 14
305 999
309 999
310 1
316 992
317 999
319 1
320 999
322 999
323 999
340 999
341 999
345 11
346 999
348 999
349 991
352 0
353 999
362 147
363 999
369 0
370 13
372 0
373 999
379 697
38 0
380 999
39 998
390 999
391 999
394 0
395 999
4 4
400 939
401 999
402 905
403 999
406 999
407 999
408 941
409 999
41 521
42 999
420 980
421 999
423 999
424 999
43 10
430 0
431 360
44 999
442 803
443 999
448 2
449 999
457 1
458 999
462 999
463 999
469 0
470 0
473 999
474 999
476 15
477 999
483 3
484 999
485 0
486 999
488 999
489 998
491 999
492 999
495 12
496 999
5 999
501 901
502 999
51 999
515 1
516 999
52 102
527 999
528 15
531 999
532 7
534 999
535 999
547 0
548 999
550 167
551 999
554 0
555 999
557 932
558 999
559 890
560 999
561 0
562 999
574 997
575 999
576 521
577 999
580 14
581 999
584 0
585 999
590 1
591 999
594 999
595 999
596 127
597 999
601 0
602 999
607 999
608 12
620 999
621 999
630 943
631 999
647 0
648 999
654 991
655 999
72 0
73 4
79 20
80 999
82 999
83 999
86 881
87 999
88 25
89 999
9 0
91 999
92 999
94 182
95 999
10 988
11 999
114 992
115 972
126 953
127 0
13 999
132 218
133 999
134 0
135 997
139 0
14 997
140 999
145 992
146 999
147 17
148 999
15 19
16 999
164 16
165 999
178 24
179 999
190 1
191 999
195 0
196 999
20 0
21 992
211 0
212 998
216 126
217 999
219 999
220 148
224 7
225 999
229 999
23 1
230 19
24 999
245 0
246 999
250 0
251 72
259 0
26 219
260 75
266 0
267 999
27 999
271 219
272 999
274 989
275 0
29 10
292 922
293 999
295 219
296 992
30 999
31 0
32 999
320 856
321 992
339 2
340 999
364 0
365 953
37 999
372 0
373 953
38 999
39 29
40 999
400 998
401 6
422 0
423 998
428 13
429 999
435 999
436 999
437 860
438 999
447 29
448 999
459 0
460 998
468 0
469 999
483 17
484 999
492 997
493 16
495 990
496 999
498 987
499 998
502 0
503 999
510 997
511 998
513 2
514 995
520 0
521 993
523 999
524 998
528 3
529 999
543 999
544 998
547 5
548 999
551 899
552 999
553 3
554 999
555 0
556 998
563 148
564 999
565 936
566 999
621 0
622 993
639 0
640 999
649 148
650 999
657 0
658 897
659 0
660 999
678 4
679 999
681 953
682 202
683 148
684 999
685 999
686 999
693 673
694 953
7 999
706 0
707 992
715 135
716 999
725 0
726 992
733 994
734 999
735 205
736 999
77 2
78 999
8 985
84 12
85 999
87 19
88 999
1 264
10 499
101 499
102 7
106 499
107 499
108 56
109 499
110 467
111 499
112 499
113 499
116 499
117 499
118 499
119 499
121 499
122 499
124 499
125 499
129 499
13 0
130 499
131 499
132 499
133 491
134 499
135 163
136 499
137 499
138 499
14 499
142 499
143 496
144 499
145 499
149 499
15 7
150 499
151 499
152 499
153 499
154 499
155 109
156 499
16 499
160 223
161 499
162 449
163 499
164 28
165 499
17 0
170 496
171 499
172 64
173 499
18 499
181 499
182 499
184 499
185 499
186 499
187 499
19 499
190 499
191 499
192 89
193 499
196 499
197 499
198 8
199 499
2 499
20 499
201 499
202 499
207 499
208 499
21 45
211 34
212 499
216 499
217 499
219 499
22 499
220 488
222 499
223 499
224 495
225 499
226 491
227 499
228 499
229 499
23 12
231 88
232 499
233 448
234 499
235 499
236 499
237 491
238 499
239 497
24 499
240 499
242 499
243 499
245 106
246 499
247 23
248 499
249 470
25 499
250 499
251 0
252 499
255 499
256 499
257 469
258 499
26 499
260 499
261 499
264 499
265 499
266 495
267 499
268 499
269 499
27 499
273 499
274 499
275 496
276 499
28 499
281 499
282 499
284 499
285 499
286 134
287 499
290 499
291 499
292 4
293 499
296 499
297 499
300 499
301 499
305 66
306 499
307 97
308 499
309 10
31 499
310 499
313 499
314 499
316 499
317 499
32 499
321 499
322 499
323 499
324 499
327 499
328 499
33 23
331 499
332 499
333 499
334 499
336 499
337 499
338 499
339 499
34 499
340 499
341 499
344 499
345 499
347 217
348 499
349 499
350 499
351 499
352 499
353 182
354 499
357 499
358 499
360 499
361 499
362 297
363 499
364 499
365 499
366 188
367 499
368 15
369 499
37 498
370 492
371 499
372 499
373 499
375 499
376 499
377 482
378 499
38 89
382 499
383 499
384 499
385 499
387 182
388 499
389 499
39 499
390 499
391 499
392 499
393 191
394 499
395 498
396 499
399 499
40 499
400 499
401 58
402 499
403 499
404 499
406 499
407 499
409 499
41 498
410 499
413 70
414 499
415 210
416 499
417 95
418 499
419 6
42 499
420 499
424 243
425 499
429 499
430 499
435 243
436 499
438 311
439 499
44 499
441 499
442 499
443 233
444 499
447 3
448 499
449 499
45 499
450 499
453 456
454 499
457 499
458 103
460 499
461 499
463 487
464 499
469 483
47 177
470 448
472 499
473 499
474 499
475 499
476 499
477 499
478 88
479 499
48 499
480 15
481 499
483 499
484 18
485 34
486 499
487 157
488 499
49 199
493 55
494 499
497 499
498 499
499 499
5 209
50 499
500 499
501 217
502 499
503 499
504 499
505 499
506 499
507 499
508 499
51 1
510 499
511 499
512 477
513 499
515 499
516 499
517 486
518 499
52 499
520 499
521 499
522 499
523 499
524 498
525 499
527 499
528 499
529 499
53 70
530 499
531 499
532 499
533 499
534 499
537 499
538 499
539 497
54 499
540 499
541 499
542 499
547 471
548 499
549 499
550 499
551 499
552 499
554 499
555 499
556 497
557 499
558 499
559 499
560 467
561 499
562 17
563 499
565 499
566 499
568 499
569 499
570 178
571 499
572 499
573 499
576 499
577 499
580 210
581 499
582 499
583 499
588 499
589 499
590 499
591 499
594 499
595 499
596 1
597 499
598 490
599 499
6 499
60 499
602 498
603 499
606 438
607 499
608 499
609 499
61 499
610 499
611 499
612 499
613 499
614 247
615 499
616 83
617 499
619 499
620 499
622 88
623 499
625 494
626 66
65 0
66 499
67 442
68 499
69 499
7 497
70 499
71 473
72 499
76 86
77 499
78 499
79 499
8 499
84 81
85 499
86 499
87 499
88 199
89 499
9 499
91 486
92 499
96 0
97 499
98 499
99 499
1 277
10 8416
100 9999
101 9999
103 9955
104 9999
107 9986
108 9999
109 9999
11 9999
110 9999
111 965
112 9999
113 911
114 9999
115 9973
116 9999
117 9969
118 9999
119 42
12 9999
120 9999
123 9999
124 9999
126 9955
127 9999
128 91
129 9999
13 9999
130 9659
131 9999
133 9999
134 9999
135 9999
136 9999
137 9948
138 9999
139 9999
140 9999
141 9997
142 9999
143 9897
144 9999
145 9999
146 9999
148 9981
149 9999
150 9999
151 9999
152 9999
153 9999
155 9999
156 9999
157 54
158 9999
159 9999
16 9999
160 9999
161 6107
162 9999
163 6921
164 9999
166 9903
167 9983
168 1377
169 9999
17 9999
170 31
171 9999
172 7423
173 9999
175 8474
176 9999
177 115
178 9999
179 9999
180 9999
181 18
182 9999
183 300
184 9999
185 6240
186 9999
187 9999
188 9999
189 6949
19 6428
190 9999
191 6429
192 9999
193 1443
194 9999
195 9999
196 9999
197 247
198 9999
2 9999
20 9999
200 9999
201 9999
203 4
204 9999
206 9999
207 9999
208 9982
209 9999
21 3
210 9999
211 9999
212 9999
213 9999
214 8893
215 9999
216 9999
217 9999
218 1223
219 9999
22 9999
222 14
223 9999
224 2
225 9999
226 9999
227 9999
228 9999
229 9999
230 1042
231 9999
232 9992
233 9999
234 9990
235 9999
236 1038
237 9999
238 9999
239 9999
24 65
240 9979
241 9999
242 9999
243 9999
245 9999
246 9999
248 9938
249 9999
25 9993
250 9999
251 9999
252 9999
253 9999
254 253
255 9999
256 9988
257 9999
258 9999
259 9999
261 9
262 9999
263 9990
264 9999
265 9999
266 9999
267 4997
268 9999
269 27
27 0
270 9999
271 9999
272 9999
273 39
274 9999
275 8658
276 9999
278 9999
279 9551
28 9999
284 6319
285 9999
286 9997
287 9999
289 8062
290 9999
294 9999
295 9999
296 810
297 9999
299 967
300 9999
302 9999
303 9999
305 9624
306 9999
307 958
308 9999
31 9679
310 9999
311 9999
312 6632
313 9999
314 9999
315 9999
316 9999
317 9999
318 9999
319 9999
32 9999
320 831
321 9999
323 9999
324 9999
326 9999
327 9999
328 9940
329 9999
33 1377
330 9999
331 9999
332 6051
333 9999
334 9999
335 9999
336 192
337 9999
338 9992
339 9999
34 9999
340 9999
341 9999
344 895
345 9999
346 9999
347 9999
348 9999
349 9999
351 9999
352 9999
353 43
354 9999
357 9999
358 9999
36 31
362 9999
363 9999
364 9999
365 9999
366 38
367 9999
368 9999
369 9999
37 9999
372 0
373 9999
374 9999
375 9999
376 5621
377 9999
378 8420
379 9999
38 700
380 6803
381 9999
384 9999
385 9999
386 786
387 9999
388 8955
389 9999
39 9999
390 9757
391 9999
393 12
394 9999
395 9999
396 9999
397 9967
398 9999
399 9999
40 9999
400 9999
401 9795
402 9999
405 9999
406 9999
407 594
408 9999
409 8337
41 9999
410 9999
413 0
414 9999
415 9169
416 9999
417 9999
418 9999
419 838
42 858
420 9999
421 9999
422 9999
423 9999
424 9999
425 9529
426 9999
427 784
428 9999
429 9999
43 9999
430 9999
431 9999
432 9999
434 9999
435 9999
440 5007
441 9999
442 4642
443 9999
444 9999
445 9999
446 253
447 9999
448 5920
449 9999
450 9999
451 9999
453 9999
454 9999
457 6635
458 9999
459 29
460 9996
461 5032
462 9999
463 9999
464 9999
465 17
466 9999
467 36
468 9999
469 317
470 9999
471 9999
472 9999
475 8730
476 9999
477 9921
478 9999
479 9433
480 9999
482 9999
483 9993
484 9999
485 9999
486 9999
487 9999
488 9999
489 9999
49 9999
490 9892
491 9999
492 9999
493 9999
496 9999
497 9999
498 9999
499 9999
50 9999
501 1
502 9999
503 39
504 9999
505 14
506 9999
508 9999
509 9999
51 6309
512 46
513 9999
514 9999
515 9999
516 9999
517 9999
518 9999
519 9999
52 9999
521 9999
522 9999
523 9999
524 9999
525 6255
526 9999
53 9999
530 166
531 9999
534 109
535 9999
537 9999
538 9999
54 9999
541 6052
542 9999
543 774
544 9999
545 5
546 9999
547 9999
548 9999
552 13
553 9999
554 9999
555 9999
556 9
557 9995
558 778
559 9999
560 191
561 9999
562 9517
563 9999
565 9971
566 9999
567 161
568 9999
57 3574
571 9986
572 9999
573 6791
574 9999
575 9999
576 9999
578 9999
579 9999
58 9999
581 0
582 9999
583 15
584 9999
59 328
6 65
60 9999
61 9999
62 9999
63 9999
64 9999
66 9999
67 952
68 9999
69 9999
7 9999
73 37
74 9999
75 9999
76 9999
77 9999
78 9999
79 8915
80 9999
82 6187
83 9999
84 9999
85 9999
86 9999
87 9999
88 7
89 9993
90 9986
91 9999
92 9999
93 9999
95 151
96 9999
97 9955
98 9999
1 277
10 8416
100 9999
101 9999
103 9955
104 9999
107 9986
108 9999
109 9999
11 9999
110 9999
111 965
112 9999
113 911
114 9999
115 9973
116 9999
117 9969
118 9999
119 42
12 9999
120 9999
123 9999
124 9999
126 9955
127 9999
128 91
129 9999
13 9999
130 9659
131 9999
133 9999
134 9999
135 9999
136 9999
137 9948
138 9999
139 9999
140 9999
141 9997
142 9999
143 9897
144 9999
145 9999
146 9999
148 9981
149 9999
150 9999
151 9999
152 9999
153 9999
155 9999
156 9999
157 54
158 9999
159 9999
16 9999
160 9999
161 6107
162 9999
163 6921
164 9999
166 9903
167 9983
168 1377
169 9999
17 9999
170 31
171 9999
172 7423
173 9999
175 8474
176 9999
177 115
178 9999
179 9999
180 9999
181 18
182 9999
183 300
184 9999
185 6240
186 9999
187 9999
188 9999
189 6949
19 6428
190 9999
191 6429
192 9999
193 1443
194 9999
195 9999
196 9999
197 247
198 9999
2 9999
20 9999
200 9999
201 9999
203 4
204 9999
206 9999
207 9999
208 9982
209 9999
21 3
210 9999
211 9999
212 9999
213 9999
214 8893
215 9999
216 9999
217 9999
218 1223
219 9999
22 9999
222 14
223 9999
224 2
225 9999
226 9999
227 9999
228 9999
229 9999
230 1042
231 9999
232 9992
233 9999
234 9990
235 9999
236 1038
237 9999
238 9999
239 9999
24 65
240 9979
241 9999
242 9999
243 9999
245 9999
246 9999
248 9938
249 9999
25 9993
250 9999
251 9999
252 9999
253 9999
254 253
255 9999
256 9988
257 9999
258 9999
259 9999
261 9
262 9999
263 9990
264 9999
265 9999
266 9999
267 4997
268 9999
269 27
27 0
270 9999
271 9999
272 9999
273 39
274 9999
275 8658
276 9999
278 9999
279 9551
28 9999
284 6319
285 9999
286 9997
287 9999
289 8062
290 9999
294 9999
295 9999
296 810
297 9999
299 967
300 9999
302 9999
303 9999
305 9624
306 9999
307 958
308 9999
31 9679
310 9999
311 9999
312 6632
313 9999
314 9999
315 9999
316 9999
317 9999
318 9999
319 9999
32 9999
320 831
321 9999
323 9999
324 9999
326 9999
327 9999
328 9940
329 9999
33 1377
330 9999
331 9999
332 6051
333 9999
334 9999
335 9999
336 192
337 9999
338 9992
339 9999
34 9999
340 9999
341 9999
344 895
345 9999
346 9999
347 9999
348 9999
349 9999
351 9999
352 9999
353 43
354 9999
357 9999
358 9999
36 31
362 9999
363 9999
364 9999
365 9999
366 38
367 9999
368 9999
369 9999
37 9999
372 0
373 9999
374 9999
375 9999
376 5621
377 9999
378 8420
379 9999
38 700
380 6803
381 9999
384 9999
385 9999
386 786
387 9999
388 8955
389 9999
39 9999
390 9757
391 9999
393 12
394 9999
395 9999
396 9999
397 9967
398 9999
399 9999
40 9999
400 9999
401 9795
402 9999
405 9999
406 9999
407 594
408 9999
409 8337
41 9999
410 9999
413 0
414 9999
415 9169
416 9999
417 9999
418 9999
419 838
42 858
420 9999
421 9999
422 9999
423 9999
424 9999
425 9529
426 9999
427 784
428 9999
429 9999
43 9999
430 9999
431 9999
432 9999
434 9999
435 9999
440 5007
441 9999
442 4642
443 9999
444 9999
445 9999
446 253
447 9999
448 5920
449 9999
450 9999
451 9999
453 9999
454 9999
457 6635
458 9999
459 29
460 9996
461 5032
462 9999
463 9999
464 9999
465 17
466 9999
467 36
468 9999
469 317
470 9999
471 9999
472 9999
475 8730
476 9999
477 9921
478 9999
479 9433
480 9999
482 9999
483 9993
484 9999
485 9999
486 9999
487 9999
488 9999
489 9999
49 9999
490 9892
491 9999
492 9999
493 9999
496 9999
497 9999
498 9999
499 9999
50 9999
501 1
502 9999
503 39
504 9999
505 14
506 9999
508 9999
509 9999
51 6309
512 46
513 9999
514 9999
515 9999
516 9999
517 9999
518 9999
519 9999
52 9999
521 9999
522 9999
523 9999
524 9999
525 6255
526 9999
53 9999
530 166
531 9999
534 109
535 9999
537 9999
538 9999
54 9999
541 6052
542 9999
543 774
544 9999
545 5
546 9999
547 9999
548 9999
552 13
553 9999
554 9999
555 9999
556 9
557 9995
558 778
559 9999
560 191
561 9999
562 9517
563 9999
565 9971
566 9999
567 161
568 9999
57 3574
571 9986
572 9999
573 6791
574 9999
575 9999
576 9999
578 9999
579 9999
58 9999
581 0
582 9999
583 15
584 9999
59 328
6 65
60 9999
61 9999
62 9999
63 9999
64 9999
66 9999
67 952
68 9999
69 9999
7 9999
73 37
74 9999
75 9999
76 9999
77 9999
78 9999
79 8915
80 9999
82 6187
83 9999
84 9999
85 9999
86 9999
87 9999
88 7
89 9993
90 9986
91 9999
92 9999
93 9999
95 151
96 9999
97 9955
98 9999
