101 9970
102 9996
103 0
104 9997
108 7
109 9999
115 9674
116 9999
137 9996
138 9999
139 0
140 9999
142 9999
143 9996
148 9999
149 9999
157 1180
158 9999
16 6491
169 0
17 9996
170 9999
173 9969
174 9999
176 9999
177 9617
183 1172
184 9999
187 0
188 9999
189 58
190 9999
193 972
194 0
199 0
200 9999
209 607
210 9999
214 0
215 9576
22 5
220 9999
221 9979
23 9999
232 6
233 9999
235 0
236 9972
237 6
238 9999
249 0
250 9435
258 0
259 9999
271 969
272 9999
277 0
278 9999
279 0
280 9974
290 9974
291 9997
296 6
297 9999
298 0
299 9999
316 9995
317 9999
318 9999
319 9999
320 3
321 9998
325 0
326 9999
330 0
331 9999
341 9
342 9999
356 6
357 9999
361 9999
362 9999
368 0
369 9999
370 110
371 9999
388 9995
389 9999
39 0
393 790
394 9999
395 9997
396 9999
40 9995
401 0
402 831
406 0
407 9999
418 1308
419 9999
422 0
423 9999
426 0
427 9434
432 0
433 9999
44 9999
45 7
452 0
453 9999
46 0
468 9586
469 9999
47 9967
485 0
486 9999
494 9999
495 9996
496 41
497 9999
50 0
501 0
502 0
51 9999
512 0
513 5
536 0
537 9999
540 6588
541 95
543 7200
544 1341
55 9997
551 972
552 9
554 9440
555 9937
559 7
56 9999
560 9999
586 9940
587 9999
600 0
601 9999
638 6400
639 9944
650 0
651 9997
659 6
660 9999
670 9966
671 9998
672 8817
673 9999
683 1112
684 9999
685 4
686 9999
691 7
692 9997
693 407
694 9999
708 6414
709 53
710 43
711 9996
76 9674
77 9999
86 7
87 9999
89 9999
90 33
94 5
95 9999
101 9970
102 9996
103 0
104 9997
108 7
109 9999
115 9674
116 9999
137 9996
138 9999
139 0
140 9999
142 9999
143 9996
148 9999
149 9999
157 1180
158 9999
16 6491
169 0
17 9996
170 9999
173 9969
174 9999
176 9999
177 9617
183 1172
184 9999
187 0
188 9999
189 58
190 9999
193 972
194 0
199 0
200 9999
209 607
210 9999
214 0
215 9576
22 5
220 9999
221 9979
23 9999
232 6
233 9999
235 0
236 9972
237 6
238 9999
249 0
250 9435
258 0
259 9999
271 969
272 9999
277 0
278 9999
279 0
280 9974
290 9974
291 9997
296 6
297 9999
298 0
299 9999
316 9995
317 9999
318 9999
319 9999
320 3
321 9998
325 0
326 9999
330 0
331 9999
341 9
342 9999
356 6
357 9999
361 9999
362 9999
368 0
369 9999
370 110
371 9999
388 9995
389 9999
39 0
393 790
394 9999
395 9997
396 9999
40 9995
401 0
402 831
406 0
407 9999
418 1308
419 9999
422 0
423 9999
426 0
427 9434
432 0
433 9999
44 9999
45 7
452 0
453 9999
46 0
468 9586
469 9999
47 9967
485 0
486 9999
494 9999
495 9996
496 41
497 9999
50 0
501 0
502 0
51 9999
512 0
513 5
536 0
537 9999
540 6588
541 95
543 7200
544 1341
55 9997
551 972
552 9
554 9440
555 9937
559 7
56 9999
560 9999
586 9940
587 9999
600 0
601 9999
638 6400
639 9944
650 0
651 9997
659 6
660 9999
670 9966
671 9998
672 8817
673 9999
683 1112
684 9999
685 4
686 9999
691 7
692 9997
693 407
694 9999
708 6414
709 53
710 43
711 9996
76 9674
77 9999
86 7
87 9999
89 9999
90 33
94 5
95 9999
0 0
1 0
10 0
100 0
101 0
102 0
103 0
104 0
105 0
106 0
107 0
108 0
109 0
11 0
110 0
111 0
112 0
113 0
114 0
115 0
116 0
117 0
118 0
119 0
12 0
120 0
121 0
122 0
123 0
124 0
125 0
126 0
127 0
128 0
129 0
13 0
130 0
131 0
132 0
133 0
134 0
135 0
136 0
137 0
138 0
139 0
14 0
140 0
141 0
142 0
143 0
144 0
145 0
146 0
147 0
148 0
149 0
15 0
150 0
151 0
152 0
153 0
154 0
155 0
156 0
157 0
158 0
159 0
16 0
160 0
161 0
162 0
163 0
164 0
165 0
166 0
167 0
168 0
169 0
17 0
170 0
171 0
172 0
173 0
174 0
175 0
176 0
177 0
178 0
179 0
18 0
180 0
181 0
182 0
183 0
184 0
185 0
186 0
187 0
188 0
189 0
19 0
190 0
191 0
192 0
193 0
194 0
195 0
196 0
197 0
198 0
199 0
2 0
20 0
200 0
201 0
202 0
203 0
204 0
205 0
206 0
207 0
208 0
209 0
21 0
210 0
211 0
212 0
213 0
214 0
215 0
216 0
217 0
218 0
219 0
22 0
220 0
221 0
222 0
223 0
224 0
225 0
226 0
227 0
228 0
229 0
23 0
230 0
231 0
232 0
233 0
234 0
235 0
236 0
237 0
238 0
239 0
24 0
240 0
241 0
242 0
243 0
244 0
245 0
246 0
247 0
248 0
249 0
25 0
250 0
251 0
252 0
253 0
254 0
255 0
256 0
257 0
258 0
259 0
26 0
260 0
261 0
262 0
263 0
264 0
265 0
266 0
267 0
268 0
269 0
27 0
270 0
271 0
272 0
273 0
274 0
275 0
276 0
277 0
278 0
279 0
28 0
280 0
281 0
282 0
283 0
284 0
285 0
286 0
287 0
288 0
289 0
29 0
290 0
291 0
292 0
293 0
294 0
295 0
296 0
297 0
298 0
299 0
3 0
30 0
300 0
301 0
302 0
303 0
304 0
305 0
306 0
307 0
308 0
309 0
31 0
310 0
311 0
312 0
313 0
314 0
315 0
316 0
317 0
318 0
319 0
32 0
320 0
321 0
322 0
323 0
324 0
325 0
326 0
327 0
328 0
329 0
33 0
330 0
331 0
332 0
333 0
334 0
335 0
336 0
337 0
338 0
339 0
34 0
340 0
341 0
342 0
343 0
344 0
345 0
346 0
347 0
348 0
349 0
35 0
350 0
351 0
352 0
353 0
354 0
355 0
356 0
357 0
358 0
359 0
36 0
360 0
361 0
362 0
363 0
364 0
365 0
366 0
367 0
368 0
369 0
37 0
370 0
371 0
372 0
373 0
374 0
375 0
376 0
377 0
378 0
379 0
38 0
380 0
381 0
382 0
383 0
384 0
385 0
386 0
387 0
388 0
389 0
39 0
390 0
391 0
392 0
393 0
394 0
395 0
396 0
397 0
398 0
399 0
4 0
40 0
400 0
401 0
402 0
403 0
404 0
405 0
406 0
407 0
408 0
409 0
41 0
410 0
411 0
412 0
413 0
414 0
415 0
416 0
417 0
418 0
419 0
42 0
420 0
421 0
422 0
423 0
424 0
425 0
426 0
427 0
428 0
429 0
43 0
430 0
431 0
432 0
433 0
434 0
435 0
436 0
437 0
438 0
439 0
44 0
440 0
441 0
442 0
443 0
444 0
445 0
446 0
447 0
448 0
449 0
45 0
450 0
451 0
452 0
453 0
454 0
455 0
456 0
457 0
458 0
459 0
46 0
460 0
461 0
462 0
463 0
464 0
465 0
466 0
467 0
468 0
469 0
47 0
470 0
471 0
472 0
473 0
474 0
475 0
476 0
477 0
478 0
479 0
48 0
480 0
481 0
482 0
483 0
484 0
485 0
486 0
487 0
488 0
489 0
49 0
490 0
491 0
492 0
493 0
494 0
495 0
496 0
497 0
498 0
499 0
5 0
50 0
500 0
501 0
502 0
503 0
504 0
505 0
506 0
507 0
508 0
509 0
51 0
510 0
511 0
512 0
513 0
514 0
515 0
516 0
517 0
518 0
519 0
52 0
520 0
521 0
522 0
523 0
524 0
525 0
526 0
527 0
528 0
529 0
53 0
530 0
531 0
532 0
533 0
534 0
535 0
536 0
537 0
538 0
539 0
54 0
540 0
541 0
542 0
543 0
544 0
545 0
546 0
547 0
548 0
549 0
55 0
550 0
551 0
552 0
553 0
554 0
555 0
556 0
557 0
558 0
559 0
56 0
560 0
561 0
562 0
563 0
564 0
565 0
566 0
567 0
568 0
569 0
57 0
570 0
571 0
572 0
573 0
574 0
575 0
576 0
577 0
578 0
579 0
58 0
580 0
581 0
582 0
583 0
584 0
585 0
586 0
587 0
588 0
589 0
59 0
590 0
591 0
592 0
593 0
594 0
595 0
596 0
597 0
598 0
599 0
6 0
60 0
600 0
601 0
602 0
603 0
604 0
605 0
606 0
607 0
61 0
62 0
63 0
64 0
65 0
66 0
67 0
68 0
69 0
7 0
70 0
71 0
72 0
73 0
74 0
75 0
76 0
77 0
78 0
79 0
8 0
80 0
81 0
82 0
83 0
84 0
85 0
86 0
87 0
88 0
89 0
9 0
90 0
91 0
92 0
93 0
94 0
95 0
96 0
97 0
98 0
99 0
0 0
1 0
10 0
100 0
101 0
102 0
103 0
104 0
105 0
106 0
107 0
108 0
109 0
11 0
110 0
111 0
112 0
113 0
114 0
115 0
116 0
117 0
118 0
119 0
12 0
120 0
121 0
122 0
123 0
124 0
125 0
126 0
127 0
128 0
129 0
13 0
130 0
131 0
132 0
133 0
134 0
135 0
136 0
137 0
138 0
139 0
14 0
140 0
141 0
142 0
143 0
144 0
145 0
146 0
147 0
148 0
149 0
15 0
150 0
151 0
152 0
153 0
154 0
155 0
156 0
157 0
158 0
159 0
16 0
160 0
161 0
162 0
163 0
164 0
165 0
166 0
167 0
168 0
169 0
17 0
170 0
171 0
172 0
173 0
174 0
175 0
176 0
177 0
178 0
179 0
18 0
180 0
181 0
182 0
183 0
184 0
185 0
186 0
187 0
188 0
189 0
19 0
190 0
191 0
192 0
193 0
194 0
195 0
196 0
197 0
198 0
199 0
2 0
20 0
200 0
201 0
202 0
203 0
204 0
205 0
206 0
207 0
208 0
209 0
21 0
210 0
211 0
212 0
213 0
214 0
215 0
216 0
217 0
218 0
219 0
22 0
220 0
221 0
222 0
223 0
224 0
225 0
226 0
227 0
228 0
229 0
23 0
230 0
231 0
232 0
233 0
234 0
235 0
236 0
237 0
238 0
239 0
24 0
240 0
241 0
242 0
243 0
244 0
245 0
246 0
247 0
248 0
249 0
25 0
250 0
251 0
252 0
253 0
254 0
255 0
256 0
257 0
258 0
259 0
26 0
260 0
261 0
262 0
263 0
264 0
265 0
266 0
267 0
268 0
269 0
27 0
270 0
271 0
272 0
273 0
274 0
275 0
276 0
277 0
278 0
279 0
28 0
280 0
281 0
282 0
283 0
284 0
285 0
286 0
287 0
288 0
289 0
29 0
290 0
291 0
292 0
293 0
294 0
295 0
296 0
297 0
298 0
299 0
3 0
30 0
300 0
301 0
302 0
303 0
304 0
305 0
306 0
307 0
308 0
309 0
31 0
310 0
311 0
312 0
313 0
314 0
315 0
316 0
317 0
318 0
319 0
32 0
320 0
321 0
322 0
323 0
324 0
325 0
326 0
327 0
328 0
329 0
33 0
330 0
331 0
332 0
333 0
334 0
335 0
336 0
337 0
338 0
339 0
34 0
340 0
341 0
342 0
343 0
344 0
345 0
346 0
347 0
348 0
349 0
35 0
350 0
351 0
352 0
353 0
354 0
355 0
356 0
357 0
358 0
359 0
36 0
360 0
361 0
362 0
363 0
364 0
365 0
366 0
367 0
368 0
369 0
37 0
370 0
371 0
372 0
373 0
374 0
375 0
376 0
377 0
378 0
379 0
38 0
380 0
381 0
382 0
383 0
384 0
385 0
386 0
387 0
388 0
389 0
39 0
390 0
391 0
392 0
393 0
394 0
395 0
396 0
397 0
398 0
399 0
4 0
40 0
400 0
401 0
402 0
403 0
404 0
405 0
406 0
407 0
408 0
409 0
41 0
410 0
411 0
412 0
413 0
414 0
415 0
416 0
417 0
418 0
419 0
42 0
420 0
421 0
422 0
423 0
424 0
425 0
426 0
427 0
428 0
429 0
43 0
430 0
431 0
432 0
433 0
434 0
435 0
436 0
437 0
438 0
439 0
44 0
440 0
441 0
442 0
443 0
444 0
445 0
446 0
447 0
448 0
449 0
45 0
450 0
451 0
452 0
453 0
454 0
455 0
456 0
457 0
458 0
459 0
46 0
460 0
461 0
462 0
463 0
464 0
465 0
466 0
467 0
468 0
469 0
47 0
470 0
471 0
472 0
473 0
474 0
475 0
476 0
477 0
478 0
479 0
48 0
480 0
481 0
482 0
483 0
484 0
485 0
486 0
487 0
488 0
489 0
49 0
490 0
491 0
492 0
493 0
494 0
495 0
496 0
497 0
498 0
499 0
5 0
50 0
500 0
501 0
502 0
503 0
504 0
505 0
506 0
507 0
508 0
509 0
51 0
510 0
511 0
512 0
513 0
514 0
515 0
516 0
517 0
518 0
519 0
52 0
520 0
521 0
522 0
523 0
524 0
525 0
526 0
527 0
528 0
529 0
53 0
530 0
531 0
532 0
533 0
534 0
535 0
536 0
537 0
538 0
539 0
54 0
540 0
541 0
542 0
543 0
544 0
545 0
546 0
547 0
548 0
549 0
55 0
550 0
551 0
552 0
553 0
554 0
555 0
556 0
557 0
558 0
559 0
56 0
560 0
561 0
562 0
563 0
564 0
565 0
566 0
567 0
568 0
569 0
57 0
570 0
571 0
572 0
573 0
574 0
575 0
576 0
577 0
578 0
579 0
58 0
580 0
581 0
582 0
583 0
584 0
585 0
586 0
587 0
588 0
589 0
59 0
590 0
591 0
592 0
593 0
594 0
595 0
596 0
597 0
598 0
599 0
6 0
60 0
600 0
601 0
602 0
603 0
604 0
605 0
606 0
607 0
61 0
62 0
63 0
64 0
65 0
66 0
67 0
68 0
69 0
7 0
70 0
71 0
72 0
73 0
74 0
75 0
76 0
77 0
78 0
79 0
8 0
80 0
81 0
82 0
83 0
84 0
85 0
86 0
87 0
88 0
89 0
9 0
90 0
91 0
92 0
93 0
94 0
95 0
96 0
97 0
98 0
99 0
0 0
1 0
10 0
100 0
101 0
102 0
103 0
104 0
105 0
106 0
107 0
108 0
109 0
11 0
110 0
111 0
112 0
113 0
114 0
115 0
116 0
117 0
118 0
119 0
12 0
120 0
121 0
122 0
123 0
124 0
125 0
126 0
127 0
128 0
129 0
13 0
130 0
131 0
132 0
133 0
134 0
135 0
136 0
137 0
138 0
139 0
14 0
140 0
141 0
142 0
143 0
144 0
145 0
146 0
147 0
148 0
149 0
15 0
150 0
151 0
152 0
153 0
154 0
155 0
156 0
157 0
158 0
159 0
16 0
160 0
161 0
162 0
163 0
164 0
165 0
166 0
167 0
168 0
169 0
17 0
170 0
171 0
172 0
173 0
174 0
175 0
176 0
177 0
178 0
179 0
18 0
180 0
181 0
182 0
183 0
184 0
185 0
186 0
187 0
188 0
189 0
19 0
190 0
191 0
192 0
193 0
194 0
195 0
196 0
197 0
198 0
199 0
2 0
20 0
200 0
201 0
202 0
203 0
204 0
205 0
206 0
207 0
208 0
209 0
21 0
210 0
211 0
212 0
213 0
214 0
215 0
216 0
217 0
218 0
219 0
22 0
220 0
221 0
222 0
223 0
224 0
225 0
226 0
227 0
228 0
229 0
23 0
230 0
231 0
232 0
233 0
234 0
235 0
236 0
237 0
238 0
239 0
24 0
240 0
241 0
242 0
243 0
244 0
245 0
246 0
247 0
248 0
249 0
25 0
250 0
251 0
252 0
253 0
254 0
255 0
256 0
257 0
258 0
259 0
26 0
260 0
261 0
262 0
263 0
264 0
265 0
266 0
267 0
268 0
269 0
27 0
270 0
271 0
272 0
273 0
274 0
275 0
276 0
277 0
278 0
279 0
28 0
280 0
281 0
282 0
283 0
284 0
285 0
286 0
287 0
288 0
289 0
29 0
290 0
291 0
292 0
293 0
294 0
295 0
296 0
297 0
298 0
299 0
3 0
30 0
300 0
301 0
302 0
303 0
304 0
305 0
306 0
307 0
308 0
309 0
31 0
310 0
311 0
312 0
313 0
314 0
315 0
316 0
317 0
318 0
319 0
32 0
320 0
321 0
322 0
323 0
324 0
325 0
326 0
327 0
328 0
329 0
33 0
330 0
331 0
332 0
333 0
334 0
335 0
336 0
337 0
338 0
339 0
34 0
340 0
341 0
342 0
343 0
344 0
345 0
346 0
347 0
348 0
349 0
35 0
350 0
351 0
352 0
353 0
354 0
355 0
356 0
357 0
358 0
359 0
36 0
360 0
361 0
362 0
363 0
364 0
365 0
366 0
367 0
368 0
369 0
37 0
370 0
371 0
372 0
373 0
374 0
375 0
376 0
377 0
378 0
379 0
38 0
380 0
381 0
382 0
383 0
384 0
385 0
386 0
387 0
388 0
389 0
39 0
390 0
391 0
392 0
393 0
394 0
395 0
396 0
397 0
398 0
399 0
4 0
40 0
400 0
401 0
402 0
403 0
404 0
405 0
406 0
407 0
408 0
409 0
41 0
410 0
411 0
412 0
413 0
414 0
415 0
416 0
417 0
418 0
419 0
42 0
420 0
421 0
422 0
423 0
424 0
425 0
426 0
427 0
428 0
429 0
43 0
430 0
431 0
432 0
433 0
434 0
435 0
436 0
437 0
438 0
439 0
44 0
440 0
441 0
442 0
443 0
444 0
445 0
446 0
447 0
448 0
449 0
45 0
450 0
451 0
452 0
453 0
454 0
455 0
456 0
457 0
458 0
459 0
46 0
460 0
461 0
462 0
463 0
464 0
465 0
466 0
467 0
468 0
469 0
47 0
470 0
471 0
472 0
473 0
474 0
475 0
476 0
477 0
478 0
479 0
48 0
480 0
481 0
482 0
483 0
484 0
485 0
486 0
487 0
488 0
489 0
49 0
490 0
491 0
492 0
493 0
494 0
495 0
496 0
497 0
498 0
499 0
5 0
50 0
500 0
501 0
502 0
503 0
504 0
505 0
506 0
507 0
508 0
509 0
51 0
510 0
511 0
512 0
513 0
514 0
515 0
516 0
517 0
518 0
519 0
52 0
520 0
521 0
522 0
523 0
524 0
525 0
526 0
527 0
528 0
529 0
53 0
530 0
531 0
532 0
533 0
534 0
535 0
536 0
537 0
538 0
539 0
54 0
540 0
541 0
542 0
543 0
544 0
545 0
546 0
547 0
548 0
549 0
55 0
550 0
551 0
552 0
553 0
554 0
555 0
556 0
557 0
558 0
559 0
56 0
560 0
561 0
562 0
563 0
564 0
565 0
566 0
567 0
568 0
569 0
57 0
570 0
571 0
572 0
573 0
574 0
575 0
576 0
577 0
578 0
579 0
58 0
580 0
581 0
582 0
583 0
584 0
585 0
586 0
587 0
588 0
589 0
59 0
590 0
591 0
592 0
593 0
594 0
595 0
596 0
597 0
598 0
599 0
6 0
60 0
600 0
601 0
602 0
603 0
604 0
605 0
606 0
607 0
61 0
62 0
63 0
64 0
65 0
66 0
67 0
68 0
69 0
7 0
70 0
71 0
72 0
73 0
74 0
75 0
76 0
77 0
78 0
79 0
8 0
80 0
81 0
82 0
83 0
84 0
85 0
86 0
87 0
88 0
89 0
9 0
90 0
91 0
92 0
93 0
94 0
95 0
96 0
97 0
98 0
99 0
0 0
1 0
10 0
100 0
101 0
102 0
103 0
104 0
105 0
106 0
107 0
108 0
109 0
11 0
110 0
111 0
112 0
113 0
114 0
115 0
116 0
117 0
118 0
119 0
12 0
120 0
121 0
122 0
123 0
124 0
125 0
126 0
127 0
128 0
129 0
13 0
130 0
131 0
132 0
133 0
134 0
135 0
136 0
137 0
138 0
139 0
14 0
140 0
141 0
142 0
143 0
144 0
145 0
146 0
147 0
148 0
149 0
15 0
150 0
151 0
152 0
153 0
154 0
155 0
156 0
157 0
158 0
159 0
16 0
160 0
161 0
162 0
163 0
164 0
165 0
166 0
167 0
168 0
169 0
17 0
170 0
171 0
172 0
173 0
174 0
175 0
176 0
177 0
178 0
179 0
18 0
180 0
181 0
182 0
183 0
184 0
185 0
186 0
187 0
188 0
189 0
19 0
190 0
191 0
192 0
193 0
194 0
195 0
196 0
197 0
198 0
199 0
2 0
20 0
200 0
201 0
202 0
203 0
204 0
205 0
206 0
207 0
208 0
209 0
21 0
210 0
211 0
212 0
213 0
214 0
215 0
216 0
217 0
218 0
219 0
22 0
220 0
221 0
222 0
223 0
224 0
225 0
226 0
227 0
228 0
229 0
23 0
230 0
231 0
232 0
233 0
234 0
235 0
236 0
237 0
238 0
239 0
24 0
240 0
241 0
242 0
243 0
244 0
245 0
246 0
247 0
248 0
249 0
25 0
250 0
251 0
252 0
253 0
254 0
255 0
256 0
257 0
258 0
259 0
26 0
260 0
261 0
262 0
263 0
264 0
265 0
266 0
267 0
268 0
269 0
27 0
270 0
271 0
272 0
273 0
274 0
275 0
276 0
277 0
278 0
279 0
28 0
280 0
281 0
282 0
283 0
284 0
285 0
286 0
287 0
288 0
289 0
29 0
290 0
291 0
292 0
293 0
294 0
295 0
296 0
297 0
298 0
299 0
3 0
30 0
300 0
301 0
302 0
303 0
304 0
305 0
306 0
307 0
308 0
309 0
31 0
310 0
311 0
312 0
313 0
314 0
315 0
316 0
317 0
318 0
319 0
32 0
320 0
321 0
322 0
323 0
324 0
325 0
326 0
327 0
328 0
329 0
33 0
330 0
331 0
332 0
333 0
334 0
335 0
336 0
337 0
338 0
339 0
34 0
340 0
341 0
342 0
343 0
344 0
345 0
346 0
347 0
348 0
349 0
35 0
350 0
351 0
352 0
353 0
354 0
355 0
356 0
357 0
358 0
359 0
36 0
360 0
361 0
362 0
363 0
364 0
365 0
366 0
367 0
368 0
369 0
37 0
370 0
371 0
372 0
373 0
374 0
375 0
376 0
377 0
378 0
379 0
38 0
380 0
381 0
382 0
383 0
384 0
385 0
386 0
387 0
388 0
389 0
39 0
390 0
391 0
392 0
393 0
394 0
395 0
396 0
397 0
398 0
399 0
4 0
40 0
400 0
401 0
402 0
403 0
404 0
405 0
406 0
407 0
408 0
409 0
41 0
410 0
411 0
412 0
413 0
414 0
415 0
416 0
417 0
418 0
419 0
42 0
420 0
421 0
422 0
423 0
424 0
425 0
426 0
427 0
428 0
429 0
43 0
430 0
431 0
432 0
433 0
434 0
435 0
436 0
437 0
438 0
439 0
44 0
440 0
441 0
442 0
443 0
444 0
445 0
446 0
447 0
448 0
449 0
45 0
450 0
451 0
452 0
453 0
454 0
455 0
456 0
457 0
458 0
459 0
46 0
460 0
461 0
462 0
463 0
464 0
465 0
466 0
467 0
468 0
469 0
47 0
470 0
471 0
472 0
473 0
474 0
475 0
476 0
477 0
478 0
479 0
48 0
480 0
481 0
482 0
483 0
484 0
485 0
486 0
487 0
488 0
489 0
49 0
490 0
491 0
492 0
493 0
494 0
495 0
496 0
497 0
498 0
499 0
5 0
50 0
500 0
501 0
502 0
503 0
504 0
505 0
506 0
507 0
508 0
509 0
51 0
510 0
511 0
512 0
513 0
514 0
515 0
516 0
517 0
518 0
519 0
52 0
520 0
521 0
522 0
523 0
524 0
525 0
526 0
527 0
528 0
529 0
53 0
530 0
531 0
532 0
533 0
534 0
535 0
536 0
537 0
538 0
539 0
54 0
540 0
541 0
542 0
543 0
544 0
545 0
546 0
547 0
548 0
549 0
55 0
550 0
551 0
552 0
553 0
554 0
555 0
556 0
557 0
558 0
559 0
56 0
560 0
561 0
562 0
563 0
564 0
565 0
566 0
567 0
568 0
569 0
57 0
570 0
571 0
572 0
573 0
574 0
575 0
576 0
577 0
578 0
579 0
58 0
580 0
581 0
582 0
583 0
584 0
585 0
586 0
587 0
588 0
589 0
59 0
590 0
591 0
592 0
593 0
594 0
595 0
596 0
597 0
598 0
599 0
6 0
60 0
600 0
601 0
602 0
603 0
604 0
605 0
606 0
607 0
608 0
609 0
61 0
610 0
611 0
612 0
613 0
614 0
615 0
616 0
617 0
618 0
619 0
62 0
620 0
621 0
622 0
623 0
624 0
625 0
63 0
64 0
65 0
66 0
67 0
68 0
69 0
7 0
70 0
71 0
72 0
73 0
74 0
75 0
76 0
77 0
78 0
79 0
8 0
80 0
81 0
82 0
83 0
84 0
85 0
86 0
87 0
88 0
89 0
9 0
90 0
91 0
92 0
93 0
94 0
95 0
96 0
97 0
98 0
99 0
0 0
1 0
10 0
100 0
101 0
102 0
103 0
104 0
105 0
106 0
107 0
108 0
109 0
11 0
110 0
111 0
112 0
113 0
114 0
115 0
116 0
117 0
118 0
119 0
12 0
120 0
121 0
122 0
123 0
124 0
125 0
126 0
127 0
128 0
129 0
13 0
130 0
131 0
132 0
133 0
134 0
135 0
136 0
137 0
138 0
139 0
14 0
140 0
141 0
142 0
143 0
144 0
145 0
146 0
147 0
148 0
149 0
15 0
150 0
151 0
152 0
153 0
154 0
155 0
156 0
157 0
158 0
159 0
16 0
160 0
161 0
162 0
163 0
164 0
165 0
166 0
167 0
168 0
169 0
17 0
170 0
171 0
172 0
173 0
174 0
175 0
176 0
177 0
178 0
179 0
18 0
180 0
181 0
182 0
183 0
184 0
185 0
186 0
187 0
188 0
189 0
19 0
190 0
191 0
192 0
193 0
194 0
195 0
196 0
197 0
198 0
199 0
2 0
20 0
200 0
201 0
202 0
203 0
204 0
205 0
206 0
207 0
208 0
209 0
21 0
210 0
211 0
212 0
213 0
214 0
215 0
216 0
217 0
218 0
219 0
22 0
220 0
221 0
222 0
223 0
224 0
225 0
226 0
227 0
228 0
229 0
23 0
230 0
231 0
232 0
233 0
234 0
235 0
236 0
237 0
238 0
239 0
24 0
240 0
241 0
242 0
243 0
244 0
245 0
246 0
247 0
248 0
249 0
25 0
250 0
251 0
252 0
253 0
254 0
255 0
256 0
257 0
258 0
259 0
26 0
260 0
261 0
262 0
263 0
264 0
265 0
266 0
267 0
268 0
269 0
27 0
270 0
271 0
272 0
273 0
274 0
275 0
276 0
277 0
278 0
279 0
28 0
280 0
281 0
282 0
283 0
284 0
285 0
286 0
287 0
288 0
289 0
29 0
290 0
291 0
292 0
293 0
294 0
295 0
296 0
297 0
298 0
299 0
3 0
30 0
300 0
301 0
302 0
303 0
304 0
305 0
306 0
307 0
308 0
309 0
31 0
310 0
311 0
312 0
313 0
314 0
315 0
316 0
317 0
318 0
319 0
32 0
320 0
321 0
322 0
323 0
324 0
325 0
326 0
327 0
328 0
329 0
33 0
330 0
331 0
332 0
333 0
334 0
335 0
336 0
337 0
338 0
339 0
34 0
340 0
341 0
342 0
343 0
344 0
345 0
346 0
347 0
348 0
349 0
35 0
350 0
351 0
352 0
353 0
354 0
355 0
356 0
357 0
358 0
359 0
36 0
360 0
361 0
362 0
363 0
364 0
365 0
366 0
367 0
368 0
369 0
37 0
370 0
371 0
372 0
373 0
374 0
375 0
376 0
377 0
378 0
379 0
38 0
380 0
381 0
382 0
383 0
384 0
385 0
386 0
387 0
388 0
389 0
39 0
390 0
391 0
392 0
393 0
394 0
395 0
396 0
397 0
398 0
399 0
4 0
40 0
400 0
401 0
402 0
403 0
404 0
405 0
406 0
407 0
408 0
409 0
41 0
410 0
411 0
412 0
413 0
414 0
415 0
416 0
417 0
418 0
419 0
42 0
420 0
421 0
422 0
423 0
424 0
425 0
426 0
427 0
428 0
429 0
43 0
430 0
431 0
432 0
433 0
434 0
435 0
436 0
437 0
438 0
439 0
44 0
440 0
441 0
442 0
443 0
444 0
445 0
446 0
447 0
448 0
449 0
45 0
450 0
451 0
452 0
453 0
454 0
455 0
456 0
457 0
458 0
459 0
46 0
460 0
461 0
462 0
463 0
464 0
465 0
466 0
467 0
468 0
469 0
47 0
470 0
471 0
472 0
473 0
474 0
475 0
476 0
477 0
478 0
479 0
48 0
480 0
481 0
482 0
483 0
484 0
485 0
486 0
487 0
488 0
489 0
49 0
490 0
491 0
492 0
493 0
494 0
495 0
496 0
497 0
498 0
499 0
5 0
50 0
500 0
501 0
502 0
503 0
504 0
505 0
506 0
507 0
508 0
509 0
51 0
510 0
511 0
512 0
513 0
514 0
515 0
516 0
517 0
518 0
519 0
52 0
520 0
521 0
522 0
523 0
524 0
525 0
526 0
527 0
528 0
529 0
53 0
530 0
531 0
532 0
533 0
534 0
535 0
536 0
537 0
538 0
539 0
54 0
540 0
541 0
542 0
543 0
544 0
545 0
546 0
547 0
548 0
549 0
55 0
550 0
551 0
552 0
553 0
554 0
555 0
556 0
557 0
558 0
559 0
56 0
560 0
561 0
562 0
563 0
564 0
565 0
566 0
567 0
568 0
569 0
57 0
570 0
571 0
572 0
573 0
574 0
575 0
576 0
577 0
578 0
579 0
58 0
580 0
581 0
582 0
583 0
584 0
585 0
586 0
587 0
588 0
589 0
59 0
590 0
591 0
592 0
593 0
594 0
595 0
596 0
597 0
598 0
599 0
6 0
60 0
600 0
601 0
602 0
603 0
604 0
605 0
606 0
607 0
608 0
609 0
61 0
610 0
611 0
612 0
613 0
614 0
615 0
616 0
617 0
618 0
619 0
62 0
63 0
64 0
65 0
66 0
67 0
68 0
69 0
7 0
70 0
71 0
72 0
73 0
74 0
75 0
76 0
77 0
78 0
79 0
8 0
80 0
81 0
82 0
83 0
84 0
85 0
86 0
87 0
88 0
89 0
9 0
90 0
91 0
92 0
93 0
94 0
95 0
96 0
97 0
98 0
99 0
100 0
101 0
120 0
121 0
126 0
127 0
130 0
131 0
136 0
137 0
138 0
139 0
144 0
145 0
146 0
147 0
149 0
150 0
151 0
152 0
158 0
159 0
160 0
161 0
163 0
164 0
169 0
170 0
171 0
172 0
173 0
174 0
181 0
182 0
183 0
184 0
186 0
187 0
193 0
194 0
202 0
203 0
204 0
205 0
207 0
208 0
21 0
214 0
215 0
22 0
224 0
225 0
226 0
227 0
232 0
233 0
237 0
238 0
241 0
242 0
248 0
249 0
253 0
254 0
264 0
265 0
269 0
27 0
270 0
279 0
28 0
280 0
293 0
294 0
3 0
304 0
305 0
310 0
311 0
324 0
325 0
331 0
332 0
333 0
334 0
338 0
339 0
343 0
344 0
365 0
366 0
375 0
376 0
383 0
384 0
386 0
387 0
388 0
389 0
391 0
392 0
396 0
397 0
4 0
407 0
408 0
417 0
418 0
423 0
424 0
430 0
431 0
438 0
439 0
44 0
442 0
443 0
446 0
447 0
448 0
449 0
45 0
451 0
452 0
455 0
456 0
461 0
462 0
471 0
472 0
475 0
476 0
479 0
480 0
481 0
482 0
489 0
490 0
491 0
492 0
498 0
499 0
505 0
506 0
510 0
511 0
516 0
517 0
519 0
520 0
521 0
522 0
524 0
525 0
539 0
540 0
545 0
546 0
547 0
548 0
549 0
550 0
564 0
565 0
569 0
57 0
570 0
573 0
574 0
579 0
58 0
580 0
581 0
582 0
588 0
589 0
592 0
593 0
594 0
595 0
604 0
605 0
606 0
607 0
610 0
611 0
615 0
616 0
628 0
629 0
631 0
632 0
644 0
645 0
65 0
650 0
651 0
653 0
654 0
656 0
657 0
66 0
662 0
663 0
671 0
672 0
675 0
676 0
679 0
680 0
684 0
685 0
690 0
691 0
693 0
694 0
706 0
707 0
709 0
710 0
714 0
715 0
716 0
717 0
72 0
724 0
725 0
726 0
727 0
729 0
73 0
730 0
741 0
742 0
754 0
755 0
757 0
758 0
77 0
78 0
8 0
82 0
83 0
87 0
88 0
9 0
92 0
93 0
94 0
95 0
100 29
101 473
120 259
121 471
126 470
127 215
130 458
131 470
136 1
137 463
138 16
139 469
144 10
145 469
146 0
147 468
149 468
150 462
151 48
152 468
158 0
159 465
160 6
161 465
163 412
164 460
169 0
170 466
171 4
172 465
173 176
174 465
181 465
182 465
183 266
184 465
186 461
187 2
193 0
194 465
202 287
203 72
204 8
205 465
207 229
208 465
21 2
214 453
215 459
22 487
224 461
225 461
226 0
227 461
232 414
233 461
237 0
238 5
241 4
242 460
248 456
249 460
253 460
254 453
264 458
265 458
269 0
27 485
270 3
279 457
28 445
280 2
293 20
294 454
3 10
304 449
305 448
310 0
311 453
324 8
325 450
331 1
332 449
333 1
334 449
338 10
339 449
343 447
344 449
365 403
366 446
375 63
376 446
383 0
384 444
386 2
387 446
388 23
389 446
391 8
392 446
396 18
397 446
4 494
407 0
408 52
417 445
418 445
423 0
424 441
430 23
431 445
438 445
439 445
44 141
442 103
443 444
446 444
447 445
448 111
449 445
45 483
451 443
452 438
455 433
456 444
461 1
462 444
471 0
472 432
475 5
476 444
479 162
480 443
481 5
482 443
489 442
490 443
491 5
492 443
498 443
499 443
505 441
506 412
510 434
511 441
516 7
517 439
519 178
520 439
521 44
522 439
524 2
525 439
539 1
540 439
545 388
546 439
547 8
548 439
549 439
550 439
564 30
565 439
569 439
57 476
570 188
573 0
574 435
579 411
58 479
580 431
581 204
582 438
588 6
589 437
592 437
593 436
594 59
595 437
604 0
605 437
606 384
607 437
610 437
611 32
615 436
616 437
628 121
629 437
631 432
632 44
644 0
645 436
65 0
650 436
651 436
653 285
654 436
656 413
657 380
66 477
662 435
663 2
671 0
672 102
675 20
676 433
679 229
680 433
684 0
685 433
690 328
691 432
693 424
694 401
706 28
707 431
709 431
710 37
714 393
715 86
716 1
717 431
72 16
724 431
725 129
726 431
727 431
729 431
73 476
730 10
741 431
742 431
754 431
755 431
757 425
758 79
77 349
78 470
8 22
82 0
83 191
87 474
88 462
9 492
92 473
93 441
94 27
95 473
10 999
100 999
108 987
109 999
110 8
111 999
114 999
115 15
116 925
117 999
118 2
119 999
12 10
120 1
121 999
124 988
125 997
129 18
13 999
130 999
133 0
134 999
137 105
138 999
144 3
145 999
15 102
150 943
151 999
157 999
158 999
16 999
169 999
17 999
170 999
171 12
172 999
173 918
174 999
178 426
179 999
18 999
181 935
182 999
183 0
184 999
187 0
188 999
189 2
190 999
192 930
193 999
203 999
204 998
205 998
206 999
210 999
211 999
213 0
214 999
219 998
220 993
224 998
225 989
227 999
228 999
230 1
231 999
239 0
240 999
243 875
244 999
247 999
248 999
250 183
251 999
253 999
254 994
259 6
260 999
263 994
264 996
27 0
270 989
271 999
272 1
273 999
277 0
278 999
28 28
281 963
282 999
285 928
286 579
289 991
290 999
292 900
293 999
296 675
297 996
305 964
306 997
307 3
308 999
310 14
311 999
315 999
316 1
322 992
323 999
325 1
326 999
328 999
329 999
346 999
347 999
351 11
352 999
354 999
355 991
358 0
359 999
368 147
369 999
375 0
376 13
378 0
379 999
38 0
384 999
385 999
386 856
387 999
39 998
396 999
397 999
4 114
400 0
401 999
403 989
404 711
407 999
408 999
409 905
41 521
410 999
413 999
414 999
415 941
416 999
42 999
422 916
423 999
428 980
429 999
43 10
431 999
432 999
438 0
439 878
44 999
442 9
443 999
451 842
452 999
457 2
458 999
462 8
463 999
466 1
467 999
471 999
472 999
478 0
479 0
482 999
483 999
485 15
486 999
492 3
493 999
494 0
495 999
497 999
498 999
5 999
500 999
501 999
504 12
505 999
51 999
510 901
511 999
516 0
517 998
52 102
524 1
525 999
536 999
537 15
540 999
541 7
543 999
544 999
556 0
557 999
559 167
560 999
563 0
564 999
566 932
567 999
568 890
569 999
570 0
571 999
583 999
584 999
585 521
586 999
589 14
590 999
593 0
594 999
599 1
600 999
603 999
604 999
605 127
606 999
610 0
611 999
616 999
617 12
628 999
629 999
638 943
639 999
641 999
642 0
655 0
656 999
662 991
663 999
666 999
667 999
668 12
669 999
71 0
72 4
73 991
74 999
79 20
80 999
82 999
83 999
86 881
87 999
88 819
89 999
9 0
91 999
92 999
94 182
95 999
96 932
97 999
99 9
10 999
100 999
108 987
109 999
110 8
111 999
114 999
115 15
116 925
117 999
118 2
119 999
12 10
120 1
121 999
124 988
125 997
129 18
13 999
130 999
133 0
134 999
137 105
138 999
144 3
145 999
15 102
150 943
151 999
157 999
158 999
16 999
169 999
17 999
170 999
171 12
172 999
173 918
174 999
178 426
179 999
18 999
181 935
182 999
183 0
184 999
187 0
188 999
189 2
190 999
192 930
193 999
203 999
204 998
205 998
206 999
210 999
211 999
213 0
214 999
219 998
220 993
224 998
225 989
227 999
228 999
230 1
231 999
239 0
240 999
243 875
244 999
247 999
248 999
250 183
251 999
253 999
254 994
259 6
260 999
263 994
264 996
27 0
270 989
271 999
272 1
273 999
277 0
278 999
28 28
281 963
282 999
285 928
286 579
289 991
290 999
292 900
293 999
296 675
297 996
305 964
306 997
307 3
308 999
310 14
311 999
315 999
316 1
322 992
323 999
325 1
326 999
328 999
329 999
346 999
347 999
351 11
352 999
354 999
355 991
358 0
359 999
368 147
369 999
375 0
376 13
378 0
379 999
38 0
384 999
385 999
386 856
387 999
39 998
396 999
397 999
4 114
400 0
401 999
403 989
404 711
407 999
408 999
409 905
41 521
410 999
413 999
414 999
415 941
416 999
42 999
422 916
423 999
428 980
429 999
43 10
431 999
432 999
438 0
439 878
44 999
442 9
443 999
451 842
452 999
457 2
458 999
462 8
463 999
466 1
467 999
471 999
472 999
478 0
479 0
482 999
483 999
485 15
486 999
492 3
493 999
494 0
495 999
497 999
498 999
5 999
500 999
501 999
504 12
505 999
51 999
510 901
511 999
516 0
517 998
52 102
524 1
525 999
536 999
537 15
540 999
541 7
543 999
544 999
556 0
557 999
559 167
560 999
563 0
564 999
566 932
567 999
568 890
569 999
570 0
571 999
583 999
584 999
585 521
586 999
589 14
590 999
593 0
594 999
599 1
600 999
603 999
604 999
605 127
606 999
610 0
611 999
616 999
617 12
628 999
629 999
638 943
639 999
641 999
642 0
655 0
656 999
662 991
663 999
666 999
667 999
668 12
669 999
71 0
72 4
73 991
74 999
79 20
80 999
82 999
83 999
86 881
87 999
88 819
89 999
9 0
91 999
92 999
94 182
95 999
96 932
97 999
99 9
10 0
100 981
101 779
102 981
105 0
106 981
11 990
116 0
117 981
122 0
123 277
124 30
125 981
127 981
128 964
129 743
13 991
130 981
133 980
134 216
138 638
139 979
14 991
144 979
145 979
146 95
147 978
149 978
15 122
150 978
153 621
154 978
157 3
158 978
16 991
160 966
161 960
174 976
175 976
180 0
181 976
188 976
189 976
191 948
192 976
193 953
194 976
195 649
196 976
205 0
206 0
213 0
214 976
217 976
218 93
220 975
221 975
224 975
225 972
227 879
228 975
23 991
231 975
232 975
234 975
235 964
24 34
248 5
249 974
255 974
256 974
257 207
258 974
26 0
269 0
27 990
270 973
280 0
281 900
284 0
285 972
290 972
291 972
293 972
294 972
296 19
297 972
303 971
304 971
305 13
306 971
308 840
309 971
312 971
313 971
314 31
315 971
318 969
319 971
327 968
328 970
332 2
333 970
342 937
343 970
346 970
347 970
35 1
351 970
352 856
353 3
354 970
357 0
358 970
36 990
360 970
361 970
365 1
366 970
367 0
368 970
369 48
370 970
374 0
375 970
377 968
378 199
379 970
380 970
383 969
384 970
388 970
389 4
394 3
395 969
399 218
4 118
40 6
400 968
402 4
403 968
404 2
405 968
406 626
407 968
409 963
41 990
410 963
413 958
414 968
419 968
42 0
420 892
421 0
422 968
424 965
425 968
426 524
427 968
428 25
429 968
43 990
434 968
435 968
437 0
438 968
439 0
440 968
441 947
442 968
448 968
449 968
451 968
452 557
457 966
458 493
459 968
46 931
460 968
462 968
463 968
466 964
467 968
468 953
469 968
47 990
471 968
472 3
473 606
474 968
475 15
476 968
477 939
478 968
479 954
480 968
484 966
485 945
490 163
491 966
492 966
493 966
494 0
495 966
5 995
507 965
508 959
509 965
51 3
510 965
512 954
513 965
515 965
516 964
52 989
520 950
521 952
522 176
523 964
528 23
529 964
53 892
530 4
531 964
534 951
535 964
539 964
54 988
540 964
544 845
545 964
553 484
554 963
555 2
556 963
568 963
569 963
571 963
572 963
573 955
574 963
575 2
576 963
577 7
578 963
583 963
584 963
589 1
590 962
598 0
599 962
6 21
601 962
602 962
603 1
604 962
606 962
607 961
611 7
612 961
614 849
615 961
616 961
617 961
618 917
619 961
620 14
621 961
623 961
624 961
625 305
626 961
627 1
628 961
630 0
631 961
634 0
635 893
637 956
638 960
640 960
641 2
647 960
648 960
649 960
65 985
650 960
651 960
652 960
653 960
654 960
655 860
656 960
66 985
662 954
663 959
669 959
670 959
672 0
673 958
688 174
689 957
7 993
70 0
71 985
78 973
79 982
8 993
81 641
82 874
83 21
84 982
85 940
86 982
9 991
91 3
92 982
96 982
97 982
99 966
10 999
100 999
108 987
109 999
110 8
111 999
114 999
115 15
116 925
117 999
118 2
119 999
12 10
120 1
121 999
124 988
125 997
129 18
13 999
130 999
133 0
134 999
137 105
138 999
144 3
145 999
15 102
150 943
151 999
157 999
158 999
16 999
169 999
17 999
170 999
171 12
172 999
173 918
174 999
178 426
179 999
18 999
181 935
182 999
183 0
184 999
187 0
188 999
189 2
190 999
192 930
193 999
203 999
204 998
205 998
206 999
210 999
211 999
213 0
214 999
219 998
220 993
224 998
225 989
227 999
228 999
230 1
231 999
239 0
240 999
243 875
244 999
247 999
248 999
250 183
251 999
253 999
254 994
259 6
260 999
263 994
264 996
27 0
270 989
271 999
272 1
273 999
277 0
278 999
28 28
281 963
282 999
285 928
286 579
289 991
290 999
292 900
293 999
296 675
297 996
305 964
306 997
307 3
308 999
310 14
311 999
315 999
316 1
322 992
323 999
325 1
326 999
328 999
329 999
346 999
347 999
351 11
352 999
354 999
355 991
358 0
359 999
368 147
369 999
375 0
376 13
378 0
379 999
38 0
384 999
385 999
386 856
387 999
39 998
396 999
397 999
4 114
400 0
401 999
403 989
404 711
407 999
408 999
409 905
41 521
410 999
413 999
414 999
415 941
416 999
42 999
422 916
423 999
428 980
429 999
43 10
431 999
432 999
438 0
439 878
44 999
442 9
443 999
451 842
452 999
457 2
458 999
462 8
463 999
466 1
467 999
471 999
472 999
478 0
479 0
482 999
483 999
485 15
486 999
492 3
493 999
494 0
495 999
497 999
498 999
5 999
500 999
501 999
504 12
505 999
51 999
510 901
511 999
516 0
517 998
52 102
524 1
525 999
536 999
537 15
540 999
541 7
543 999
544 999
556 0
557 999
559 167
560 999
563 0
564 999
566 932
567 999
568 890
569 999
570 0
571 999
583 999
584 999
585 521
586 999
589 14
590 999
593 0
594 999
599 1
600 999
603 999
604 999
605 127
606 999
610 0
611 999
616 999
617 12
628 999
629 999
638 943
639 999
641 999
642 0
655 0
656 999
662 991
663 999
666 999
667 999
668 12
669 999
71 0
72 4
73 991
74 999
79 20
80 999
82 999
83 999
86 881
87 999
88 819
89 999
9 0
91 999
92 999
94 182
95 999
96 932
97 999
99 9
10 988
11 999
116 992
117 972
128 953
129 0
13 999
134 218
135 999
136 0
137 997
14 997
141 0
142 999
147 992
148 999
149 17
15 19
150 999
16 999
166 16
167 999
176 99
177 999
181 949
182 999
192 0
193 29
194 1
195 999
199 0
20 0
200 999
206 28
207 999
21 992
213 937
214 992
215 2
216 999
217 0
218 998
222 126
223 999
225 999
226 148
23 1
230 7
231 999
235 999
236 19
24 999
251 0
252 999
254 999
255 999
26 219
260 999
261 0
265 0
266 75
27 999
272 0
273 999
277 219
278 999
280 989
281 0
29 10
298 922
299 999
30 999
301 219
302 992
31 0
32 999
326 856
327 992
34 0
345 2
346 999
35 949
36 4
37 999
370 0
371 953
378 0
379 953
38 216
39 999
40 943
406 998
407 6
41 999
428 0
429 998
434 13
435 999
441 999
442 999
443 860
444 999
453 29
454 999
455 0
456 993
465 0
466 998
474 0
475 999
489 17
490 999
498 997
499 16
501 990
502 999
504 987
505 998
508 0
509 999
516 997
517 998
519 2
520 995
526 0
527 993
529 999
530 998
534 3
535 999
549 999
550 998
551 1
552 999
554 5
555 999
558 899
559 999
560 3
561 999
562 0
563 998
566 2
567 999
568 992
569 999
571 148
572 999
573 936
574 999
586 4
587 998
598 3
599 999
608 855
609 905
618 0
619 999
621 992
622 999
633 0
634 993
640 14
641 999
642 148
643 999
652 0
653 999
659 3
660 998
663 148
664 999
670 0
671 23
672 10
673 999
674 0
675 999
693 4
694 999
696 953
697 202
698 148
699 999
7 999
70 4
700 999
701 999
708 673
709 953
71 999
72 146
721 0
722 992
73 999
730 135
731 999
740 0
741 992
748 999
749 999
751 999
752 996
79 2
8 985
80 999
86 12
87 999
89 148
90 999
1 264
10 499
100 0
101 499
102 499
103 499
105 499
106 7
110 499
111 499
112 56
113 499
114 467
115 499
116 499
117 499
120 499
121 499
122 499
123 499
125 499
126 499
128 499
129 499
13 0
133 499
134 499
135 499
136 499
137 20
138 499
14 499
140 499
141 499
142 499
143 499
145 14
146 499
147 492
148 499
149 496
15 7
150 499
151 499
152 499
156 499
157 499
158 499
159 499
16 499
160 499
161 499
162 109
163 499
167 223
168 499
169 449
17 0
170 499
171 28
172 499
177 496
178 499
179 64
18 499
180 499
187 499
188 499
19 499
190 499
191 499
193 499
194 499
195 499
196 499
199 499
2 499
20 499
200 499
201 89
202 499
205 499
206 499
207 456
208 499
21 45
210 499
211 499
216 499
217 499
22 499
220 34
221 499
224 499
225 499
226 499
227 499
229 499
23 12
230 488
232 499
233 499
234 495
235 499
236 491
237 499
238 499
239 499
24 499
241 88
242 499
243 448
244 499
245 499
246 499
247 491
248 499
249 497
25 499
250 499
252 499
253 499
255 106
256 499
257 499
258 499
26 499
260 470
261 499
262 0
263 499
266 499
267 499
268 469
269 499
27 499
271 499
272 499
275 499
276 499
277 495
278 499
279 499
28 499
280 499
284 499
285 499
286 496
287 499
292 499
293 499
295 499
296 499
297 134
298 499
30 496
301 499
302 499
303 4
304 499
307 499
308 499
309 197
31 493
310 499
312 499
313 499
317 66
318 499
319 97
32 499
320 499
321 10
322 499
324 53
325 499
326 499
327 499
329 499
33 499
330 499
334 499
335 499
336 499
337 499
340 499
341 499
344 499
345 499
346 499
347 499
348 79
349 499
35 45
350 499
351 499
352 499
353 499
354 311
355 499
358 499
359 499
36 499
361 217
362 499
363 499
364 499
365 499
366 499
367 182
368 499
371 499
372 499
374 499
375 499
376 297
377 499
378 499
379 499
38 498
380 188
381 499
382 15
383 499
384 492
385 499
386 499
387 499
389 499
39 89
390 499
391 482
392 499
394 482
395 499
397 499
398 499
399 499
40 499
400 499
402 182
403 499
404 499
405 499
406 499
407 499
408 191
409 499
41 499
410 498
411 499
414 499
415 499
416 0
417 499
418 499
419 499
42 498
421 499
422 499
424 499
425 499
428 70
429 499
43 499
430 210
431 499
432 95
433 499
434 6
435 499
436 493
437 499
440 491
441 499
445 499
446 499
45 499
451 243
452 499
454 311
455 499
457 499
458 499
459 233
46 499
460 499
463 153
464 499
465 499
466 499
469 456
470 499
473 499
474 499
476 499
477 499
479 499
48 177
480 499
481 499
482 499
486 483
487 448
489 499
49 499
490 499
491 499
492 499
493 499
494 499
495 88
496 499
497 15
498 499
5 209
50 461
500 499
501 18
502 34
503 499
504 499
505 499
508 499
509 499
51 499
512 55
513 499
516 499
517 499
518 499
519 499
52 1
520 217
521 499
522 499
523 499
524 499
525 499
526 499
527 499
529 499
53 499
530 499
531 477
532 499
534 499
535 499
536 486
537 499
539 499
54 70
540 499
541 499
542 499
543 498
544 499
546 499
547 499
548 499
549 499
55 499
550 499
551 499
552 499
553 499
556 499
557 499
558 497
559 499
560 499
561 499
566 471
567 499
568 499
569 499
570 499
571 499
573 499
574 499
575 499
576 499
578 499
579 499
580 0
581 496
583 499
584 55
585 455
586 499
587 499
588 499
589 178
590 499
591 499
592 499
595 499
596 499
597 499
598 499
6 499
600 210
601 499
602 499
603 499
608 499
609 499
61 499
610 499
611 499
614 499
615 499
616 45
617 499
618 490
619 499
62 499
621 118
622 499
623 116
624 499
627 438
628 499
629 499
630 499
631 499
632 499
633 499
634 499
635 247
636 499
637 83
638 499
639 57
640 499
641 4
642 499
643 88
644 499
646 494
647 66
67 0
68 499
69 442
7 497
70 499
71 499
72 499
73 473
74 499
76 64
77 499
79 86
8 499
80 499
81 499
82 499
84 43
85 499
86 499
87 499
88 81
89 499
9 499
90 499
91 499
92 199
93 499
95 486
96 499
1 277
10 8416
100 9999
102 151
103 9999
104 9955
105 9999
107 9999
108 9999
11 9999
110 9955
111 9999
114 9986
115 9999
116 9999
117 9999
118 965
119 9999
12 9999
120 911
121 9999
122 9973
123 9999
124 9969
125 9999
126 42
127 9999
13 9999
130 9999
131 9999
132 5218
133 9999
135 9955
136 9999
137 7709
138 9999
139 9999
140 9999
141 9659
142 9999
144 9999
145 9999
146 9999
147 9999
148 9948
149 9999
150 9999
151 9999
152 9997
153 9999
154 9897
155 9999
156 9999
157 9999
159 9981
16 9999
160 9999
161 9999
162 9999
163 9999
164 9999
166 9999
167 9999
168 54
169 9999
17 9999
170 9999
171 9999
172 6107
173 9999
174 6921
175 9999
177 9903
178 9983
179 1377
180 9999
181 31
182 9999
183 7423
184 9999
186 8474
187 9999
188 115
189 9999
19 9999
190 9999
191 9999
192 18
193 9999
194 300
195 9999
196 6240
197 9999
198 9999
199 9999
2 9999
20 9999
200 6949
201 9999
202 6429
203 9999
204 1443
205 9999
206 9999
207 9999
208 247
209 9999
211 9999
212 9999
214 905
215 9999
217 9999
218 9999
219 9982
22 3
220 9999
221 9999
222 9999
223 9999
224 9999
225 8893
226 9999
227 9999
228 9999
229 1223
23 9999
230 9999
233 284
234 9999
235 2
236 9999
237 9999
238 9999
239 9999
240 9999
241 1042
242 9999
243 9992
244 9999
245 9990
246 9999
247 1038
248 9999
249 9999
25 65
250 9999
251 9979
252 9999
253 9999
254 9999
256 9999
257 9999
259 9938
26 9993
260 9999
261 9999
262 9999
263 9999
264 9999
265 253
266 9999
267 9988
268 9999
269 9999
270 9999
272 9
273 9999
274 9990
275 9999
276 9999
277 9999
278 4997
279 9999
28 0
280 27
281 9999
282 9999
283 9999
284 39
285 9999
286 8658
287 9999
289 9999
29 9999
290 9551
295 9999
296 9999
298 9999
299 9997
30 860
301 8062
302 9999
306 9999
307 9999
308 810
309 9999
31 9999
311 967
312 9999
314 9999
315 9999
317 9624
318 9999
319 958
32 9959
320 9999
322 9999
323 9999
324 9999
325 9999
326 943
327 9999
328 9999
329 9999
33 9999
330 9999
331 9999
332 9999
333 9999
336 9999
337 9999
339 9999
34 9999
340 9999
341 9940
342 9999
343 9999
344 9999
345 6051
346 9999
347 9999
348 9999
349 192
35 9999
350 9999
351 9992
352 9999
353 9999
354 9999
355 26
356 9999
357 9975
358 9999
359 9999
360 9999
361 9999
362 9999
363 15
364 9999
365 9999
366 9999
367 43
368 9999
371 9999
372 9999
376 9999
377 9999
378 9999
379 9999
38 31
380 9999
381 9999
382 3
383 9999
384 4916
385 9999
387 0
388 9999
389 9999
39 9999
390 9999
391 9999
392 9999
394 8420
395 9999
396 6803
397 9999
398 9940
399 9999
40 700
401 9999
402 9999
403 786
404 9999
405 8955
406 9999
407 9757
408 9999
41 9999
410 12
411 9999
412 9999
413 9999
414 9967
415 9999
416 9999
417 9999
418 9795
419 9999
42 9999
420 0
421 9981
422 9999
423 9999
424 9972
425 9999
426 9925
427 9999
43 9999
430 0
431 9999
432 9169
433 9999
434 9999
435 9999
436 838
437 9999
438 9999
439 9999
44 9999
440 9999
441 9999
442 9529
443 9999
444 784
445 9999
446 9999
447 9999
448 9999
449 9999
45 9999
450 9046
451 9999
452 9999
453 9999
458 5007
459 9999
46 858
460 4642
461 9999
462 9999
463 9999
464 253
465 9999
466 5920
467 9999
468 9999
469 9999
47 9999
471 9999
472 9999
475 6635
476 9999
477 29
478 9996
479 5032
480 9999
481 9999
482 9999
483 17
484 9999
485 36
486 9999
487 317
488 9999
489 9999
490 9999
493 8730
494 9999
495 9921
496 9999
497 9433
498 9999
500 9999
501 9993
502 9999
503 9999
504 9999
505 9999
506 9999
507 9999
508 9892
509 9999
510 9999
511 9999
514 9999
515 9999
516 9999
517 9999
519 1
520 9999
521 39
522 9999
523 14
524 9999
526 9999
527 9999
529 0
53 9999
530 9999
531 9999
532 9999
533 9999
534 9999
535 9999
536 9999
537 9748
538 9999
54 9999
540 9999
541 9999
542 9999
543 9999
544 6255
545 9999
549 166
55 6309
550 9999
553 457
554 9999
555 9555
556 9999
557 9999
558 9999
56 9999
561 6052
562 9999
563 5712
564 9999
565 9898
566 9999
567 9999
568 9999
57 9999
573 13
574 9999
575 9999
576 9999
577 9
578 9995
579 778
58 9999
580 9999
581 191
582 9999
583 9517
584 9999
585 53
586 9999
587 9971
588 9999
589 161
59 48
590 9999
593 9986
594 9999
595 6791
596 9999
597 9999
598 9999
6 65
60 9999
600 9999
601 9999
603 0
604 9999
605 15
606 9999
61 0
62 9999
64 328
65 9999
66 9999
67 9999
68 9999
69 9999
7 9999
71 9999
72 952
73 9999
74 9999
75 9946
76 9999
79 37
80 9999
81 9999
82 9999
83 9999
84 9999
85 5942
86 9999
89 6187
90 9999
91 9999
92 9999
93 9999
94 9999
95 7
96 9993
97 9986
98 9999
99 9999
1 277
10 8416
100 9999
102 151
103 9999
104 9955
105 9999
107 9999
108 9999
11 9999
110 9955
111 9999
114 9986
115 9999
116 9999
117 9999
118 965
119 9999
12 9999
120 911
121 9999
122 9973
123 9999
124 9969
125 9999
126 42
127 9999
13 9999
130 9999
131 9999
132 5218
133 9999
135 9955
136 9999
137 7709
138 9999
139 9999
140 9999
141 9659
142 9999
144 9999
145 9999
146 9999
147 9999
148 9948
149 9999
150 9999
151 9999
152 9997
153 9999
154 9897
155 9999
156 9999
157 9999
159 9981
16 9999
160 9999
161 9999
162 9999
163 9999
164 9999
166 9999
167 9999
168 54
169 9999
17 9999
170 9999
171 9999
172 6107
173 9999
174 6921
175 9999
177 9903
178 9983
179 1377
180 9999
181 31
182 9999
183 7423
184 9999
186 8474
187 9999
188 115
189 9999
19 9999
190 9999
191 9999
192 18
193 9999
194 300
195 9999
196 6240
197 9999
198 9999
199 9999
2 9999
20 9999
200 6949
201 9999
202 6429
203 9999
204 1443
205 9999
206 9999
207 9999
208 247
209 9999
211 9999
212 9999
214 905
215 9999
217 9999
218 9999
219 9982
22 3
220 9999
221 9999
222 9999
223 9999
224 9999
225 8893
226 9999
227 9999
228 9999
229 1223
23 9999
230 9999
233 284
234 9999
235 2
236 9999
237 9999
238 9999
239 9999
240 9999
241 1042
242 9999
243 9992
244 9999
245 9990
246 9999
247 1038
248 9999
249 9999
25 65
250 9999
251 9979
252 9999
253 9999
254 9999
256 9999
257 9999
259 9938
26 9993
260 9999
261 9999
262 9999
263 9999
264 9999
265 253
266 9999
267 9988
268 9999
269 9999
270 9999
272 9
273 9999
274 9990
275 9999
276 9999
277 9999
278 4997
279 9999
28 0
280 27
281 9999
282 9999
283 9999
284 39
285 9999
286 8658
287 9999
289 9999
29 9999
290 9551
295 9999
296 9999
298 9999
299 9997
30 860
301 8062
302 9999
306 9999
307 9999
308 810
309 9999
31 9999
311 967
312 9999
314 9999
315 9999
317 9624
318 9999
319 958
32 9959
320 9999
322 9999
323 9999
324 9999
325 9999
326 943
327 9999
328 9999
329 9999
33 9999
330 9999
331 9999
332 9999
333 9999
336 9999
337 9999
339 9999
34 9999
340 9999
341 9940
342 9999
343 9999
344 9999
345 6051
346 9999
347 9999
348 9999
349 192
35 9999
350 9999
351 9992
352 9999
353 9999
354 9999
355 26
356 9999
357 9975
358 9999
359 9999
360 9999
361 9999
362 9999
363 15
364 9999
365 9999
366 9999
367 43
368 9999
371 9999
372 9999
376 9999
377 9999
378 9999
379 9999
38 31
380 9999
381 9999
382 3
383 9999
384 4916
385 9999
387 0
388 9999
389 9999
39 9999
390 9999
391 9999
392 9999
394 8420
395 9999
396 6803
397 9999
398 9940
399 9999
40 700
401 9999
402 9999
403 786
404 9999
405 8955
406 9999
407 9757
408 9999
41 9999
410 12
411 9999
412 9999
413 9999
414 9967
415 9999
416 9999
417 9999
418 9795
419 9999
42 9999
420 0
421 9981
422 9999
423 9999
424 9972
425 9999
426 9925
427 9999
43 9999
430 0
431 9999
432 9169
433 9999
434 9999
435 9999
436 838
437 9999
438 9999
439 9999
44 9999
440 9999
441 9999
442 9529
443 9999
444 784
445 9999
446 9999
447 9999
448 9999
449 9999
45 9999
450 9046
451 9999
452 9999
453 9999
458 5007
459 9999
46 858
460 4642
461 9999
462 9999
463 9999
464 253
465 9999
466 5920
467 9999
468 9999
469 9999
47 9999
471 9999
472 9999
475 6635
476 9999
477 29
478 9996
479 5032
480 9999
481 9999
482 9999
483 17
484 9999
485 36
486 9999
487 317
488 9999
489 9999
490 9999
493 8730
494 9999
495 9921
496 9999
497 9433
498 9999
500 9999
501 9993
502 9999
503 9999
504 9999
505 9999
506 9999
507 9999
508 9892
509 9999
510 9999
511 9999
514 9999
515 9999
516 9999
517 9999
519 1
520 9999
521 39
522 9999
523 14
524 9999
526 9999
527 9999
529 0
53 9999
530 9999
531 9999
532 9999
533 9999
534 9999
535 9999
536 9999
537 9748
538 9999
54 9999
540 9999
541 9999
542 9999
543 9999
544 6255
545 9999
549 166
55 6309
550 9999
553 457
554 9999
555 9555
556 9999
557 9999
558 9999
56 9999
561 6052
562 9999
563 5712
564 9999
565 9898
566 9999
567 9999
568 9999
57 9999
573 13
574 9999
575 9999
576 9999
577 9
578 9995
579 778
58 9999
580 9999
581 191
582 9999
583 9517
584 9999
585 53
586 9999
587 9971
588 9999
589 161
59 48
590 9999
593 9986
594 9999
595 6791
596 9999
597 9999
598 9999
6 65
60 9999
600 9999
601 9999
603 0
604 9999
605 15
606 9999
61 0
62 9999
64 328
65 9999
66 9999
67 9999
68 9999
69 9999
7 9999
71 9999
72 952
73 9999
74 9999
75 9946
76 9999
79 37
80 9999
81 9999
82 9999
83 9999
84 9999
85 5942
86 9999
89 6187
90 9999
91 9999
92 9999
93 9999
94 9999
95 7
96 9993
97 9986
98 9999
99 9999
