10 9999
103 5
104 9999
110 9970
111 9996
112 0
113 9997
117 7
118 9999
124 9674
125 9999
131 114
132 9999
137 92
138 9999
14 0
148 9996
149 9999
15 9999
150 0
151 9999
153 9999
154 9996
159 9999
160 9999
167 843
168 9999
169 9576
170 9999
18 6491
181 0
182 9999
185 9969
186 9999
188 9999
189 9967
19 9999
196 1172
197 9999
200 0
201 9999
202 58
203 9999
206 972
207 58
209 9937
210 9997
211 0
212 9999
213 0
214 9999
223 607
224 9999
227 9952
228 9681
229 0
230 9576
235 9999
236 9979
247 6
248 9999
25 5
250 0
251 9972
252 6
253 9999
26 9999
264 0
265 9435
273 0
274 9999
279 47
28 7
280 9999
284 9
285 9999
289 0
29 9999
290 0
293 0
294 9999
295 0
296 9974
301 9601
302 9969
310 9999
311 9912
313 6
314 9999
315 0
316 9999
320 9
321 9999
322 84
323 9999
329 5
330 9999
331 0
332 9435
333 0
334 9996
336 3
337 9999
338 88
339 9999
344 0
345 9999
349 0
350 9999
360 9
361 9999
367 9440
368 9999
375 43
376 9999
377 6
378 9999
382 9999
383 9999
389 0
390 9999
391 1335
392 9999
397 58
398 9999
40 0
406 0
407 9999
408 3
409 9999
41 9997
411 9995
412 9999
416 790
417 9999
418 9997
419 9999
421 9977
422 9999
423 9995
424 9999
43 0
430 9999
431 9999
44 9995
442 1308
443 9999
446 0
447 9999
450 0
451 9434
456 0
457 9999
460 73
461 9999
463 6951
464 9999
468 58
469 9997
470 3
471 9999
477 0
478 9999
48 9999
49 7
492 92
493 9999
5 9997
50 0
505 9997
506 9999
51 9967
512 0
513 9999
516 0
517 9999
519 0
520 9999
521 4
522 9999
523 5
524 9999
530 0
531 0
538 0
539 9999
54 0
55 9999
558 48
559 9999
560 972
561 9999
562 0
563 9999
567 0
568 9999
570 9262
571 9999
572 846
573 9999
574 9625
575 9999
576 40
577 9999
583 0
584 9440
587 9440
588 9937
59 9997
592 7
593 9999
6 9999
60 9999
619 9940
620 9999
627 0
628 9643
633 0
634 9999
665 9998
666 9999
672 6400
673 9944
675 0
676 9997
684 0
685 9997
693 6
694 9999
697 114
698 9999
701 4
702 9999
703 5
704 9999
706 9966
707 9998
708 8817
709 9999
71 9971
715 68
716 9999
72 9993
720 1112
721 9999
722 4
723 9999
728 7
729 9997
730 9903
731 9999
732 48
733 9999
736 1204
737 9999
744 6
745 9999
746 0
747 9999
750 43
751 9996
77 2
78 9999
79 95
80 9999
82 9674
83 9999
84 9999
85 9999
86 0
87 9622
88 711
89 9999
9 9995
92 0
93 9999
94 0
95 9999
96 0
97 9999
10 9999
103 5
104 9999
110 9970
111 9996
112 0
113 9997
117 7
118 9999
124 9674
125 9999
131 114
132 9999
137 92
138 9999
14 0
148 9996
149 9999
15 9999
150 0
151 9999
153 9999
154 9996
159 9999
160 9999
167 843
168 9999
169 9576
170 9999
18 6491
181 0
182 9999
185 9969
186 9999
188 9999
189 9967
19 9999
196 1172
197 9999
200 0
201 9999
202 58
203 9999
206 972
207 58
209 9937
210 9997
211 0
212 9999
213 0
214 9999
223 607
224 9999
227 9952
228 9681
229 0
230 9576
235 9999
236 9979
247 6
248 9999
25 5
250 0
251 9972
252 6
253 9999
26 9999
264 0
265 9435
273 0
274 9999
279 47
28 7
280 9999
284 9
285 9999
289 0
29 9999
290 0
293 0
294 9999
295 0
296 9974
301 9601
302 9969
310 9999
311 9912
313 6
314 9999
315 0
316 9999
320 9
321 9999
322 84
323 9999
329 5
330 9999
331 0
332 9435
333 0
334 9996
336 3
337 9999
338 88
339 9999
344 0
345 9999
349 0
350 9999
360 9
361 9999
367 9440
368 9999
375 43
376 9999
377 6
378 9999
382 9999
383 9999
389 0
390 9999
391 1335
392 9999
397 58
398 9999
40 0
406 0
407 9999
408 3
409 9999
41 9997
411 9995
412 9999
416 790
417 9999
418 9997
419 9999
421 9977
422 9999
423 9995
424 9999
43 0
430 9999
431 9999
44 9995
442 1308
443 9999
446 0
447 9999
450 0
451 9434
456 0
457 9999
460 73
461 9999
463 6951
464 9999
468 58
469 9997
470 3
471 9999
477 0
478 9999
48 9999
49 7
492 92
493 9999
5 9997
50 0
505 9997
506 9999
51 9967
512 0
513 9999
516 0
517 9999
519 0
520 9999
521 4
522 9999
523 5
524 9999
530 0
531 0
538 0
539 9999
54 0
55 9999
558 48
559 9999
560 972
561 9999
562 0
563 9999
567 0
568 9999
570 9262
571 9999
572 846
573 9999
574 9625
575 9999
576 40
577 9999
583 0
584 9440
587 9440
588 9937
59 9997
592 7
593 9999
6 9999
60 9999
619 9940
620 9999
627 0
628 9643
633 0
634 9999
665 9998
666 9999
672 6400
673 9944
675 0
676 9997
684 0
685 9997
693 6
694 9999
697 114
698 9999
701 4
702 9999
703 5
704 9999
706 9966
707 9998
708 8817
709 9999
71 9971
715 68
716 9999
72 9993
720 1112
721 9999
722 4
723 9999
728 7
729 9997
730 9903
731 9999
732 48
733 9999
736 1204
737 9999
744 6
745 9999
746 0
747 9999
750 43
751 9996
77 2
78 9999
79 95
80 9999
82 9674
83 9999
84 9999
85 9999
86 0
87 9622
88 711
89 9999
9 9995
92 0
93 9999
94 0
95 9999
96 0
97 9999
0 0
1 0
10 0
100 0
101 0
102 0
103 0
104 0
105 0
106 0
107 0
108 0
109 0
11 0
110 0
111 0
112 0
113 0
114 0
115 0
116 0
117 0
118 0
119 0
12 0
120 0
121 0
122 0
123 0
124 0
125 0
126 0
127 0
128 0
129 0
13 0
130 0
131 0
132 0
133 0
134 0
135 0
136 0
137 0
138 0
139 0
14 0
140 0
141 0
142 0
143 0
144 0
145 0
146 0
147 0
148 0
149 0
15 0
150 0
151 0
152 0
153 0
154 0
155 0
156 0
157 0
158 0
159 0
16 0
160 0
161 0
162 0
163 0
164 0
165 0
166 0
167 0
168 0
169 0
17 0
170 0
171 0
172 0
173 0
174 0
175 0
176 0
177 0
178 0
179 0
18 0
180 0
181 0
182 0
183 0
184 0
185 0
186 0
187 0
188 0
189 0
19 0
190 0
191 0
192 0
193 0
194 0
195 0
196 0
197 0
198 0
199 0
2 0
20 0
200 0
201 0
202 0
203 0
204 0
205 0
206 0
207 0
208 0
209 0
21 0
210 0
211 0
212 0
213 0
214 0
215 0
216 0
217 0
218 0
219 0
22 0
220 0
221 0
222 0
223 0
224 0
225 0
226 0
227 0
228 0
229 0
23 0
230 0
231 0
232 0
233 0
234 0
235 0
236 0
237 0
238 0
239 0
24 0
240 0
241 0
242 0
243 0
244 0
245 0
246 0
247 0
248 0
249 0
25 0
250 0
251 0
252 0
253 0
254 0
255 0
256 0
257 0
258 0
259 0
26 0
260 0
261 0
262 0
263 0
264 0
265 0
266 0
267 0
268 0
269 0
27 0
270 0
271 0
272 0
273 0
274 0
275 0
276 0
277 0
278 0
279 0
28 0
280 0
281 0
282 0
283 0
284 0
285 0
286 0
287 0
288 0
289 0
29 0
290 0
291 0
292 0
293 0
294 0
295 0
296 0
297 0
298 0
299 0
3 0
30 0
300 0
301 0
302 0
303 0
304 0
305 0
306 0
307 0
308 0
309 0
31 0
310 0
311 0
312 0
313 0
314 0
315 0
316 0
317 0
318 0
319 0
32 0
320 0
321 0
322 0
323 0
324 0
325 0
326 0
327 0
328 0
329 0
33 0
330 0
331 0
332 0
333 0
334 0
335 0
336 0
337 0
338 0
339 0
34 0
340 0
341 0
342 0
343 0
344 0
345 0
346 0
347 0
348 0
349 0
35 0
350 0
351 0
352 0
353 0
354 0
355 0
356 0
357 0
358 0
359 0
36 0
360 0
361 0
362 0
363 0
364 0
365 0
366 0
367 0
368 0
369 0
37 0
370 0
371 0
372 0
373 0
374 0
375 0
376 0
377 0
378 0
379 0
38 0
380 0
381 0
382 0
383 0
384 0
385 0
386 0
387 0
388 0
389 0
39 0
390 0
391 0
392 0
393 0
394 0
395 0
396 0
397 0
398 0
399 0
4 0
40 0
400 0
401 0
402 0
403 0
404 0
405 0
406 0
407 0
408 0
409 0
41 0
410 0
411 0
412 0
413 0
414 0
415 0
416 0
417 0
418 0
419 0
42 0
420 0
421 0
422 0
423 0
424 0
425 0
426 0
427 0
428 0
429 0
43 0
430 0
431 0
432 0
433 0
434 0
435 0
436 0
437 0
438 0
439 0
44 0
440 0
441 0
442 0
443 0
444 0
445 0
446 0
447 0
448 0
449 0
45 0
450 0
451 0
452 0
453 0
454 0
455 0
456 0
457 0
458 0
459 0
46 0
460 0
461 0
462 0
463 0
464 0
465 0
466 0
467 0
468 0
469 0
47 0
470 0
471 0
472 0
473 0
474 0
475 0
476 0
477 0
478 0
479 0
48 0
480 0
481 0
482 0
483 0
484 0
485 0
486 0
487 0
488 0
489 0
49 0
490 0
491 0
492 0
493 0
494 0
495 0
496 0
497 0
498 0
499 0
5 0
50 0
500 0
501 0
502 0
503 0
504 0
505 0
506 0
507 0
508 0
509 0
51 0
510 0
511 0
512 0
513 0
514 0
515 0
516 0
517 0
518 0
519 0
52 0
520 0
521 0
522 0
523 0
524 0
525 0
526 0
527 0
528 0
529 0
53 0
530 0
531 0
532 0
533 0
534 0
535 0
536 0
537 0
538 0
539 0
54 0
540 0
541 0
542 0
543 0
544 0
545 0
546 0
547 0
548 0
549 0
55 0
550 0
551 0
552 0
553 0
554 0
555 0
556 0
557 0
558 0
559 0
56 0
560 0
561 0
562 0
563 0
564 0
565 0
566 0
567 0
568 0
569 0
57 0
570 0
571 0
572 0
573 0
574 0
575 0
576 0
577 0
578 0
579 0
58 0
580 0
581 0
582 0
583 0
584 0
585 0
586 0
587 0
588 0
589 0
59 0
590 0
591 0
592 0
593 0
594 0
595 0
596 0
597 0
598 0
599 0
6 0
60 0
600 0
601 0
602 0
603 0
604 0
605 0
606 0
607 0
608 0
609 0
61 0
610 0
611 0
612 0
613 0
614 0
615 0
616 0
617 0
618 0
619 0
62 0
620 0
621 0
622 0
623 0
624 0
625 0
626 0
627 0
628 0
629 0
63 0
630 0
631 0
632 0
633 0
634 0
635 0
636 0
637 0
638 0
639 0
64 0
640 0
641 0
642 0
643 0
644 0
645 0
646 0
647 0
648 0
649 0
65 0
650 0
651 0
652 0
653 0
654 0
655 0
656 0
657 0
658 0
659 0
66 0
660 0
661 0
662 0
663 0
664 0
665 0
666 0
667 0
668 0
669 0
67 0
670 0
671 0
672 0
673 0
674 0
675 0
676 0
677 0
678 0
679 0
68 0
69 0
7 0
70 0
71 0
72 0
73 0
74 0
75 0
76 0
77 0
78 0
79 0
8 0
80 0
81 0
82 0
83 0
84 0
85 0
86 0
87 0
88 0
89 0
9 0
90 0
91 0
92 0
93 0
94 0
95 0
96 0
97 0
98 0
99 0
0 0
1 0
10 0
100 0
101 0
102 0
103 0
104 0
105 0
106 0
107 0
108 0
109 0
11 0
110 0
111 0
112 0
113 0
114 0
115 0
116 0
117 0
118 0
119 0
12 0
120 0
121 0
122 0
123 0
124 0
125 0
126 0
127 0
128 0
129 0
13 0
130 0
131 0
132 0
133 0
134 0
135 0
136 0
137 0
138 0
139 0
14 0
140 0
141 0
142 0
143 0
144 0
145 0
146 0
147 0
148 0
149 0
15 0
150 0
151 0
152 0
153 0
154 0
155 0
156 0
157 0
158 0
159 0
16 0
160 0
161 0
162 0
163 0
164 0
165 0
166 0
167 0
168 0
169 0
17 0
170 0
171 0
172 0
173 0
174 0
175 0
176 0
177 0
178 0
179 0
18 0
180 0
181 0
182 0
183 0
184 0
185 0
186 0
187 0
188 0
189 0
19 0
190 0
191 0
192 0
193 0
194 0
195 0
196 0
197 0
198 0
199 0
2 0
20 0
200 0
201 0
202 0
203 0
204 0
205 0
206 0
207 0
208 0
209 0
21 0
210 0
211 0
212 0
213 0
214 0
215 0
216 0
217 0
218 0
219 0
22 0
220 0
221 0
222 0
223 0
224 0
225 0
226 0
227 0
228 0
229 0
23 0
230 0
231 0
232 0
233 0
234 0
235 0
236 0
237 0
238 0
239 0
24 0
240 0
241 0
242 0
243 0
244 0
245 0
246 0
247 0
248 0
249 0
25 0
250 0
251 0
252 0
253 0
254 0
255 0
256 0
257 0
258 0
259 0
26 0
260 0
261 0
262 0
263 0
264 0
265 0
266 0
267 0
268 0
269 0
27 0
270 0
271 0
272 0
273 0
274 0
275 0
276 0
277 0
278 0
279 0
28 0
280 0
281 0
282 0
283 0
284 0
285 0
286 0
287 0
288 0
289 0
29 0
290 0
291 0
292 0
293 0
294 0
295 0
296 0
297 0
298 0
299 0
3 0
30 0
300 0
301 0
302 0
303 0
304 0
305 0
306 0
307 0
308 0
309 0
31 0
310 0
311 0
312 0
313 0
314 0
315 0
316 0
317 0
318 0
319 0
32 0
320 0
321 0
322 0
323 0
324 0
325 0
326 0
327 0
328 0
329 0
33 0
330 0
331 0
332 0
333 0
334 0
335 0
336 0
337 0
338 0
339 0
34 0
340 0
341 0
342 0
343 0
344 0
345 0
346 0
347 0
348 0
349 0
35 0
350 0
351 0
352 0
353 0
354 0
355 0
356 0
357 0
358 0
359 0
36 0
360 0
361 0
362 0
363 0
364 0
365 0
366 0
367 0
368 0
369 0
37 0
370 0
371 0
372 0
373 0
374 0
375 0
376 0
377 0
378 0
379 0
38 0
380 0
381 0
382 0
383 0
384 0
385 0
386 0
387 0
388 0
389 0
39 0
390 0
391 0
392 0
393 0
394 0
395 0
396 0
397 0
398 0
399 0
4 0
40 0
400 0
401 0
402 0
403 0
404 0
405 0
406 0
407 0
408 0
409 0
41 0
410 0
411 0
412 0
413 0
414 0
415 0
416 0
417 0
418 0
419 0
42 0
420 0
421 0
422 0
423 0
424 0
425 0
426 0
427 0
428 0
429 0
43 0
430 0
431 0
432 0
433 0
434 0
435 0
436 0
437 0
438 0
439 0
44 0
440 0
441 0
442 0
443 0
444 0
445 0
446 0
447 0
448 0
449 0
45 0
450 0
451 0
452 0
453 0
454 0
455 0
456 0
457 0
458 0
459 0
46 0
460 0
461 0
462 0
463 0
464 0
465 0
466 0
467 0
468 0
469 0
47 0
470 0
471 0
472 0
473 0
474 0
475 0
476 0
477 0
478 0
479 0
48 0
480 0
481 0
482 0
483 0
484 0
485 0
486 0
487 0
488 0
489 0
49 0
490 0
491 0
492 0
493 0
494 0
495 0
496 0
497 0
498 0
499 0
5 0
50 0
500 0
501 0
502 0
503 0
504 0
505 0
506 0
507 0
508 0
509 0
51 0
510 0
511 0
512 0
513 0
514 0
515 0
516 0
517 0
518 0
519 0
52 0
520 0
521 0
522 0
523 0
524 0
525 0
526 0
527 0
528 0
529 0
53 0
530 0
531 0
532 0
533 0
534 0
535 0
536 0
537 0
538 0
539 0
54 0
540 0
541 0
542 0
543 0
544 0
545 0
546 0
547 0
548 0
549 0
55 0
550 0
551 0
552 0
553 0
554 0
555 0
556 0
557 0
558 0
559 0
56 0
560 0
561 0
562 0
563 0
564 0
565 0
566 0
567 0
568 0
569 0
57 0
570 0
571 0
572 0
573 0
574 0
575 0
576 0
577 0
578 0
579 0
58 0
580 0
581 0
582 0
583 0
584 0
585 0
586 0
587 0
588 0
589 0
59 0
590 0
591 0
592 0
593 0
594 0
595 0
596 0
597 0
598 0
599 0
6 0
60 0
600 0
601 0
602 0
603 0
604 0
605 0
606 0
607 0
608 0
609 0
61 0
610 0
611 0
612 0
613 0
614 0
615 0
616 0
617 0
618 0
619 0
62 0
620 0
621 0
622 0
623 0
624 0
625 0
626 0
627 0
628 0
629 0
63 0
630 0
631 0
632 0
633 0
634 0
635 0
636 0
637 0
638 0
639 0
64 0
640 0
641 0
642 0
643 0
644 0
645 0
646 0
647 0
648 0
649 0
65 0
650 0
651 0
652 0
653 0
654 0
655 0
656 0
657 0
658 0
659 0
66 0
660 0
661 0
662 0
663 0
664 0
665 0
666 0
667 0
668 0
669 0
67 0
670 0
671 0
672 0
673 0
674 0
675 0
676 0
677 0
678 0
679 0
68 0
69 0
7 0
70 0
71 0
72 0
73 0
74 0
75 0
76 0
77 0
78 0
79 0
8 0
80 0
81 0
82 0
83 0
84 0
85 0
86 0
87 0
88 0
89 0
9 0
90 0
91 0
92 0
93 0
94 0
95 0
96 0
97 0
98 0
99 0
0 0
1 0
10 0
100 0
101 0
102 0
103 0
104 0
105 0
106 0
107 0
108 0
109 0
11 0
110 0
111 0
112 0
113 0
114 0
115 0
116 0
117 0
118 0
119 0
12 0
120 0
121 0
122 0
123 0
124 0
125 0
126 0
127 0
128 0
129 0
13 0
130 0
131 0
132 0
133 0
134 0
135 0
136 0
137 0
138 0
139 0
14 0
140 0
141 0
142 0
143 0
144 0
145 0
146 0
147 0
148 0
149 0
15 0
150 0
151 0
152 0
153 0
154 0
155 0
156 0
157 0
158 0
159 0
16 0
160 0
161 0
162 0
163 0
164 0
165 0
166 0
167 0
168 0
169 0
17 0
170 0
171 0
172 0
173 0
174 0
175 0
176 0
177 0
178 0
179 0
18 0
180 0
181 0
182 0
183 0
184 0
185 0
186 0
187 0
188 0
189 0
19 0
190 0
191 0
192 0
193 0
194 0
195 0
196 0
197 0
198 0
199 0
2 0
20 0
200 0
201 0
202 0
203 0
204 0
205 0
206 0
207 0
208 0
209 0
21 0
210 0
211 0
212 0
213 0
214 0
215 0
216 0
217 0
218 0
219 0
22 0
220 0
221 0
222 0
223 0
224 0
225 0
226 0
227 0
228 0
229 0
23 0
230 0
231 0
232 0
233 0
234 0
235 0
236 0
237 0
238 0
239 0
24 0
240 0
241 0
242 0
243 0
244 0
245 0
246 0
247 0
248 0
249 0
25 0
250 0
251 0
252 0
253 0
254 0
255 0
256 0
257 0
258 0
259 0
26 0
260 0
261 0
262 0
263 0
264 0
265 0
266 0
267 0
268 0
269 0
27 0
270 0
271 0
272 0
273 0
274 0
275 0
276 0
277 0
278 0
279 0
28 0
280 0
281 0
282 0
283 0
284 0
285 0
286 0
287 0
288 0
289 0
29 0
290 0
291 0
292 0
293 0
294 0
295 0
296 0
297 0
298 0
299 0
3 0
30 0
300 0
301 0
302 0
303 0
304 0
305 0
306 0
307 0
308 0
309 0
31 0
310 0
311 0
312 0
313 0
314 0
315 0
316 0
317 0
318 0
319 0
32 0
320 0
321 0
322 0
323 0
324 0
325 0
326 0
327 0
328 0
329 0
33 0
330 0
331 0
332 0
333 0
334 0
335 0
336 0
337 0
338 0
339 0
34 0
340 0
341 0
342 0
343 0
344 0
345 0
346 0
347 0
348 0
349 0
35 0
350 0
351 0
352 0
353 0
354 0
355 0
356 0
357 0
358 0
359 0
36 0
360 0
361 0
362 0
363 0
364 0
365 0
366 0
367 0
368 0
369 0
37 0
370 0
371 0
372 0
373 0
374 0
375 0
376 0
377 0
378 0
379 0
38 0
380 0
381 0
382 0
383 0
384 0
385 0
386 0
387 0
388 0
389 0
39 0
390 0
391 0
392 0
393 0
394 0
395 0
396 0
397 0
398 0
399 0
4 0
40 0
400 0
401 0
402 0
403 0
404 0
405 0
406 0
407 0
408 0
409 0
41 0
410 0
411 0
412 0
413 0
414 0
415 0
416 0
417 0
418 0
419 0
42 0
420 0
421 0
422 0
423 0
424 0
425 0
426 0
427 0
428 0
429 0
43 0
430 0
431 0
432 0
433 0
434 0
435 0
436 0
437 0
438 0
439 0
44 0
440 0
441 0
442 0
443 0
444 0
445 0
446 0
447 0
448 0
449 0
45 0
450 0
451 0
452 0
453 0
454 0
455 0
456 0
457 0
458 0
459 0
46 0
460 0
461 0
462 0
463 0
464 0
465 0
466 0
467 0
468 0
469 0
47 0
470 0
471 0
472 0
473 0
474 0
475 0
476 0
477 0
478 0
479 0
48 0
480 0
481 0
482 0
483 0
484 0
485 0
486 0
487 0
488 0
489 0
49 0
490 0
491 0
492 0
493 0
494 0
495 0
496 0
497 0
498 0
499 0
5 0
50 0
500 0
501 0
502 0
503 0
504 0
505 0
506 0
507 0
508 0
509 0
51 0
510 0
511 0
512 0
513 0
514 0
515 0
516 0
517 0
518 0
519 0
52 0
520 0
521 0
522 0
523 0
524 0
525 0
526 0
527 0
528 0
529 0
53 0
530 0
531 0
532 0
533 0
534 0
535 0
536 0
537 0
538 0
539 0
54 0
540 0
541 0
542 0
543 0
544 0
545 0
546 0
547 0
548 0
549 0
55 0
550 0
551 0
552 0
553 0
554 0
555 0
556 0
557 0
558 0
559 0
56 0
560 0
561 0
562 0
563 0
564 0
565 0
566 0
567 0
568 0
569 0
57 0
570 0
571 0
572 0
573 0
574 0
575 0
576 0
577 0
578 0
579 0
58 0
580 0
581 0
582 0
583 0
584 0
585 0
586 0
587 0
588 0
589 0
59 0
590 0
591 0
592 0
593 0
594 0
595 0
596 0
597 0
598 0
599 0
6 0
60 0
600 0
601 0
602 0
603 0
604 0
605 0
606 0
607 0
608 0
609 0
61 0
610 0
611 0
612 0
613 0
614 0
615 0
616 0
617 0
618 0
619 0
62 0
620 0
621 0
622 0
623 0
624 0
625 0
626 0
627 0
628 0
629 0
63 0
630 0
631 0
632 0
633 0
634 0
635 0
636 0
637 0
638 0
639 0
64 0
640 0
641 0
642 0
643 0
644 0
645 0
646 0
647 0
648 0
649 0
65 0
650 0
651 0
652 0
653 0
654 0
655 0
656 0
657 0
658 0
659 0
66 0
660 0
661 0
662 0
663 0
664 0
665 0
666 0
667 0
668 0
669 0
67 0
670 0
671 0
672 0
673 0
674 0
675 0
676 0
677 0
678 0
679 0
68 0
69 0
7 0
70 0
71 0
72 0
73 0
74 0
75 0
76 0
77 0
78 0
79 0
8 0
80 0
81 0
82 0
83 0
84 0
85 0
86 0
87 0
88 0
89 0
9 0
90 0
91 0
92 0
93 0
94 0
95 0
96 0
97 0
98 0
99 0
0 0
1 0
10 0
100 0
101 0
102 0
103 0
104 0
105 0
106 0
107 0
108 0
109 0
11 0
110 0
111 0
112 0
113 0
114 0
115 0
116 0
117 0
118 0
119 0
12 0
120 0
121 0
122 0
123 0
124 0
125 0
126 0
127 0
128 0
129 0
13 0
130 0
131 0
132 0
133 0
134 0
135 0
136 0
137 0
138 0
139 0
14 0
140 0
141 0
142 0
143 0
144 0
145 0
146 0
147 0
148 0
149 0
15 0
150 0
151 0
152 0
153 0
154 0
155 0
156 0
157 0
158 0
159 0
16 0
160 0
161 0
162 0
163 0
164 0
165 0
166 0
167 0
168 0
169 0
17 0
170 0
171 0
172 0
173 0
174 0
175 0
176 0
177 0
178 0
179 0
18 0
180 0
181 0
182 0
183 0
184 0
185 0
186 0
187 0
188 0
189 0
19 0
190 0
191 0
192 0
193 0
194 0
195 0
196 0
197 0
198 0
199 0
2 0
20 0
200 0
201 0
202 0
203 0
204 0
205 0
206 0
207 0
208 0
209 0
21 0
210 0
211 0
212 0
213 0
214 0
215 0
216 0
217 0
218 0
219 0
22 0
220 0
221 0
222 0
223 0
224 0
225 0
226 0
227 0
228 0
229 0
23 0
230 0
231 0
232 0
233 0
234 0
235 0
236 0
237 0
238 0
239 0
24 0
240 0
241 0
242 0
243 0
244 0
245 0
246 0
247 0
248 0
249 0
25 0
250 0
251 0
252 0
253 0
254 0
255 0
256 0
257 0
258 0
259 0
26 0
260 0
261 0
262 0
263 0
264 0
265 0
266 0
267 0
268 0
269 0
27 0
270 0
271 0
272 0
273 0
274 0
275 0
276 0
277 0
278 0
279 0
28 0
280 0
281 0
282 0
283 0
284 0
285 0
286 0
287 0
288 0
289 0
29 0
290 0
291 0
292 0
293 0
294 0
295 0
296 0
297 0
298 0
299 0
3 0
30 0
300 0
301 0
302 0
303 0
304 0
305 0
306 0
307 0
308 0
309 0
31 0
310 0
311 0
312 0
313 0
314 0
315 0
316 0
317 0
318 0
319 0
32 0
320 0
321 0
322 0
323 0
324 0
325 0
326 0
327 0
328 0
329 0
33 0
330 0
331 0
332 0
333 0
334 0
335 0
336 0
337 0
338 0
339 0
34 0
340 0
341 0
342 0
343 0
344 0
345 0
346 0
347 0
348 0
349 0
35 0
350 0
351 0
352 0
353 0
354 0
355 0
356 0
357 0
358 0
359 0
36 0
360 0
361 0
362 0
363 0
364 0
365 0
366 0
367 0
368 0
369 0
37 0
370 0
371 0
372 0
373 0
374 0
375 0
376 0
377 0
378 0
379 0
38 0
380 0
381 0
382 0
383 0
384 0
385 0
386 0
387 0
388 0
389 0
39 0
390 0
391 0
392 0
393 0
394 0
395 0
396 0
397 0
398 0
399 0
4 0
40 0
400 0
401 0
402 0
403 0
404 0
405 0
406 0
407 0
408 0
409 0
41 0
410 0
411 0
412 0
413 0
414 0
415 0
416 0
417 0
418 0
419 0
42 0
420 0
421 0
422 0
423 0
424 0
425 0
426 0
427 0
428 0
429 0
43 0
430 0
431 0
432 0
433 0
434 0
435 0
436 0
437 0
438 0
439 0
44 0
440 0
441 0
442 0
443 0
444 0
445 0
446 0
447 0
448 0
449 0
45 0
450 0
451 0
452 0
453 0
454 0
455 0
456 0
457 0
458 0
459 0
46 0
460 0
461 0
462 0
463 0
464 0
465 0
466 0
467 0
468 0
469 0
47 0
470 0
471 0
472 0
473 0
474 0
475 0
476 0
477 0
478 0
479 0
48 0
480 0
481 0
482 0
483 0
484 0
485 0
486 0
487 0
488 0
489 0
49 0
490 0
491 0
492 0
493 0
494 0
495 0
496 0
497 0
498 0
499 0
5 0
50 0
500 0
501 0
502 0
503 0
504 0
505 0
506 0
507 0
508 0
509 0
51 0
510 0
511 0
512 0
513 0
514 0
515 0
516 0
517 0
518 0
519 0
52 0
520 0
521 0
522 0
523 0
524 0
525 0
526 0
527 0
528 0
529 0
53 0
530 0
531 0
532 0
533 0
534 0
535 0
536 0
537 0
538 0
539 0
54 0
540 0
541 0
542 0
543 0
544 0
545 0
546 0
547 0
548 0
549 0
55 0
550 0
551 0
552 0
553 0
554 0
555 0
556 0
557 0
558 0
559 0
56 0
560 0
561 0
562 0
563 0
564 0
565 0
566 0
567 0
568 0
569 0
57 0
570 0
571 0
572 0
573 0
574 0
575 0
576 0
577 0
578 0
579 0
58 0
580 0
581 0
582 0
583 0
584 0
585 0
586 0
587 0
588 0
589 0
59 0
590 0
591 0
592 0
593 0
594 0
595 0
596 0
597 0
598 0
599 0
6 0
60 0
600 0
601 0
602 0
603 0
604 0
605 0
606 0
607 0
608 0
609 0
61 0
610 0
611 0
612 0
613 0
614 0
615 0
616 0
617 0
618 0
619 0
62 0
620 0
621 0
622 0
623 0
624 0
625 0
626 0
627 0
628 0
629 0
63 0
630 0
631 0
632 0
633 0
634 0
635 0
636 0
637 0
638 0
639 0
64 0
640 0
641 0
642 0
643 0
644 0
645 0
646 0
647 0
648 0
649 0
65 0
650 0
651 0
652 0
653 0
654 0
655 0
656 0
657 0
658 0
659 0
66 0
660 0
661 0
662 0
663 0
664 0
665 0
666 0
667 0
668 0
669 0
67 0
670 0
671 0
672 0
673 0
674 0
675 0
676 0
677 0
678 0
679 0
68 0
680 0
681 0
682 0
683 0
684 0
685 0
686 0
687 0
688 0
689 0
69 0
690 0
691 0
692 0
693 0
694 0
695 0
696 0
697 0
698 0
699 0
7 0
70 0
700 0
701 0
702 0
703 0
704 0
705 0
706 0
707 0
708 0
709 0
71 0
710 0
711 0
72 0
73 0
74 0
75 0
76 0
77 0
78 0
79 0
8 0
80 0
81 0
82 0
83 0
84 0
85 0
86 0
87 0
88 0
89 0
9 0
90 0
91 0
92 0
93 0
94 0
95 0
96 0
97 0
98 0
99 0
0 0
1 0
10 0
100 0
101 0
102 0
103 0
104 0
105 0
106 0
107 0
108 0
109 0
11 0
110 0
111 0
112 0
113 0
114 0
115 0
116 0
117 0
118 0
119 0
12 0
120 0
121 0
122 0
123 0
124 0
125 0
126 0
127 0
128 0
129 0
13 0
130 0
131 0
132 0
133 0
134 0
135 0
136 0
137 0
138 0
139 0
14 0
140 0
141 0
142 0
143 0
144 0
145 0
146 0
147 0
148 0
149 0
15 0
150 0
151 0
152 0
153 0
154 0
155 0
156 0
157 0
158 0
159 0
16 0
160 0
161 0
162 0
163 0
164 0
165 0
166 0
167 0
168 0
169 0
17 0
170 0
171 0
172 0
173 0
174 0
175 0
176 0
177 0
178 0
179 0
18 0
180 0
181 0
182 0
183 0
184 0
185 0
186 0
187 0
188 0
189 0
19 0
190 0
191 0
192 0
193 0
194 0
195 0
196 0
197 0
198 0
199 0
2 0
20 0
200 0
201 0
202 0
203 0
204 0
205 0
206 0
207 0
208 0
209 0
21 0
210 0
211 0
212 0
213 0
214 0
215 0
216 0
217 0
218 0
219 0
22 0
220 0
221 0
222 0
223 0
224 0
225 0
226 0
227 0
228 0
229 0
23 0
230 0
231 0
232 0
233 0
234 0
235 0
236 0
237 0
238 0
239 0
24 0
240 0
241 0
242 0
243 0
244 0
245 0
246 0
247 0
248 0
249 0
25 0
250 0
251 0
252 0
253 0
254 0
255 0
256 0
257 0
258 0
259 0
26 0
260 0
261 0
262 0
263 0
264 0
265 0
266 0
267 0
268 0
269 0
27 0
270 0
271 0
272 0
273 0
274 0
275 0
276 0
277 0
278 0
279 0
28 0
280 0
281 0
282 0
283 0
284 0
285 0
286 0
287 0
288 0
289 0
29 0
290 0
291 0
292 0
293 0
294 0
295 0
296 0
297 0
298 0
299 0
3 0
30 0
300 0
301 0
302 0
303 0
304 0
305 0
306 0
307 0
308 0
309 0
31 0
310 0
311 0
312 0
313 0
314 0
315 0
316 0
317 0
318 0
319 0
32 0
320 0
321 0
322 0
323 0
324 0
325 0
326 0
327 0
328 0
329 0
33 0
330 0
331 0
332 0
333 0
334 0
335 0
336 0
337 0
338 0
339 0
34 0
340 0
341 0
342 0
343 0
344 0
345 0
346 0
347 0
348 0
349 0
35 0
350 0
351 0
352 0
353 0
354 0
355 0
356 0
357 0
358 0
359 0
36 0
360 0
361 0
362 0
363 0
364 0
365 0
366 0
367 0
368 0
369 0
37 0
370 0
371 0
372 0
373 0
374 0
375 0
376 0
377 0
378 0
379 0
38 0
380 0
381 0
382 0
383 0
384 0
385 0
386 0
387 0
388 0
389 0
39 0
390 0
391 0
392 0
393 0
394 0
395 0
396 0
397 0
398 0
399 0
4 0
40 0
400 0
401 0
402 0
403 0
404 0
405 0
406 0
407 0
408 0
409 0
41 0
410 0
411 0
412 0
413 0
414 0
415 0
416 0
417 0
418 0
419 0
42 0
420 0
421 0
422 0
423 0
424 0
425 0
426 0
427 0
428 0
429 0
43 0
430 0
431 0
432 0
433 0
434 0
435 0
436 0
437 0
438 0
439 0
44 0
440 0
441 0
442 0
443 0
444 0
445 0
446 0
447 0
448 0
449 0
45 0
450 0
451 0
452 0
453 0
454 0
455 0
456 0
457 0
458 0
459 0
46 0
460 0
461 0
462 0
463 0
464 0
465 0
466 0
467 0
468 0
469 0
47 0
470 0
471 0
472 0
473 0
474 0
475 0
476 0
477 0
478 0
479 0
48 0
480 0
481 0
482 0
483 0
484 0
485 0
486 0
487 0
488 0
489 0
49 0
490 0
491 0
492 0
493 0
494 0
495 0
496 0
497 0
498 0
499 0
5 0
50 0
500 0
501 0
502 0
503 0
504 0
505 0
506 0
507 0
508 0
509 0
51 0
510 0
511 0
512 0
513 0
514 0
515 0
516 0
517 0
518 0
519 0
52 0
520 0
521 0
522 0
523 0
524 0
525 0
526 0
527 0
528 0
529 0
53 0
530 0
531 0
532 0
533 0
534 0
535 0
536 0
537 0
538 0
539 0
54 0
540 0
541 0
542 0
543 0
544 0
545 0
546 0
547 0
548 0
549 0
55 0
550 0
551 0
552 0
553 0
554 0
555 0
556 0
557 0
558 0
559 0
56 0
560 0
561 0
562 0
563 0
564 0
565 0
566 0
567 0
568 0
569 0
57 0
570 0
571 0
572 0
573 0
574 0
575 0
576 0
577 0
578 0
579 0
58 0
580 0
581 0
582 0
583 0
584 0
585 0
586 0
587 0
588 0
589 0
59 0
590 0
591 0
592 0
593 0
594 0
595 0
596 0
597 0
598 0
599 0
6 0
60 0
600 0
601 0
602 0
603 0
604 0
605 0
606 0
607 0
608 0
609 0
61 0
610 0
611 0
612 0
613 0
614 0
615 0
616 0
617 0
618 0
619 0
62 0
620 0
621 0
622 0
623 0
624 0
625 0
626 0
627 0
628 0
629 0
63 0
630 0
631 0
632 0
633 0
634 0
635 0
636 0
637 0
638 0
639 0
64 0
640 0
641 0
642 0
643 0
644 0
645 0
646 0
647 0
648 0
649 0
65 0
650 0
651 0
652 0
653 0
654 0
655 0
656 0
657 0
658 0
659 0
66 0
660 0
661 0
662 0
663 0
664 0
665 0
666 0
667 0
668 0
669 0
67 0
670 0
671 0
672 0
673 0
674 0
675 0
676 0
677 0
678 0
679 0
68 0
680 0
681 0
682 0
683 0
684 0
685 0
686 0
687 0
688 0
689 0
69 0
690 0
691 0
692 0
693 0
694 0
695 0
696 0
697 0
698 0
699 0
7 0
70 0
700 0
701 0
702 0
703 0
71 0
72 0
73 0
74 0
75 0
76 0
77 0
78 0
79 0
8 0
80 0
81 0
82 0
83 0
84 0
85 0
86 0
87 0
88 0
89 0
9 0
90 0
91 0
92 0
93 0
94 0
95 0
96 0
97 0
98 0
99 0
100 0
101 0
104 0
105 0
110 0
111 0
117 0
118 0
125 0
126 0
130 0
131 0
133 0
134 0
136 0
137 0
139 0
140 0
143 0
144 0
148 0
149 0
15 0
152 0
153 0
156 0
157 0
16 0
161 0
162 0
173 0
174 0
176 0
177 0
18 0
187 0
188 0
189 0
19 0
190 0
195 0
196 0
197 0
198 0
199 0
2 0
200 0
203 0
204 0
209 0
210 0
213 0
214 0
219 0
220 0
223 0
224 0
227 0
228 0
231 0
232 0
240 0
241 0
253 0
254 0
256 0
257 0
258 0
259 0
262 0
263 0
265 0
266 0
276 0
277 0
28 0
280 0
281 0
29 0
290 0
291 0
292 0
293 0
294 0
295 0
296 0
297 0
3 0
301 0
302 0
307 0
308 0
309 0
310 0
312 0
313 0
314 0
315 0
318 0
319 0
323 0
324 0
333 0
334 0
336 0
337 0
338 0
339 0
340 0
341 0
342 0
343 0
346 0
347 0
354 0
355 0
363 0
364 0
369 0
370 0
376 0
377 0
385 0
386 0
389 0
390 0
395 0
396 0
403 0
404 0
41 0
416 0
417 0
42 0
424 0
425 0
426 0
427 0
428 0
429 0
430 0
431 0
432 0
433 0
443 0
444 0
452 0
453 0
458 0
459 0
461 0
462 0
463 0
464 0
467 0
468 0
469 0
470 0
472 0
473 0
475 0
476 0
477 0
478 0
479 0
480 0
488 0
489 0
492 0
493 0
496 0
497 0
498 0
499 0
5 0
50 0
500 0
501 0
502 0
503 0
505 0
506 0
51 0
510 0
511 0
512 0
513 0
514 0
515 0
517 0
518 0
522 0
523 0
525 0
526 0
527 0
528 0
53 0
54 0
540 0
541 0
543 0
544 0
550 0
551 0
553 0
554 0
557 0
558 0
562 0
563 0
565 0
566 0
569 0
57 0
570 0
571 0
572 0
573 0
574 0
575 0
576 0
577 0
578 0
58 0
586 0
587 0
590 0
591 0
592 0
593 0
595 0
596 0
6 0
601 0
602 0
603 0
604 0
605 0
606 0
61 0
610 0
611 0
616 0
617 0
62 0
631 0
632 0
634 0
635 0
64 0
641 0
642 0
643 0
644 0
646 0
647 0
65 0
650 0
651 0
655 0
656 0
658 0
659 0
660 0
661 0
665 0
666 0
667 0
668 0
670 0
671 0
672 0
673 0
675 0
676 0
68 0
688 0
689 0
69 0
692 0
693 0
695 0
696 0
697 0
698 0
70 0
701 0
702 0
71 0
713 0
714 0
717 0
718 0
72 0
722 0
723 0
725 0
726 0
73 0
732 0
733 0
735 0
736 0
742 0
743 0
744 0
745 0
753 0
754 0
760 0
761 0
764 0
765 0
766 0
767 0
768 0
769 0
77 0
773 0
774 0
78 0
787 0
788 0
82 0
83 0
85 0
86 0
90 0
91 0
98 0
99 0
100 39
101 476
104 447
105 474
110 269
111 471
117 7
118 472
125 470
126 10
130 469
131 464
133 414
134 450
136 469
137 464
139 469
140 469
143 468
144 72
148 1
149 467
15 487
152 0
153 450
156 467
157 0
16 487
161 420
162 64
173 38
174 465
176 439
177 0
18 432
187 455
188 462
189 449
19 487
190 462
195 13
196 462
197 50
198 462
199 0
2 495
200 461
203 1
204 460
209 462
210 462
213 225
214 422
219 276
220 456
223 0
224 460
227 462
228 24
231 8
232 462
240 316
241 462
253 217
254 462
256 301
257 13
258 415
259 462
262 0
263 462
265 461
266 455
276 20
277 460
28 487
280 4
281 458
29 486
290 200
291 459
292 155
293 459
294 108
295 459
296 185
297 459
3 495
301 458
302 458
307 447
308 458
309 8
310 458
312 458
313 458
314 157
315 458
318 1
319 458
323 0
324 17
333 0
334 456
336 455
337 451
338 177
339 456
340 6
341 454
342 454
343 454
346 428
347 454
354 437
355 454
363 385
364 454
369 0
370 454
376 1
377 454
385 357
386 453
389 450
390 452
395 0
396 454
403 136
404 452
41 374
416 201
417 12
42 483
424 116
425 451
426 3
427 451
428 6
429 451
430 30
431 451
432 9
433 451
443 449
444 449
452 0
453 46
458 441
459 448
461 448
462 448
463 2
464 448
467 447
468 446
469 1
470 447
472 447
473 447
475 286
476 393
477 437
478 447
479 45
480 447
488 439
489 446
492 446
493 20
496 55
497 446
498 446
499 446
5 346
50 0
500 391
501 446
502 397
503 446
505 445
506 445
51 96
510 164
511 445
512 18
513 445
514 214
515 445
517 441
518 445
522 0
523 445
525 445
526 445
527 9
528 444
53 482
54 481
540 444
541 423
543 444
544 444
550 385
551 443
553 443
554 443
557 421
558 442
562 128
563 442
565 442
566 442
569 442
57 2
570 111
571 20
572 442
573 23
574 442
575 41
576 442
577 6
578 442
58 476
586 441
587 375
590 436
591 440
592 380
593 440
595 67
596 440
6 489
601 161
602 440
603 2
604 440
605 57
606 440
61 112
610 418
611 439
616 439
617 77
62 479
631 413
632 438
634 437
635 437
64 479
641 437
642 437
643 1
644 435
646 229
647 437
65 479
650 436
651 436
655 0
656 389
658 64
659 437
660 84
661 437
665 0
666 437
667 433
668 437
670 12
671 437
672 1
673 435
675 437
676 2
68 468
688 28
689 436
69 477
692 431
693 435
695 435
696 101
697 1
698 435
70 478
701 433
702 435
71 478
713 257
714 435
717 435
718 435
72 0
722 0
723 435
725 435
726 16
73 477
732 425
733 435
735 72
736 110
742 0
743 426
744 432
745 435
753 435
754 37
760 435
761 15
764 73
765 435
766 127
767 434
768 0
769 434
77 17
773 431
774 433
78 476
787 5
788 432
82 473
83 477
85 477
86 477
90 477
91 115
98 8
99 477
10 3
101 39
102 999
103 29
104 999
108 987
109 999
11 999
110 999
111 999
115 999
116 15
117 925
118 999
119 18
12 138
120 999
121 1
122 999
125 999
126 999
127 10
128 999
13 999
130 4
131 999
132 20
133 999
136 0
137 999
140 105
141 999
146 0
147 999
148 999
149 999
15 941
154 943
155 999
157 997
158 999
16 999
162 999
163 999
165 14
166 999
17 999
170 0
171 992
172 1
173 999
175 999
176 999
177 27
178 999
179 0
18 999
180 999
182 999
183 991
186 426
187 999
189 999
190 999
191 0
192 999
194 999
195 13
196 17
197 999
198 192
199 999
200 172
201 999
211 999
212 998
213 998
214 999
216 535
217 999
219 999
220 999
222 999
223 999
228 2
229 999
231 11
232 999
235 999
236 999
238 1
239 999
247 958
248 999
249 999
250 999
255 103
256 999
259 999
26 0
260 999
261 926
262 999
263 20
264 999
266 526
267 995
27 28
271 6
272 999
275 994
276 998
277 11
278 999
279 947
280 999
281 3
282 999
283 0
284 999
285 999
286 999
291 466
292 999
293 2
294 999
296 999
297 467
299 992
300 581
303 991
304 999
306 988
307 999
309 999
31 999
310 171
315 942
316 999
317 0
318 999
32 999
321 995
322 999
323 1
324 999
325 912
326 999
328 14
329 999
332 847
333 999
337 6
338 999
341 993
342 999
344 955
345 999
347 999
348 999
349 981
350 999
364 999
365 1
367 999
368 999
372 11
373 999
374 0
375 999
377 903
378 999
38 2
380 18
381 999
382 941
383 999
384 0
385 999
39 999
394 998
395 999
397 927
398 999
4 114
40 521
402 0
403 999
405 18
406 999
409 961
41 999
410 999
419 999
42 23
420 999
422 999
423 999
424 0
425 999
427 989
428 711
429 999
43 999
430 999
432 999
433 999
434 905
435 999
438 999
439 999
440 999
441 999
448 999
449 999
455 999
456 999
457 0
458 999
459 999
460 999
461 998
462 999
463 11
464 999
470 9
471 999
473 0
474 999
477 0
478 0
480 999
481 999
484 912
485 999
487 2
488 999
492 8
493 999
495 8
496 999
497 76
498 999
5 999
50 999
501 140
502 999
503 176
504 999
508 997
509 997
51 992
512 999
513 999
516 999
517 999
518 0
519 999
520 999
521 999
527 3
528 999
529 0
530 999
532 999
533 999
535 999
536 999
539 12
540 999
541 0
542 999
543 3
544 999
547 990
548 999
55 882
551 999
552 999
553 0
554 998
557 999
558 999
56 867
560 999
561 999
563 10
564 999
567 999
568 991
570 0
571 999
573 243
574 999
577 999
578 15
581 999
582 999
583 198
584 999
585 999
586 999
593 995
594 997
597 24
598 999
599 0
600 999
602 167
603 999
606 23
607 999
609 932
610 999
611 998
612 999
617 1
618 999
620 17
621 999
623 999
624 3
628 999
629 999
630 989
631 999
634 140
635 999
636 27
637 999
639 915
640 999
642 999
643 999
645 999
646 999
647 918
648 999
649 611
650 999
651 999
652 999
653 999
654 999
656 998
657 999
659 986
660 999
662 999
663 989
668 942
669 921
670 930
671 999
673 1
674 999
679 999
68 999
680 999
682 140
683 999
689 999
69 1
690 999
692 999
693 999
696 1
697 999
698 991
699 999
70 999
700 1
701 999
703 987
704 999
706 990
707 999
71 999
710 988
711 999
714 999
715 999
716 999
717 999
719 991
720 999
723 999
724 999
725 174
726 999
75 0
76 999
77 20
78 999
79 276
8 999
80 999
81 30
82 999
83 1
84 999
85 999
86 999
88 999
89 999
9 922
90 120
91 999
94 932
95 999
97 9
98 999
10 3
101 39
102 999
103 29
104 999
108 987
109 999
11 999
110 999
111 999
115 999
116 15
117 925
118 999
119 18
12 138
120 999
121 1
122 999
125 999
126 999
127 10
128 999
13 999
130 4
131 999
132 20
133 999
136 0
137 999
140 105
141 999
146 0
147 999
148 999
149 999
15 941
154 943
155 999
157 997
158 999
16 999
162 999
163 999
165 14
166 999
17 999
170 0
171 992
172 1
173 999
175 999
176 999
177 27
178 999
179 0
18 999
180 999
182 999
183 991
186 426
187 999
189 999
190 999
191 0
192 999
194 999
195 13
196 17
197 999
198 192
199 999
200 172
201 999
211 999
212 998
213 998
214 999
216 535
217 999
219 999
220 999
222 999
223 999
228 2
229 999
231 11
232 999
235 999
236 999
238 1
239 999
247 958
248 999
249 999
250 999
255 103
256 999
259 999
26 0
260 999
261 926
262 999
263 20
264 999
266 526
267 995
27 28
271 6
272 999
275 994
276 998
277 11
278 999
279 947
280 999
281 3
282 999
283 0
284 999
285 999
286 999
291 466
292 999
293 2
294 999
296 999
297 467
299 992
300 581
303 991
304 999
306 988
307 999
309 999
31 999
310 171
315 942
316 999
317 0
318 999
32 999
321 995
322 999
323 1
324 999
325 912
326 999
328 14
329 999
332 847
333 999
337 6
338 999
341 993
342 999
344 955
345 999
347 999
348 999
349 981
350 999
364 999
365 1
367 999
368 999
372 11
373 999
374 0
375 999
377 903
378 999
38 2
380 18
381 999
382 941
383 999
384 0
385 999
39 999
394 998
395 999
397 927
398 999
4 114
40 521
402 0
403 999
405 18
406 999
409 961
41 999
410 999
419 999
42 23
420 999
422 999
423 999
424 0
425 999
427 989
428 711
429 999
43 999
430 999
432 999
433 999
434 905
435 999
438 999
439 999
440 999
441 999
448 999
449 999
455 999
456 999
457 0
458 999
459 999
460 999
461 998
462 999
463 11
464 999
470 9
471 999
473 0
474 999
477 0
478 0
480 999
481 999
484 912
485 999
487 2
488 999
492 8
493 999
495 8
496 999
497 76
498 999
5 999
50 999
501 140
502 999
503 176
504 999
508 997
509 997
51 992
512 999
513 999
516 999
517 999
518 0
519 999
520 999
521 999
527 3
528 999
529 0
530 999
532 999
533 999
535 999
536 999
539 12
540 999
541 0
542 999
543 3
544 999
547 990
548 999
55 882
551 999
552 999
553 0
554 998
557 999
558 999
56 867
560 999
561 999
563 10
564 999
567 999
568 991
570 0
571 999
573 243
574 999
577 999
578 15
581 999
582 999
583 198
584 999
585 999
586 999
593 995
594 997
597 24
598 999
599 0
600 999
602 167
603 999
606 23
607 999
609 932
610 999
611 998
612 999
617 1
618 999
620 17
621 999
623 999
624 3
628 999
629 999
630 989
631 999
634 140
635 999
636 27
637 999
639 915
640 999
642 999
643 999
645 999
646 999
647 918
648 999
649 611
650 999
651 999
652 999
653 999
654 999
656 998
657 999
659 986
660 999
662 999
663 989
668 942
669 921
670 930
671 999
673 1
674 999
679 999
68 999
680 999
682 140
683 999
689 999
69 1
690 999
692 999
693 999
696 1
697 999
698 991
699 999
70 999
700 1
701 999
703 987
704 999
706 990
707 999
71 999
710 988
711 999
714 999
715 999
716 999
717 999
719 991
720 999
723 999
724 999
725 174
726 999
75 0
76 999
77 20
78 999
79 276
8 999
80 999
81 30
82 999
83 1
84 999
85 999
86 999
88 999
89 999
9 922
90 120
91 999
94 932
95 999
97 9
98 999
105 930
106 982
11 947
113 567
114 13
116 982
117 982
119 982
12 994
120 982
122 982
123 982
124 933
125 982
127 982
128 982
129 977
13 994
130 982
131 2
132 982
136 8
137 982
14 993
141 972
142 981
143 13
144 981
147 981
148 981
149 981
150 980
151 0
152 979
153 902
154 979
157 979
158 979
161 979
162 970
164 978
165 978
167 978
168 978
169 964
170 978
171 606
172 978
173 4
174 978
179 978
18 0
180 547
182 0
183 978
186 0
187 978
189 977
19 988
190 975
192 977
193 977
195 977
196 977
197 102
198 977
20 0
202 605
203 977
204 1
205 977
207 2
208 977
21 992
210 0
211 977
212 35
213 977
214 977
215 977
217 841
218 977
219 1
22 0
220 976
221 976
222 976
223 923
224 976
225 3
226 976
23 991
230 1
231 976
232 31
233 976
234 976
235 976
238 0
239 975
242 965
243 974
244 10
245 974
249 964
250 974
255 974
256 974
257 173
258 974
26 991
260 22
261 974
269 973
27 991
270 973
271 958
272 972
273 889
274 972
275 957
276 972
279 0
28 1
280 972
281 1
282 972
283 0
284 972
286 971
287 970
29 991
293 24
294 970
299 796
300 970
303 481
304 970
307 969
308 106
311 18
312 969
315 0
316 586
317 797
318 968
325 967
326 642
328 967
329 967
330 6
331 967
332 26
333 967
334 964
335 967
34 2
340 25
341 967
345 967
346 967
348 967
349 966
35 991
350 861
351 967
352 967
353 967
354 967
355 967
356 127
357 967
358 876
359 967
36 986
361 966
362 967
363 4
364 967
368 566
369 967
37 991
371 935
372 967
377 967
378 966
38 978
381 967
382 967
385 967
386 967
389 966
39 990
390 966
398 0
399 966
401 966
402 966
403 433
404 6
406 965
407 965
411 917
412 965
417 0
418 950
419 519
420 965
421 1
422 965
423 7
424 964
425 964
426 964
431 50
432 964
433 918
434 964
436 963
437 964
44 3
442 964
443 138
444 3
445 964
448 1
449 964
45 989
454 964
455 964
456 26
457 964
459 964
46 8
460 963
461 6
462 963
464 166
465 963
468 735
469 963
47 988
470 837
471 963
472 122
473 963
474 1
475 962
477 844
478 962
481 962
482 962
485 962
486 962
49 987
490 21
491 962
492 492
493 962
494 962
495 962
498 962
499 2
5 103
50 987
502 961
503 961
505 961
506 961
508 866
509 961
510 19
511 961
514 171
515 961
519 4
52 25
520 961
524 0
525 961
529 961
53 987
530 961
533 960
534 960
535 397
536 960
537 3
538 960
539 960
54 0
540 960
548 0
549 0
55 987
550 4
551 960
554 805
555 960
556 960
557 960
558 12
559 960
56 28
562 0
563 960
564 193
565 960
57 986
570 960
571 960
572 35
573 960
574 960
575 960
576 853
577 960
578 0
579 959
583 22
584 960
585 952
586 960
588 2
589 960
592 959
593 959
595 0
596 958
597 15
598 959
6 995
60 96
603 945
604 959
605 2
606 959
609 958
61 986
610 959
611 0
612 959
613 959
614 959
616 957
617 959
620 27
621 959
622 925
623 959
626 956
627 49
628 249
629 958
632 1
633 957
635 958
636 958
637 296
638 958
639 124
64 986
640 958
641 958
642 958
644 945
645 958
647 958
648 542
65 5
652 957
653 647
661 4
662 949
663 872
664 957
665 31
666 957
667 867
668 957
669 571
670 957
671 866
672 957
673 140
674 957
675 1
676 957
678 957
679 949
680 31
681 957
682 0
683 957
685 957
686 957
69 13
690 948
691 957
694 10
695 957
696 454
697 957
698 690
699 957
7 991
70 986
701 896
702 957
703 957
704 957
707 957
708 957
709 0
710 957
72 765
73 986
75 986
76 986
77 981
78 985
8 995
80 32
81 985
82 2
83 984
86 1
87 984
88 984
89 984
90 19
91 984
94 984
95 983
96 982
97 982
10 3
101 39
102 999
103 29
104 999
108 987
109 999
11 999
110 999
111 999
115 999
116 15
117 925
118 999
119 18
12 138
120 999
121 1
122 999
125 999
126 999
127 10
128 999
13 999
130 4
131 999
132 20
133 999
136 0
137 999
140 105
141 999
146 0
147 999
148 999
149 999
15 941
154 943
155 999
157 997
158 999
16 999
162 999
163 999
165 14
166 999
17 999
170 0
171 992
172 1
173 999
175 999
176 999
177 27
178 999
179 0
18 999
180 999
182 999
183 991
186 426
187 999
189 999
190 999
191 0
192 999
194 999
195 13
196 17
197 999
198 192
199 999
200 172
201 999
211 999
212 998
213 998
214 999
216 535
217 999
219 999
220 999
222 999
223 999
228 2
229 999
231 11
232 999
235 999
236 999
238 1
239 999
247 958
248 999
249 999
250 999
255 103
256 999
259 999
26 0
260 999
261 926
262 999
263 20
264 999
266 526
267 995
27 28
271 6
272 999
275 994
276 998
277 11
278 999
279 947
280 999
281 3
282 999
283 0
284 999
285 999
286 999
291 466
292 999
293 2
294 999
296 999
297 467
299 992
300 581
303 991
304 999
306 988
307 999
309 999
31 999
310 171
315 942
316 999
317 0
318 999
32 999
321 995
322 999
323 1
324 999
325 912
326 999
328 14
329 999
332 847
333 999
337 6
338 999
341 993
342 999
344 955
345 999
347 999
348 999
349 981
350 999
364 999
365 1
367 999
368 999
372 11
373 999
374 0
375 999
377 903
378 999
38 2
380 18
381 999
382 941
383 999
384 0
385 999
39 999
394 998
395 999
397 927
398 999
4 114
40 521
402 0
403 999
405 18
406 999
409 961
41 999
410 999
419 999
42 23
420 999
422 999
423 999
424 0
425 999
427 989
428 711
429 999
43 999
430 999
432 999
433 999
434 905
435 999
438 999
439 999
440 999
441 999
448 999
449 999
455 999
456 999
457 0
458 999
459 999
460 999
461 998
462 999
463 11
464 999
470 9
471 999
473 0
474 999
477 0
478 0
480 999
481 999
484 912
485 999
487 2
488 999
492 8
493 999
495 8
496 999
497 76
498 999
5 999
50 999
501 140
502 999
503 176
504 999
508 997
509 997
51 992
512 999
513 999
516 999
517 999
518 0
519 999
520 999
521 999
527 3
528 999
529 0
530 999
532 999
533 999
535 999
536 999
539 12
540 999
541 0
542 999
543 3
544 999
547 990
548 999
55 882
551 999
552 999
553 0
554 998
557 999
558 999
56 867
560 999
561 999
563 10
564 999
567 999
568 991
570 0
571 999
573 243
574 999
577 999
578 15
581 999
582 999
583 198
584 999
585 999
586 999
593 995
594 997
597 24
598 999
599 0
600 999
602 167
603 999
606 23
607 999
609 932
610 999
611 998
612 999
617 1
618 999
620 17
621 999
623 999
624 3
628 999
629 999
630 989
631 999
634 140
635 999
636 27
637 999
639 915
640 999
642 999
643 999
645 999
646 999
647 918
648 999
649 611
650 999
651 999
652 999
653 999
654 999
656 998
657 999
659 986
660 999
662 999
663 989
668 942
669 921
670 930
671 999
673 1
674 999
679 999
68 999
680 999
682 140
683 999
689 999
69 1
690 999
692 999
693 999
696 1
697 999
698 991
699 999
70 999
700 1
701 999
703 987
704 999
706 990
707 999
71 999
710 988
711 999
714 999
715 999
716 999
717 999
719 991
720 999
723 999
724 999
725 174
726 999
75 0
76 999
77 20
78 999
79 276
8 999
80 999
81 30
82 999
83 1
84 999
85 999
86 999
88 999
89 999
9 922
90 120
91 999
94 932
95 999
97 9
98 999
10 988
107 0
108 999
109 184
11 999
110 999
114 918
115 999
121 992
122 972
13 999
133 953
134 0
137 111
138 999
14 997
140 218
141 999
142 0
143 997
147 0
148 999
15 19
153 992
154 999
155 17
156 999
16 999
172 16
173 999
18 148
181 2
182 999
183 99
184 999
188 949
189 999
19 999
197 999
198 991
200 3
201 999
202 986
203 999
207 0
208 999
21 0
211 999
212 67
214 28
215 999
22 992
220 25
221 999
225 0
226 998
230 126
231 999
233 999
234 922
238 7
239 999
24 1
243 999
244 19
25 999
254 998
255 999
257 999
258 997
260 998
261 999
262 796
263 999
268 999
269 0
27 219
273 0
274 75
28 999
280 0
281 999
283 0
284 998
286 998
287 999
289 989
290 4
30 10
307 922
308 999
31 999
310 219
311 992
32 0
33 999
335 856
336 992
35 0
354 2
355 999
357 2
358 999
36 949
367 0
368 997
37 4
379 0
38 999
380 953
387 0
388 953
39 216
394 0
395 998
396 0
397 992
40 999
407 1
408 999
41 943
416 998
417 6
42 999
426 1
427 999
439 0
440 998
445 13
446 999
447 19
448 999
450 3
451 999
454 999
455 933
456 860
457 999
46 0
466 29
467 999
468 0
469 993
47 998
473 996
474 191
478 0
479 998
48 174
481 999
482 999
488 0
489 999
49 999
490 2
491 999
505 999
506 948
508 998
509 691
510 985
511 999
516 997
517 558
519 990
520 999
522 987
523 998
526 0
527 999
534 997
535 999
537 2
538 995
544 0
545 993
547 999
548 998
549 0
550 999
553 3
554 999
555 402
556 999
563 0
564 999
57 999
570 999
571 998
572 1
573 999
575 5
576 999
579 899
58 1
580 999
581 3
582 999
583 0
584 998
587 2
588 999
589 992
590 999
592 148
593 999
594 936
595 999
599 1
600 999
608 4
609 998
620 3
621 999
622 992
623 999
630 15
631 999
636 19
637 999
642 0
643 999
645 992
646 999
657 0
658 993
664 14
665 999
666 148
667 999
674 11
675 999
677 0
678 999
684 3
685 998
688 148
689 999
694 0
695 147
696 23
697 999
698 10
699 999
7 999
700 0
701 999
719 4
72 4
720 999
722 953
723 951
724 993
725 999
727 999
728 999
73 999
735 673
736 953
74 146
741 851
742 999
749 3
75 999
750 999
758 135
759 999
768 0
769 992
776 999
777 999
779 999
780 999
8 985
81 2
82 999
88 12
89 999
91 993
92 999
1 264
10 499
100 499
102 499
103 499
104 456
105 499
106 297
107 499
109 499
110 203
113 0
114 499
115 499
116 499
117 499
118 499
119 155
120 499
121 460
122 499
123 498
124 499
127 499
128 499
129 499
13 0
130 499
132 498
133 499
134 499
135 499
138 499
139 499
14 499
140 499
141 499
143 499
144 499
146 499
147 499
15 7
151 499
152 499
153 499
154 499
155 20
156 499
157 491
158 499
159 449
16 499
160 499
161 499
162 499
164 495
165 499
167 499
168 499
169 496
17 0
170 499
171 499
172 499
174 36
175 499
177 499
178 499
179 499
18 499
180 499
181 34
182 499
183 499
184 499
185 37
186 499
19 499
190 223
191 499
192 449
193 499
194 28
195 499
2 499
20 499
200 496
201 499
202 64
203 499
21 281
210 499
211 499
213 499
214 499
216 499
217 499
218 499
219 499
22 499
220 6
221 499
222 499
223 499
224 499
225 499
229 499
23 497
230 499
231 456
232 499
233 499
234 499
236 499
237 499
239 24
24 499
240 499
241 67
242 499
243 499
244 499
247 499
248 499
252 499
253 499
254 499
255 499
257 499
258 488
26 499
260 499
261 499
262 495
263 499
264 491
265 499
266 499
267 499
268 87
269 499
27 499
270 88
271 499
272 497
273 499
274 499
275 499
276 491
277 499
278 499
279 499
28 499
282 499
283 499
285 499
286 499
288 499
289 499
29 499
291 470
292 499
293 494
294 499
298 499
299 499
30 70
300 469
301 499
303 499
304 499
305 459
306 499
307 66
308 499
309 499
31 499
310 499
311 495
312 499
313 499
314 499
318 499
319 499
32 23
320 499
321 499
323 499
324 499
328 499
329 499
33 499
331 499
332 499
333 134
334 499
337 499
338 499
339 4
340 499
343 499
344 499
345 197
346 499
348 499
349 499
35 499
353 498
354 499
355 182
356 499
357 488
358 499
359 145
36 499
360 499
361 495
362 499
363 499
364 499
365 461
366 499
367 422
368 499
370 15
371 499
372 499
373 499
376 499
377 499
378 26
379 499
38 45
381 499
382 499
385 499
386 499
387 499
388 499
389 79
39 499
390 499
391 499
392 499
393 499
394 499
395 488
396 499
399 499
40 486
400 499
401 499
402 499
403 499
404 499
405 217
406 499
407 499
408 499
409 499
41 499
410 499
411 499
412 499
413 14
414 499
416 499
417 499
419 499
420 499
421 297
422 499
423 499
424 499
425 188
426 499
427 15
428 499
429 492
430 499
431 499
432 499
433 499
434 499
435 499
436 499
437 482
438 499
44 499
440 482
441 499
442 71
443 499
444 499
445 499
446 495
447 499
448 182
449 499
45 499
450 499
451 499
452 499
453 499
454 191
455 499
456 498
457 499
46 498
460 499
461 499
462 498
463 499
465 499
466 499
467 23
468 499
469 499
47 499
470 499
472 499
473 499
475 499
476 499
477 70
478 499
479 210
480 499
481 95
482 499
483 6
484 499
485 493
486 499
487 189
488 499
49 499
490 499
491 499
492 24
493 499
496 499
497 499
5 209
50 499
502 459
503 499
505 311
506 499
508 499
509 499
510 233
511 499
514 499
515 499
516 499
517 499
518 59
519 499
52 177
521 499
522 456
525 499
526 499
527 103
528 499
53 499
530 499
531 499
533 487
534 499
537 490
538 499
54 461
540 483
541 497
544 499
545 499
546 499
547 499
548 499
549 499
55 499
551 15
552 499
554 499
555 499
557 496
558 499
559 499
56 1
560 499
562 492
563 49
564 28
565 499
568 55
569 499
57 499
572 499
573 499
574 499
575 499
576 499
577 499
578 499
579 499
58 70
580 499
581 499
582 499
583 499
584 68
585 499
586 43
587 499
588 499
589 499
59 499
590 499
591 499
592 480
593 499
594 499
595 499
596 486
597 499
599 499
6 499
600 499
601 499
602 499
603 499
604 499
605 66
606 499
607 73
608 499
609 499
610 499
611 499
612 499
613 499
614 499
615 499
616 499
619 499
620 499
621 497
622 499
623 499
624 499
627 0
628 490
63 499
630 471
631 499
632 499
633 499
634 499
635 499
637 499
638 499
639 499
64 499
640 499
642 499
643 499
644 467
645 499
646 17
647 499
649 499
65 499
650 499
652 499
653 499
654 499
655 499
656 20
657 499
658 499
659 499
66 499
662 499
663 499
664 499
665 499
667 499
668 499
670 499
671 499
674 0
675 43
676 496
677 499
678 499
679 499
68 385
680 499
681 499
682 456
683 499
684 66
685 499
686 499
687 499
688 499
689 499
69 499
690 499
691 499
694 118
695 499
696 116
697 499
7 497
70 491
700 499
701 499
702 5
703 499
704 499
705 499
706 4
707 499
708 499
709 499
71 499
710 499
711 499
712 247
713 499
714 83
715 499
716 57
717 499
718 4
719 499
720 497
721 499
722 473
723 499
724 4
725 468
74 0
75 499
76 442
77 499
78 499
79 499
8 499
80 473
81 499
83 64
84 499
86 86
87 499
88 499
89 499
9 499
91 499
92 499
93 499
94 499
95 499
96 499
97 499
98 499
99 499
1 9999
100 9999
101 9999
102 9999
103 9999
104 9999
105 7
106 9993
107 9986
108 9999
109 9999
110 9999
112 151
113 9999
114 9955
115 9999
116 999
117 9999
118 9999
119 9999
12 8416
121 9955
122 9999
123 9999
124 9999
125 9947
126 9999
127 9999
128 9999
129 7033
13 9999
130 9999
131 9999
132 9999
133 965
134 9999
135 6102
136 9999
137 9973
138 9999
139 9969
14 9999
140 9999
141 42
142 9999
143 225
144 9999
146 9999
147 9999
148 5218
149 9999
15 9999
151 9955
152 9999
153 7709
154 9999
155 9999
156 9999
157 9659
158 9999
16 9999
160 9999
161 9999
162 9999
163 9999
164 9948
165 9999
166 9999
167 9999
168 9997
169 9999
17 9999
170 9897
171 9999
172 9999
173 9999
175 9981
176 9999
177 9999
178 9999
179 9999
180 9999
182 9999
183 9999
184 54
185 9999
186 9999
187 9999
188 9758
189 9999
190 0
191 9986
192 187
193 9999
194 9983
195 9999
196 1377
197 9999
198 31
199 9999
2 9999
20 8538
200 7423
201 9999
202 5498
203 9999
204 8474
205 9999
206 115
207 9999
208 9999
209 9999
21 9999
210 9754
211 9999
213 1026
214 9999
215 6240
216 9999
217 9999
218 9999
219 6949
22 9999
220 9999
221 6429
222 9999
223 1443
224 9999
225 9999
226 9999
227 247
228 9999
229 10
23 9999
230 9999
231 9999
232 9999
234 905
235 9999
237 9999
238 9999
239 9982
240 9999
241 9999
242 9999
243 9999
244 9999
245 8893
246 9999
247 9999
248 9999
249 7207
25 3
250 9999
251 9679
252 9999
253 9999
254 9999
256 284
257 9999
258 2
259 9999
26 9999
260 9999
261 9999
262 9999
263 9999
264 1042
265 9999
266 9992
267 9999
268 9999
269 9999
270 10
271 9999
272 9997
273 9999
274 6183
275 9999
276 9999
277 9999
278 5317
279 9999
28 65
280 9129
281 9999
282 9999
283 9999
285 9999
286 9938
287 9999
288 9999
289 9999
29 9993
290 9999
291 253
292 9999
293 9988
294 9999
295 9999
296 9999
298 9
299 9999
3 277
300 9999
301 9999
302 9999
303 9999
304 9987
305 9999
306 9999
307 9999
308 111
309 9999
31 0
310 9999
311 9999
312 9999
313 9999
314 9433
315 9999
316 9999
317 9999
318 9702
319 9999
32 9999
320 325
321 9999
324 9999
325 9999
326 5163
327 9999
329 9999
33 9992
330 9999
332 9999
333 9997
334 4
335 9999
336 8062
337 9999
34 9999
341 9999
342 9999
343 810
344 9999
345 9998
346 9999
347 218
348 9999
349 967
35 7547
350 9999
352 9999
353 9999
355 9624
356 9999
357 9999
358 9999
36 9999
361 9999
362 9999
363 9999
364 9999
365 8745
366 9999
367 9999
368 9999
369 9999
37 215
370 9999
371 9999
372 9999
374 9978
375 9999
376 1049
377 9999
378 8514
379 9999
38 9999
380 9999
381 9999
382 9940
383 9999
384 9999
385 9999
386 6051
387 9999
388 9999
389 9999
39 1377
390 9705
391 9999
392 9648
393 9999
394 9016
395 9999
396 7641
397 9999
399 9975
4 9999
40 9999
400 9999
401 9999
402 9999
403 9999
404 9999
405 9999
406 9999
407 15
408 9999
409 9999
410 9999
411 9993
412 9999
413 9571
414 9999
415 0
416 9999
417 9999
418 9999
42 9999
420 328
421 9999
423 9999
424 9999
425 9999
426 9999
427 9999
428 9999
429 38
43 9999
430 9999
431 9999
432 9999
433 43
434 9999
435 9991
436 9999
437 2
438 9999
439 9999
440 9999
441 9999
442 9999
443 5621
444 9999
445 8420
446 9999
447 6803
448 9999
449 9940
45 9999
450 9999
452 9999
453 9999
454 786
455 9999
456 8955
457 9999
458 9757
459 9999
46 9999
461 12
462 9999
463 9999
464 9999
465 9999
466 9999
467 9999
468 9999
469 9999
47 9999
470 9999
472 9977
473 9999
474 254
475 9999
476 9999
477 9999
478 594
479 9999
48 9999
480 8337
481 9999
484 0
485 9999
486 9169
487 9999
488 9999
489 9999
49 9999
490 838
491 9999
492 9999
493 9999
494 9999
495 9999
496 9529
497 9999
498 784
499 9999
50 9999
500 9999
501 9999
502 9999
503 9999
504 9998
505 9999
507 9999
508 9999
51 858
510 3
511 9999
512 9112
513 9999
514 5007
515 9999
516 4642
517 9999
518 9999
519 9999
52 9999
520 253
521 9999
522 5920
523 9999
524 9999
525 9999
527 9999
528 9999
53 9960
531 6635
532 9999
533 29
534 9996
535 5032
536 9999
537 9999
538 9999
539 8802
54 9999
540 9999
541 9913
542 9999
543 9925
544 9999
545 48
546 9994
547 9982
548 9999
550 8730
551 9999
552 9921
553 9999
554 9433
555 9999
557 9999
558 9993
559 9999
56 52
560 9999
561 9999
562 9999
563 0
564 9999
565 9999
566 9999
567 9892
568 9999
569 9999
57 9999
570 9999
571 10
572 9999
573 9978
574 9999
575 9999
576 9999
577 9999
578 9999
580 9960
581 9999
582 608
583 9999
584 9693
585 9999
586 2213
587 9999
588 9999
589 9999
590 0
591 9999
592 721
593 9999
594 8825
595 9999
596 9999
597 9999
598 9999
599 9999
60 9999
600 9999
601 9999
602 9999
603 9999
605 9999
606 9999
607 9999
608 9999
609 6255
61 9999
610 9999
611 8431
612 9999
615 9999
616 9999
617 2
618 9999
619 1012
62 6309
620 9999
622 457
623 9999
624 9555
625 9999
626 9999
627 9999
628 238
629 9999
63 9999
631 6052
632 9999
633 5712
634 9999
635 9898
636 9999
637 9999
638 9999
64 9999
643 13
644 9999
645 9999
646 9999
647 9
648 9995
649 9922
65 9999
650 9999
651 9983
652 9999
653 2016
654 9999
655 119
656 9999
657 8854
658 9999
659 9999
66 48
660 9999
661 6096
662 9999
664 19
665 9998
666 9999
667 9999
668 769
669 9999
67 9999
670 9999
671 9999
673 9999
674 9999
675 9999
676 9999
678 0
679 9999
68 0
680 9999
681 9999
682 9999
683 9999
684 10
685 9999
69 9999
71 328
72 9999
73 9999
74 9999
75 9999
76 9999
77 5776
78 9999
79 9998
8 65
80 9999
81 9999
82 9999
83 9999
84 9999
86 0
87 9977
88 8734
89 9999
9 9999
90 16
91 9999
92 9999
93 9999
94 9999
95 9999
96 8915
97 9999
99 6187
1 9999
100 9999
101 9999
102 9999
103 9999
104 9999
105 7
106 9993
107 9986
108 9999
109 9999
110 9999
112 151
113 9999
114 9955
115 9999
116 999
117 9999
118 9999
119 9999
12 8416
121 9955
122 9999
123 9999
124 9999
125 9947
126 9999
127 9999
128 9999
129 7033
13 9999
130 9999
131 9999
132 9999
133 965
134 9999
135 6102
136 9999
137 9973
138 9999
139 9969
14 9999
140 9999
141 42
142 9999
143 225
144 9999
146 9999
147 9999
148 5218
149 9999
15 9999
151 9955
152 9999
153 7709
154 9999
155 9999
156 9999
157 9659
158 9999
16 9999
160 9999
161 9999
162 9999
163 9999
164 9948
165 9999
166 9999
167 9999
168 9997
169 9999
17 9999
170 9897
171 9999
172 9999
173 9999
175 9981
176 9999
177 9999
178 9999
179 9999
180 9999
182 9999
183 9999
184 54
185 9999
186 9999
187 9999
188 9758
189 9999
190 0
191 9986
192 187
193 9999
194 9983
195 9999
196 1377
197 9999
198 31
199 9999
2 9999
20 8538
200 7423
201 9999
202 5498
203 9999
204 8474
205 9999
206 115
207 9999
208 9999
209 9999
21 9999
210 9754
211 9999
213 1026
214 9999
215 6240
216 9999
217 9999
218 9999
219 6949
22 9999
220 9999
221 6429
222 9999
223 1443
224 9999
225 9999
226 9999
227 247
228 9999
229 10
23 9999
230 9999
231 9999
232 9999
234 905
235 9999
237 9999
238 9999
239 9982
240 9999
241 9999
242 9999
243 9999
244 9999
245 8893
246 9999
247 9999
248 9999
249 7207
25 3
250 9999
251 9679
252 9999
253 9999
254 9999
256 284
257 9999
258 2
259 9999
26 9999
260 9999
261 9999
262 9999
263 9999
264 1042
265 9999
266 9992
267 9999
268 9999
269 9999
270 10
271 9999
272 9997
273 9999
274 6183
275 9999
276 9999
277 9999
278 5317
279 9999
28 65
280 9129
281 9999
282 9999
283 9999
285 9999
286 9938
287 9999
288 9999
289 9999
29 9993
290 9999
291 253
292 9999
293 9988
294 9999
295 9999
296 9999
298 9
299 9999
3 277
300 9999
301 9999
302 9999
303 9999
304 9987
305 9999
306 9999
307 9999
308 111
309 9999
31 0
310 9999
311 9999
312 9999
313 9999
314 9433
315 9999
316 9999
317 9999
318 9702
319 9999
32 9999
320 325
321 9999
324 9999
325 9999
326 5163
327 9999
329 9999
33 9992
330 9999
332 9999
333 9997
334 4
335 9999
336 8062
337 9999
34 9999
341 9999
342 9999
343 810
344 9999
345 9998
346 9999
347 218
348 9999
349 967
35 7547
350 9999
352 9999
353 9999
355 9624
356 9999
357 9999
358 9999
36 9999
361 9999
362 9999
363 9999
364 9999
365 8745
366 9999
367 9999
368 9999
369 9999
37 215
370 9999
371 9999
372 9999
374 9978
375 9999
376 1049
377 9999
378 8514
379 9999
38 9999
380 9999
381 9999
382 9940
383 9999
384 9999
385 9999
386 6051
387 9999
388 9999
389 9999
39 1377
390 9705
391 9999
392 9648
393 9999
394 9016
395 9999
396 7641
397 9999
399 9975
4 9999
40 9999
400 9999
401 9999
402 9999
403 9999
404 9999
405 9999
406 9999
407 15
408 9999
409 9999
410 9999
411 9993
412 9999
413 9571
414 9999
415 0
416 9999
417 9999
418 9999
42 9999
420 328
421 9999
423 9999
424 9999
425 9999
426 9999
427 9999
428 9999
429 38
43 9999
430 9999
431 9999
432 9999
433 43
434 9999
435 9991
436 9999
437 2
438 9999
439 9999
440 9999
441 9999
442 9999
443 5621
444 9999
445 8420
446 9999
447 6803
448 9999
449 9940
45 9999
450 9999
452 9999
453 9999
454 786
455 9999
456 8955
457 9999
458 9757
459 9999
46 9999
461 12
462 9999
463 9999
464 9999
465 9999
466 9999
467 9999
468 9999
469 9999
47 9999
470 9999
472 9977
473 9999
474 254
475 9999
476 9999
477 9999
478 594
479 9999
48 9999
480 8337
481 9999
484 0
485 9999
486 9169
487 9999
488 9999
489 9999
49 9999
490 838
491 9999
492 9999
493 9999
494 9999
495 9999
496 9529
497 9999
498 784
499 9999
50 9999
500 9999
501 9999
502 9999
503 9999
504 9998
505 9999
507 9999
508 9999
51 858
510 3
511 9999
512 9112
513 9999
514 5007
515 9999
516 4642
517 9999
518 9999
519 9999
52 9999
520 253
521 9999
522 5920
523 9999
524 9999
525 9999
527 9999
528 9999
53 9960
531 6635
532 9999
533 29
534 9996
535 5032
536 9999
537 9999
538 9999
539 8802
54 9999
540 9999
541 9913
542 9999
543 9925
544 9999
545 48
546 9994
547 9982
548 9999
550 8730
551 9999
552 9921
553 9999
554 9433
555 9999
557 9999
558 9993
559 9999
56 52
560 9999
561 9999
562 9999
563 0
564 9999
565 9999
566 9999
567 9892
568 9999
569 9999
57 9999
570 9999
571 10
572 9999
573 9978
574 9999
575 9999
576 9999
577 9999
578 9999
580 9960
581 9999
582 608
583 9999
584 9693
585 9999
586 2213
587 9999
588 9999
589 9999
590 0
591 9999
592 721
593 9999
594 8825
595 9999
596 9999
597 9999
598 9999
599 9999
60 9999
600 9999
601 9999
602 9999
603 9999
605 9999
606 9999
607 9999
608 9999
609 6255
61 9999
610 9999
611 8431
612 9999
615 9999
616 9999
617 2
618 9999
619 1012
62 6309
620 9999
622 457
623 9999
624 9555
625 9999
626 9999
627 9999
628 238
629 9999
63 9999
631 6052
632 9999
633 5712
634 9999
635 9898
636 9999
637 9999
638 9999
64 9999
643 13
644 9999
645 9999
646 9999
647 9
648 9995
649 9922
65 9999
650 9999
651 9983
652 9999
653 2016
654 9999
655 119
656 9999
657 8854
658 9999
659 9999
66 48
660 9999
661 6096
662 9999
664 19
665 9998
666 9999
667 9999
668 769
669 9999
67 9999
670 9999
671 9999
673 9999
674 9999
675 9999
676 9999
678 0
679 9999
68 0
680 9999
681 9999
682 9999
683 9999
684 10
685 9999
69 9999
71 328
72 9999
73 9999
74 9999
75 9999
76 9999
77 5776
78 9999
79 9998
8 65
80 9999
81 9999
82 9999
83 9999
84 9999
86 0
87 9977
88 8734
89 9999
9 9999
90 16
91 9999
92 9999
93 9999
94 9999
95 9999
96 8915
97 9999
99 6187
