128 59
129 9999
132 9999
133 9996
145 92
146 9999
157 0
158 9999
164 0
165 843
169 1172
170 9999
192 607
193 9999
202 0
203 9681
214 6
215 9999
217 0
218 9972
220 9584
221 9187
239 0
240 9999
252 969
253 9999
293 3
294 9999
295 88
296 9999
304 0
305 9434
306 87
307 9999
330 9974
331 9999
340 110
341 9999
358 9995
359 9999
364 9999
365 9439
387 0
388 9999
44 9999
45 7
458 9999
459 9996
46 0
47 9967
518 0
519 731
630 9966
631 9998
632 8817
633 9999
643 1112
644 9999
645 4
646 9999
93 7
94 9999
128 59
129 9999
132 9999
133 9996
145 92
146 9999
157 0
158 9999
164 0
165 843
169 1172
170 9999
192 607
193 9999
202 0
203 9681
214 6
215 9999
217 0
218 9972
220 9584
221 9187
239 0
240 9999
252 969
253 9999
293 3
294 9999
295 88
296 9999
304 0
305 9434
306 87
307 9999
330 9974
331 9999
340 110
341 9999
358 9995
359 9999
364 9999
365 9439
387 0
388 9999
44 9999
45 7
458 9999
459 9996
46 0
47 9967
518 0
519 731
630 9966
631 9998
632 8817
633 9999
643 1112
644 9999
645 4
646 9999
93 7
94 9999
0 0
1 0
10 0
100 0
101 0
102 0
103 0
104 0
105 0
106 0
107 0
108 0
109 0
11 0
110 0
111 0
112 0
113 0
114 0
115 0
116 0
117 0
118 0
119 0
12 0
120 0
121 0
122 0
123 0
124 0
125 0
126 0
127 0
128 0
129 0
13 0
130 0
131 0
132 0
133 0
134 0
135 0
136 0
137 0
138 0
139 0
14 0
140 0
141 0
142 0
143 0
144 0
145 0
146 0
147 0
148 0
149 0
15 0
150 0
151 0
152 0
153 0
154 0
155 0
156 0
157 0
158 0
159 0
16 0
160 0
161 0
162 0
163 0
164 0
165 0
166 0
167 0
168 0
169 0
17 0
170 0
171 0
172 0
173 0
174 0
175 0
176 0
177 0
178 0
179 0
18 0
180 0
181 0
182 0
183 0
184 0
185 0
186 0
187 0
188 0
189 0
19 0
190 0
191 0
192 0
193 0
194 0
195 0
196 0
197 0
198 0
199 0
2 0
20 0
200 0
201 0
202 0
203 0
204 0
205 0
206 0
207 0
208 0
209 0
21 0
210 0
211 0
212 0
213 0
214 0
215 0
216 0
217 0
218 0
219 0
22 0
220 0
221 0
222 0
223 0
224 0
225 0
226 0
227 0
228 0
229 0
23 0
230 0
231 0
232 0
233 0
234 0
235 0
236 0
237 0
238 0
239 0
24 0
240 0
241 0
242 0
243 0
244 0
245 0
246 0
247 0
248 0
249 0
25 0
250 0
251 0
252 0
253 0
254 0
255 0
256 0
257 0
258 0
259 0
26 0
260 0
261 0
262 0
263 0
264 0
265 0
266 0
267 0
268 0
269 0
27 0
270 0
271 0
272 0
273 0
274 0
275 0
276 0
277 0
278 0
279 0
28 0
280 0
281 0
282 0
283 0
284 0
285 0
286 0
287 0
288 0
289 0
29 0
290 0
291 0
292 0
293 0
294 0
295 0
296 0
297 0
298 0
299 0
3 0
30 0
300 0
301 0
302 0
303 0
304 0
305 0
306 0
307 0
308 0
309 0
31 0
310 0
311 0
312 0
313 0
314 0
315 0
316 0
317 0
318 0
319 0
32 0
320 0
321 0
322 0
323 0
324 0
325 0
326 0
327 0
328 0
329 0
33 0
330 0
331 0
332 0
333 0
334 0
335 0
336 0
337 0
338 0
339 0
34 0
340 0
341 0
342 0
343 0
344 0
345 0
346 0
347 0
348 0
349 0
35 0
350 0
351 0
352 0
353 0
354 0
355 0
356 0
357 0
358 0
359 0
36 0
360 0
361 0
362 0
363 0
364 0
365 0
366 0
367 0
368 0
369 0
37 0
370 0
371 0
372 0
373 0
374 0
375 0
376 0
377 0
378 0
379 0
38 0
380 0
381 0
382 0
383 0
384 0
385 0
386 0
387 0
388 0
389 0
39 0
390 0
391 0
392 0
393 0
394 0
395 0
396 0
397 0
4 0
40 0
41 0
42 0
43 0
44 0
45 0
46 0
47 0
48 0
49 0
5 0
50 0
51 0
52 0
53 0
54 0
55 0
56 0
57 0
58 0
59 0
6 0
60 0
61 0
62 0
63 0
64 0
65 0
66 0
67 0
68 0
69 0
7 0
70 0
71 0
72 0
73 0
74 0
75 0
76 0
77 0
78 0
79 0
8 0
80 0
81 0
82 0
83 0
84 0
85 0
86 0
87 0
88 0
89 0
9 0
90 0
91 0
92 0
93 0
94 0
95 0
96 0
97 0
98 0
99 0
0 0
1 0
10 0
100 0
101 0
102 0
103 0
104 0
105 0
106 0
107 0
108 0
109 0
11 0
110 0
111 0
112 0
113 0
114 0
115 0
116 0
117 0
118 0
119 0
12 0
120 0
121 0
122 0
123 0
124 0
125 0
126 0
127 0
128 0
129 0
13 0
130 0
131 0
132 0
133 0
134 0
135 0
136 0
137 0
138 0
139 0
14 0
140 0
141 0
142 0
143 0
144 0
145 0
146 0
147 0
148 0
149 0
15 0
150 0
151 0
152 0
153 0
154 0
155 0
156 0
157 0
158 0
159 0
16 0
160 0
161 0
162 0
163 0
164 0
165 0
166 0
167 0
168 0
169 0
17 0
170 0
171 0
172 0
173 0
174 0
175 0
176 0
177 0
178 0
179 0
18 0
180 0
181 0
182 0
183 0
184 0
185 0
186 0
187 0
188 0
189 0
19 0
190 0
191 0
192 0
193 0
194 0
195 0
196 0
197 0
198 0
199 0
2 0
20 0
200 0
201 0
202 0
203 0
204 0
205 0
206 0
207 0
208 0
209 0
21 0
210 0
211 0
212 0
213 0
214 0
215 0
216 0
217 0
218 0
219 0
22 0
220 0
221 0
222 0
223 0
224 0
225 0
226 0
227 0
228 0
229 0
23 0
230 0
231 0
232 0
233 0
234 0
235 0
236 0
237 0
238 0
239 0
24 0
240 0
241 0
242 0
243 0
244 0
245 0
246 0
247 0
248 0
249 0
25 0
250 0
251 0
252 0
253 0
254 0
255 0
256 0
257 0
258 0
259 0
26 0
260 0
261 0
262 0
263 0
264 0
265 0
266 0
267 0
268 0
269 0
27 0
270 0
271 0
272 0
273 0
274 0
275 0
276 0
277 0
278 0
279 0
28 0
280 0
281 0
282 0
283 0
284 0
285 0
286 0
287 0
288 0
289 0
29 0
290 0
291 0
292 0
293 0
294 0
295 0
296 0
297 0
298 0
299 0
3 0
30 0
300 0
301 0
302 0
303 0
304 0
305 0
306 0
307 0
308 0
309 0
31 0
310 0
311 0
312 0
313 0
314 0
315 0
316 0
317 0
318 0
319 0
32 0
320 0
321 0
322 0
323 0
324 0
325 0
326 0
327 0
328 0
329 0
33 0
330 0
331 0
332 0
333 0
334 0
335 0
336 0
337 0
338 0
339 0
34 0
340 0
341 0
342 0
343 0
344 0
345 0
346 0
347 0
348 0
349 0
35 0
350 0
351 0
352 0
353 0
354 0
355 0
356 0
357 0
358 0
359 0
36 0
360 0
361 0
362 0
363 0
364 0
365 0
366 0
367 0
368 0
369 0
37 0
370 0
371 0
372 0
373 0
374 0
375 0
376 0
377 0
378 0
379 0
38 0
380 0
381 0
382 0
383 0
384 0
385 0
386 0
387 0
388 0
389 0
39 0
390 0
391 0
392 0
393 0
394 0
395 0
396 0
397 0
4 0
40 0
41 0
42 0
43 0
44 0
45 0
46 0
47 0
48 0
49 0
5 0
50 0
51 0
52 0
53 0
54 0
55 0
56 0
57 0
58 0
59 0
6 0
60 0
61 0
62 0
63 0
64 0
65 0
66 0
67 0
68 0
69 0
7 0
70 0
71 0
72 0
73 0
74 0
75 0
76 0
77 0
78 0
79 0
8 0
80 0
81 0
82 0
83 0
84 0
85 0
86 0
87 0
88 0
89 0
9 0
90 0
91 0
92 0
93 0
94 0
95 0
96 0
97 0
98 0
99 0
0 0
1 0
10 0
100 0
101 0
102 0
103 0
104 0
105 0
106 0
107 0
108 0
109 0
11 0
110 0
111 0
112 0
113 0
114 0
115 0
116 0
117 0
118 0
119 0
12 0
120 0
121 0
122 0
123 0
124 0
125 0
126 0
127 0
128 0
129 0
13 0
130 0
131 0
132 0
133 0
134 0
135 0
136 0
137 0
138 0
139 0
14 0
140 0
141 0
142 0
143 0
144 0
145 0
146 0
147 0
148 0
149 0
15 0
150 0
151 0
152 0
153 0
154 0
155 0
156 0
157 0
158 0
159 0
16 0
160 0
161 0
162 0
163 0
164 0
165 0
166 0
167 0
168 0
169 0
17 0
170 0
171 0
172 0
173 0
174 0
175 0
176 0
177 0
178 0
179 0
18 0
180 0
181 0
182 0
183 0
184 0
185 0
186 0
187 0
188 0
189 0
19 0
190 0
191 0
192 0
193 0
194 0
195 0
196 0
197 0
198 0
199 0
2 0
20 0
200 0
201 0
202 0
203 0
204 0
205 0
206 0
207 0
208 0
209 0
21 0
210 0
211 0
212 0
213 0
214 0
215 0
216 0
217 0
218 0
219 0
22 0
220 0
221 0
222 0
223 0
224 0
225 0
226 0
227 0
228 0
229 0
23 0
230 0
231 0
232 0
233 0
234 0
235 0
236 0
237 0
238 0
239 0
24 0
240 0
241 0
242 0
243 0
244 0
245 0
246 0
247 0
248 0
249 0
25 0
250 0
251 0
252 0
253 0
254 0
255 0
256 0
257 0
258 0
259 0
26 0
260 0
261 0
262 0
263 0
264 0
265 0
266 0
267 0
268 0
269 0
27 0
270 0
271 0
272 0
273 0
274 0
275 0
276 0
277 0
278 0
279 0
28 0
280 0
281 0
282 0
283 0
284 0
285 0
286 0
287 0
288 0
289 0
29 0
290 0
291 0
292 0
293 0
294 0
295 0
296 0
297 0
298 0
299 0
3 0
30 0
300 0
301 0
302 0
303 0
304 0
305 0
306 0
307 0
308 0
309 0
31 0
310 0
311 0
312 0
313 0
314 0
315 0
316 0
317 0
318 0
319 0
32 0
320 0
321 0
322 0
323 0
324 0
325 0
326 0
327 0
328 0
329 0
33 0
330 0
331 0
332 0
333 0
334 0
335 0
336 0
337 0
338 0
339 0
34 0
340 0
341 0
342 0
343 0
344 0
345 0
346 0
347 0
348 0
349 0
35 0
350 0
351 0
352 0
353 0
354 0
355 0
356 0
357 0
358 0
359 0
36 0
360 0
361 0
362 0
363 0
364 0
365 0
366 0
367 0
368 0
369 0
37 0
370 0
371 0
372 0
373 0
374 0
375 0
376 0
377 0
378 0
379 0
38 0
380 0
381 0
382 0
383 0
384 0
385 0
386 0
387 0
388 0
389 0
39 0
390 0
391 0
392 0
393 0
394 0
395 0
396 0
397 0
4 0
40 0
41 0
42 0
43 0
44 0
45 0
46 0
47 0
48 0
49 0
5 0
50 0
51 0
52 0
53 0
54 0
55 0
56 0
57 0
58 0
59 0
6 0
60 0
61 0
62 0
63 0
64 0
65 0
66 0
67 0
68 0
69 0
7 0
70 0
71 0
72 0
73 0
74 0
75 0
76 0
77 0
78 0
79 0
8 0
80 0
81 0
82 0
83 0
84 0
85 0
86 0
87 0
88 0
89 0
9 0
90 0
91 0
92 0
93 0
94 0
95 0
96 0
97 0
98 0
99 0
0 0
1 0
10 0
100 0
101 0
102 0
103 0
104 0
105 0
106 0
107 0
108 0
109 0
11 0
110 0
111 0
112 0
113 0
114 0
115 0
116 0
117 0
118 0
119 0
12 0
120 0
121 0
122 0
123 0
124 0
125 0
126 0
127 0
128 0
129 0
13 0
130 0
131 0
132 0
133 0
134 0
135 0
136 0
137 0
138 0
139 0
14 0
140 0
141 0
142 0
143 0
144 0
145 0
146 0
147 0
148 0
149 0
15 0
150 0
151 0
152 0
153 0
154 0
155 0
156 0
157 0
158 0
159 0
16 0
160 0
161 0
162 0
163 0
164 0
165 0
166 0
167 0
168 0
169 0
17 0
170 0
171 0
172 0
173 0
174 0
175 0
176 0
177 0
178 0
179 0
18 0
180 0
181 0
182 0
183 0
184 0
185 0
186 0
187 0
188 0
189 0
19 0
190 0
191 0
192 0
193 0
194 0
195 0
196 0
197 0
198 0
199 0
2 0
20 0
200 0
201 0
202 0
203 0
204 0
205 0
206 0
207 0
208 0
209 0
21 0
210 0
211 0
212 0
213 0
214 0
215 0
216 0
217 0
218 0
219 0
22 0
220 0
221 0
222 0
223 0
224 0
225 0
226 0
227 0
228 0
229 0
23 0
230 0
231 0
232 0
233 0
234 0
235 0
236 0
237 0
238 0
239 0
24 0
240 0
241 0
242 0
243 0
244 0
245 0
246 0
247 0
248 0
249 0
25 0
250 0
251 0
252 0
253 0
254 0
255 0
256 0
257 0
258 0
259 0
26 0
260 0
261 0
262 0
263 0
264 0
265 0
266 0
267 0
268 0
269 0
27 0
270 0
271 0
272 0
273 0
274 0
275 0
276 0
277 0
278 0
279 0
28 0
280 0
281 0
282 0
283 0
284 0
285 0
286 0
287 0
288 0
289 0
29 0
290 0
291 0
292 0
293 0
294 0
295 0
296 0
297 0
298 0
299 0
3 0
30 0
300 0
301 0
302 0
303 0
304 0
305 0
306 0
307 0
308 0
309 0
31 0
310 0
311 0
312 0
313 0
314 0
315 0
316 0
317 0
318 0
319 0
32 0
320 0
321 0
322 0
323 0
324 0
325 0
326 0
327 0
328 0
329 0
33 0
330 0
331 0
332 0
333 0
334 0
335 0
336 0
337 0
338 0
339 0
34 0
340 0
341 0
342 0
343 0
344 0
345 0
346 0
347 0
348 0
349 0
35 0
350 0
351 0
352 0
353 0
354 0
355 0
356 0
357 0
358 0
359 0
36 0
360 0
361 0
362 0
363 0
364 0
365 0
366 0
367 0
368 0
369 0
37 0
370 0
371 0
372 0
373 0
374 0
375 0
376 0
377 0
378 0
379 0
38 0
380 0
381 0
382 0
383 0
384 0
385 0
386 0
387 0
388 0
389 0
39 0
390 0
391 0
392 0
393 0
394 0
395 0
396 0
397 0
398 0
399 0
4 0
40 0
400 0
401 0
402 0
403 0
404 0
405 0
406 0
407 0
408 0
409 0
41 0
410 0
411 0
412 0
413 0
414 0
415 0
42 0
43 0
44 0
45 0
46 0
47 0
48 0
49 0
5 0
50 0
51 0
52 0
53 0
54 0
55 0
56 0
57 0
58 0
59 0
6 0
60 0
61 0
62 0
63 0
64 0
65 0
66 0
67 0
68 0
69 0
7 0
70 0
71 0
72 0
73 0
74 0
75 0
76 0
77 0
78 0
79 0
8 0
80 0
81 0
82 0
83 0
84 0
85 0
86 0
87 0
88 0
89 0
9 0
90 0
91 0
92 0
93 0
94 0
95 0
96 0
97 0
98 0
99 0
0 0
1 0
10 0
100 0
101 0
102 0
103 0
104 0
105 0
106 0
107 0
108 0
109 0
11 0
110 0
111 0
112 0
113 0
114 0
115 0
116 0
117 0
118 0
119 0
12 0
120 0
121 0
122 0
123 0
124 0
125 0
126 0
127 0
128 0
129 0
13 0
130 0
131 0
132 0
133 0
134 0
135 0
136 0
137 0
138 0
139 0
14 0
140 0
141 0
142 0
143 0
144 0
145 0
146 0
147 0
148 0
149 0
15 0
150 0
151 0
152 0
153 0
154 0
155 0
156 0
157 0
158 0
159 0
16 0
160 0
161 0
162 0
163 0
164 0
165 0
166 0
167 0
168 0
169 0
17 0
170 0
171 0
172 0
173 0
174 0
175 0
176 0
177 0
178 0
179 0
18 0
180 0
181 0
182 0
183 0
184 0
185 0
186 0
187 0
188 0
189 0
19 0
190 0
191 0
192 0
193 0
194 0
195 0
196 0
197 0
198 0
199 0
2 0
20 0
200 0
201 0
202 0
203 0
204 0
205 0
206 0
207 0
208 0
209 0
21 0
210 0
211 0
212 0
213 0
214 0
215 0
216 0
217 0
218 0
219 0
22 0
220 0
221 0
222 0
223 0
224 0
225 0
226 0
227 0
228 0
229 0
23 0
230 0
231 0
232 0
233 0
234 0
235 0
236 0
237 0
238 0
239 0
24 0
240 0
241 0
242 0
243 0
244 0
245 0
246 0
247 0
248 0
249 0
25 0
250 0
251 0
252 0
253 0
254 0
255 0
256 0
257 0
258 0
259 0
26 0
260 0
261 0
262 0
263 0
264 0
265 0
266 0
267 0
268 0
269 0
27 0
270 0
271 0
272 0
273 0
274 0
275 0
276 0
277 0
278 0
279 0
28 0
280 0
281 0
282 0
283 0
284 0
285 0
286 0
287 0
288 0
289 0
29 0
290 0
291 0
292 0
293 0
294 0
295 0
296 0
297 0
298 0
299 0
3 0
30 0
300 0
301 0
302 0
303 0
304 0
305 0
306 0
307 0
308 0
309 0
31 0
310 0
311 0
312 0
313 0
314 0
315 0
316 0
317 0
318 0
319 0
32 0
320 0
321 0
322 0
323 0
324 0
325 0
326 0
327 0
328 0
329 0
33 0
330 0
331 0
332 0
333 0
334 0
335 0
336 0
337 0
338 0
339 0
34 0
340 0
341 0
342 0
343 0
344 0
345 0
346 0
347 0
348 0
349 0
35 0
350 0
351 0
352 0
353 0
354 0
355 0
356 0
357 0
358 0
359 0
36 0
360 0
361 0
362 0
363 0
364 0
365 0
366 0
367 0
368 0
369 0
37 0
370 0
371 0
372 0
373 0
374 0
375 0
376 0
377 0
378 0
379 0
38 0
380 0
381 0
382 0
383 0
384 0
385 0
386 0
387 0
388 0
389 0
39 0
4 0
40 0
41 0
42 0
43 0
44 0
45 0
46 0
47 0
48 0
49 0
5 0
50 0
51 0
52 0
53 0
54 0
55 0
56 0
57 0
58 0
59 0
6 0
60 0
61 0
62 0
63 0
64 0
65 0
66 0
67 0
68 0
69 0
7 0
70 0
71 0
72 0
73 0
74 0
75 0
76 0
77 0
78 0
79 0
8 0
80 0
81 0
82 0
83 0
84 0
85 0
86 0
87 0
88 0
89 0
9 0
90 0
91 0
92 0
93 0
94 0
95 0
96 0
97 0
98 0
99 0
103 0
104 0
122 0
123 0
125 0
126 0
130 0
131 0
142 0
143 0
172 0
173 0
174 0
175 0
191 0
192 0
212 0
213 0
223 0
224 0
240 0
241 0
259 0
260 0
263 0
264 0
279 0
280 0
289 0
290 0
3 0
312 0
313 0
322 0
323 0
335 0
336 0
340 0
341 0
372 0
373 0
374 0
375 0
38 0
386 0
387 0
39 0
4 0
416 0
417 0
42 0
43 0
436 0
437 0
455 0
456 0
466 0
467 0
485 0
486 0
493 0
494 0
531 0
532 0
535 0
536 0
551 0
552 0
591 0
592 0
6 0
604 0
605 0
612 0
613 0
651 0
652 0
660 0
661 0
665 0
666 0
7 0
85 0
86 0
98 0
99 0
103 0
104 469
122 3
123 466
125 11
126 466
130 461
131 33
142 464
143 458
172 17
173 460
174 60
175 460
191 457
192 329
212 19
213 458
223 458
224 434
240 444
241 456
259 395
260 456
263 454
264 434
279 0
280 439
289 0
290 455
3 0
312 91
313 454
322 4
323 453
335 450
336 450
340 91
341 450
372 448
373 407
374 2
375 447
38 0
386 0
387 447
39 70
4 493
416 447
417 447
42 0
43 473
436 0
437 158
455 75
456 444
466 0
467 12
485 0
486 16
493 0
494 442
531 48
532 441
535 432
536 441
551 0
552 439
591 142
592 440
6 39
604 2
605 440
612 422
613 14
651 151
652 440
660 0
661 438
665 0
666 439
7 490
85 470
86 32
98 0
99 441
105 13
106 999
107 925
108 999
12 0
125 55
126 999
13 102
155 999
156 999
157 12
158 999
160 999
161 865
167 193
168 999
170 999
171 148
230 183
231 999
233 994
234 999
240 3
241 999
258 16
259 999
262 963
263 999
270 924
271 999
273 900
274 999
288 978
289 999
292 0
293 999
307 1
308 999
311 951
312 999
330 990
331 993
335 999
336 997
350 147
351 999
362 937
363 999
368 999
369 938
390 854
391 999
407 2
408 999
410 0
411 999
431 0
432 93
437 0
438 194
44 2
45 999
457 1
458 999
474 0
475 10
476 0
477 999
482 901
483 999
497 1
498 999
510 0
511 999
530 0
531 999
533 167
534 999
539 0
540 999
558 1
559 999
567 1
568 999
573 125
574 999
580 0
581 989
588 22
589 999
598 503
599 999
623 999
624 999
67 0
68 991
81 998
82 28
105 13
106 999
107 925
108 999
12 0
125 55
126 999
13 102
155 999
156 999
157 12
158 999
160 999
161 865
167 193
168 999
170 999
171 148
230 183
231 999
233 994
234 999
240 3
241 999
258 16
259 999
262 963
263 999
270 924
271 999
273 900
274 999
288 978
289 999
292 0
293 999
307 1
308 999
311 951
312 999
330 990
331 993
335 999
336 997
350 147
351 999
362 937
363 999
368 999
369 938
390 854
391 999
407 2
408 999
410 0
411 999
431 0
432 93
437 0
438 194
44 2
45 999
457 1
458 999
474 0
475 10
476 0
477 999
482 901
483 999
497 1
498 999
510 0
511 999
530 0
531 999
533 167
534 999
539 0
540 999
558 1
559 999
567 1
568 999
573 125
574 999
580 0
581 989
588 22
589 999
598 503
599 999
623 999
624 999
67 0
68 991
81 998
82 28
101 243
102 984
103 29
104 983
115 22
116 983
12 3
126 982
127 632
13 995
141 981
142 16
15 10
150 0
151 978
16 993
160 62
161 979
174 850
175 979
179 21
180 979
181 872
182 979
186 1
187 979
190 979
191 2
205 824
206 976
208 959
209 973
21 989
210 0
211 979
22 991
227 0
228 978
229 978
230 978
242 0
243 976
323 0
324 975
328 974
329 27
356 973
357 961
358 3
359 974
390 961
391 0
399 0
400 973
403 29
404 971
409 970
41 926
410 908
412 17
413 970
42 987
420 0
421 970
424 569
425 969
427 1
428 968
432 557
433 968
444 845
445 968
446 968
447 968
448 477
449 968
463 24
464 968
501 0
502 967
505 894
506 967
532 966
533 967
535 967
536 960
558 23
559 966
562 966
563 858
578 26
579 966
599 10
600 965
608 913
609 965
619 965
620 965
625 34
626 965
74 981
75 820
81 15
82 986
98 0
99 911
105 13
106 999
107 925
108 999
12 0
125 55
126 999
13 102
155 999
156 999
157 12
158 999
160 999
161 865
167 193
168 999
170 999
171 148
230 183
231 999
233 994
234 999
240 3
241 999
258 16
259 999
262 963
263 999
270 924
271 999
273 900
274 999
288 978
289 999
292 0
293 999
307 1
308 999
311 951
312 999
330 990
331 993
335 999
336 997
350 147
351 999
362 937
363 999
368 999
369 938
390 854
391 999
407 2
408 999
410 0
411 999
431 0
432 93
437 0
438 194
44 2
45 999
457 1
458 999
474 0
475 10
476 0
477 999
482 901
483 999
497 1
498 999
510 0
511 999
530 0
531 999
533 167
534 999
539 0
540 999
558 1
559 999
567 1
568 999
573 125
574 999
580 0
581 989
588 22
589 999
598 503
599 999
623 999
624 999
67 0
68 991
81 998
82 28
10 25
106 992
107 5
11 999
130 443
131 999
135 992
136 999
153 16
154 999
17 0
18 992
182 0
183 999
203 0
204 999
229 998
230 999
272 922
273 999
319 2
320 999
414 999
415 999
416 72
417 999
437 0
438 998
472 999
473 16
485 19
486 999
521 5
522 999
526 952
527 999
652 999
653 999
699 999
700 996
8 524
9 998
100 499
101 499
102 499
109 0
11 0
110 499
114 499
115 499
12 499
120 223
121 499
128 496
129 499
130 64
131 499
139 499
140 499
143 499
144 499
147 499
148 499
149 30
15 499
150 499
153 499
154 499
157 69
158 499
16 499
162 499
163 499
166 34
167 499
171 499
172 499
175 499
176 499
178 499
179 491
18 499
181 88
182 499
183 448
184 499
185 499
186 499
187 491
188 499
19 12
191 499
192 499
194 106
195 499
197 499
198 495
200 0
201 499
204 499
205 499
21 499
210 499
211 64
212 499
213 499
214 154
215 499
218 499
219 499
22 499
226 499
227 499
230 499
231 499
235 499
236 499
247 499
248 499
250 499
251 499
258 499
259 499
262 499
263 499
265 499
266 499
267 499
268 499
269 499
270 499
275 499
276 499
277 499
278 499
279 182
280 499
283 499
284 499
287 0
288 499
289 499
29 498
290 499
294 8
295 499
296 499
297 499
30 89
303 499
304 499
305 495
306 499
307 182
308 499
31 499
310 499
311 499
313 498
314 499
317 498
318 499
32 499
321 499
322 499
325 499
326 499
327 70
328 499
33 498
331 6
332 499
34 499
340 499
341 499
348 311
349 499
356 6
357 499
36 212
363 499
364 499
366 487
367 499
37 499
375 499
376 499
377 499
378 499
379 88
380 499
381 15
382 499
385 34
386 499
387 157
388 499
393 55
394 499
398 499
399 499
4 209
40 199
401 499
402 499
404 499
405 499
406 477
407 499
409 499
41 499
410 499
412 499
413 499
415 498
416 499
418 499
419 499
420 499
421 499
425 499
426 499
428 499
429 499
435 499
436 499
438 485
439 499
44 263
440 32
441 499
442 497
443 499
444 499
445 499
446 467
447 499
45 499
451 499
452 499
456 499
457 499
460 210
461 499
465 0
466 499
468 499
469 499
470 456
471 499
473 1
474 499
475 490
476 499
479 116
480 499
483 5
484 499
485 499
486 499
489 83
49 499
490 499
492 499
493 499
497 494
498 66
5 499
50 499
54 442
55 499
56 499
57 499
6 448
63 43
64 499
67 499
68 499
7 499
71 42
72 499
76 0
77 499
84 499
85 499
87 0
88 198
91 499
92 499
93 138
94 499
99 499
10 9999
100 9999
102 9999
103 9999
104 9999
105 9999
106 25
107 9999
108 9997
109 9999
11 9999
111 17
112 9999
114 9999
115 9999
117 9999
118 9999
119 54
120 9999
121 9999
122 9999
123 6107
124 9999
128 1377
129 9999
130 31
131 9999
132 7423
133 9999
137 9999
138 9999
14 8538
140 9999
141 9953
143 9999
144 9999
145 9999
146 9999
147 1443
148 9999
15 9999
150 241
151 9999
152 852
153 9999
156 9999
157 9999
158 9982
159 9999
16 60
160 9999
161 9999
162 9999
163 9999
165 6893
166 9999
17 9999
170 14
171 9999
174 9999
175 9999
176 1042
177 9999
178 9992
179 9999
181 1038
182 9999
183 5317
184 9999
185 9129
186 9999
189 9999
190 9999
191 9717
192 9999
193 9999
194 9999
195 368
196 9999
198 9990
199 9999
200 9999
201 9999
204 9999
205 9999
206 39
207 9999
208 2929
209 9999
219 8062
22 8888
220 9999
228 9999
229 9999
23 9999
234 6632
235 9999
236 9999
237 9999
238 9999
239 9999
242 9999
243 9999
245 9999
246 9999
247 9999
248 9999
250 9999
251 9999
253 12
254 9992
255 9999
256 9999
260 9999
261 9999
262 15
263 9999
264 9999
265 9999
27 1377
272 9999
273 9999
275 9999
276 9999
277 9790
278 9999
28 9999
280 9999
281 9999
283 8420
284 9999
285 6803
286 9999
289 9999
290 9999
291 6906
292 9999
296 12
297 9999
298 9999
299 9999
30 31
300 9967
301 9999
302 9999
303 9999
304 0
305 9981
306 594
307 9999
31 9999
311 9169
312 9999
313 760
314 9999
315 9999
316 9999
317 9999
318 9999
319 9999
32 22
320 9999
322 9717
323 9999
324 9999
325 9999
326 9046
327 9999
328 812
329 9999
33 9999
332 5007
333 9999
334 4642
335 9999
336 253
337 9999
34 858
340 9999
341 9999
343 6635
344 9999
348 8802
349 9999
35 9999
350 36
351 9999
352 0
353 9994
357 9921
358 9999
359 8096
360 9999
362 710
363 9999
364 9999
365 9999
367 9892
368 9999
370 9999
371 9999
373 8
374 9994
375 1
376 9999
378 14
379 9999
381 9999
382 9999
386 9999
387 9999
388 6759
389 9999
391 9999
392 9999
393 6255
394 9999
403 9999
404 9999
41 9999
414 13
415 9999
417 3
418 9999
419 9983
42 9999
420 9999
424 9971
425 9999
429 769
43 6309
430 9999
431 9999
432 9999
434 9999
435 9999
438 9998
439 9999
44 9999
47 303
48 9999
50 9999
51 9999
53 3
54 9999
55 9760
56 9999
59 37
60 9999
61 9999
62 9999
63 159
64 9999
67 15
68 9999
69 9999
70 9999
73 9999
74 9999
76 151
77 9999
80 9999
81 9999
90 5300
91 9999
94 5218
95 9999
97 9955
98 9999
99 91
10 9999
100 9999
102 9999
103 9999
104 9999
105 9999
106 25
107 9999
108 9997
109 9999
11 9999
111 17
112 9999
114 9999
115 9999
117 9999
118 9999
119 54
120 9999
121 9999
122 9999
123 6107
124 9999
128 1377
129 9999
130 31
131 9999
132 7423
133 9999
137 9999
138 9999
14 8538
140 9999
141 9953
143 9999
144 9999
145 9999
146 9999
147 1443
148 9999
15 9999
150 241
151 9999
152 852
153 9999
156 9999
157 9999
158 9982
159 9999
16 60
160 9999
161 9999
162 9999
163 9999
165 6893
166 9999
17 9999
170 14
171 9999
174 9999
175 9999
176 1042
177 9999
178 9992
179 9999
181 1038
182 9999
183 5317
184 9999
185 9129
186 9999
189 9999
190 9999
191 9717
192 9999
193 9999
194 9999
195 368
196 9999
198 9990
199 9999
200 9999
201 9999
204 9999
205 9999
206 39
207 9999
208 2929
209 9999
219 8062
22 8888
220 9999
228 9999
229 9999
23 9999
234 6632
235 9999
236 9999
237 9999
238 9999
239 9999
242 9999
243 9999
245 9999
246 9999
247 9999
248 9999
250 9999
251 9999
253 12
254 9992
255 9999
256 9999
260 9999
261 9999
262 15
263 9999
264 9999
265 9999
27 1377
272 9999
273 9999
275 9999
276 9999
277 9790
278 9999
28 9999
280 9999
281 9999
283 8420
284 9999
285 6803
286 9999
289 9999
290 9999
291 6906
292 9999
296 12
297 9999
298 9999
299 9999
30 31
300 9967
301 9999
302 9999
303 9999
304 0
305 9981
306 594
307 9999
31 9999
311 9169
312 9999
313 760
314 9999
315 9999
316 9999
317 9999
318 9999
319 9999
32 22
320 9999
322 9717
323 9999
324 9999
325 9999
326 9046
327 9999
328 812
329 9999
33 9999
332 5007
333 9999
334 4642
335 9999
336 253
337 9999
34 858
340 9999
341 9999
343 6635
344 9999
348 8802
349 9999
35 9999
350 36
351 9999
352 0
353 9994
357 9921
358 9999
359 8096
360 9999
362 710
363 9999
364 9999
365 9999
367 9892
368 9999
370 9999
371 9999
373 8
374 9994
375 1
376 9999
378 14
379 9999
381 9999
382 9999
386 9999
387 9999
388 6759
389 9999
391 9999
392 9999
393 6255
394 9999
403 9999
404 9999
41 9999
414 13
415 9999
417 3
418 9999
419 9983
42 9999
420 9999
424 9971
425 9999
429 769
43 6309
430 9999
431 9999
432 9999
434 9999
435 9999
438 9998
439 9999
44 9999
47 303
48 9999
50 9999
51 9999
53 3
54 9999
55 9760
56 9999
59 37
60 9999
61 9999
62 9999
63 159
64 9999
67 15
68 9999
69 9999
70 9999
73 9999
74 9999
76 151
77 9999
80 9999
81 9999
90 5300
91 9999
94 5218
95 9999
97 9955
98 9999
99 91
10 3
11 489
12 0
13 430
151 23
152 499
17 441
18 481
255 0
256 398
257 39
258 493
27 39
28 499
31 0
32 10
369 0
370 499
43 0
435 1
436 483
437 42
438 499
44 498
531 143
532 23
559 143
560 499
592 0
593 43
650 0
651 0
678 32
679 499
682 499
683 14
7 346
707 2
708 499
719 129
720 499
725 446
726 396
73 0
74 162
747 46
748 499
760 0
761 3
776 0
777 43
8 72
823 499
824 495
87 0
88 467
89 2
90 499
