103 9970
104 9996
105 0
106 9997
110 7
111 9999
117 9674
118 9999
139 9996
140 9999
141 0
142 9999
144 9999
145 9996
150 9999
151 9999
159 1180
160 9999
17 6491
171 0
172 9999
175 9969
176 9999
178 9999
179 9617
18 9996
185 1172
186 9999
189 0
190 9999
191 58
192 9999
195 972
196 0
201 0
202 9999
211 607
212 9999
216 0
217 9576
222 9999
223 9979
23 5
234 6
235 9999
237 0
238 9972
239 6
24 9999
240 9999
251 0
252 9435
260 0
261 9999
266 47
267 9999
271 0
272 9999
276 0
277 0
280 0
281 9999
282 0
283 9974
288 9601
289 9969
297 9999
298 9912
300 6
301 9999
302 0
303 9999
320 9995
321 9999
322 9999
323 9999
324 3
325 9998
329 0
330 9999
334 0
335 9999
345 9
346 9999
360 6
361 9999
365 9999
366 9999
372 0
373 9999
374 1335
375 9999
380 58
381 9999
393 9995
394 9999
398 790
399 9999
40 0
400 9997
401 9999
406 0
407 831
41 9995
411 0
412 9999
423 1308
424 9999
427 0
428 9999
431 0
432 9434
437 0
438 9999
441 73
442 9999
444 6951
445 9999
45 9999
457 0
458 9999
46 7
47 0
473 9586
474 9999
48 9967
490 0
491 9999
494 0
495 9999
497 0
498 9999
499 4
5 9997
500 9999
501 5
502 9999
508 0
509 0
51 0
519 0
52 9999
520 1041
541 9972
542 9999
544 0
545 9999
547 9262
548 9999
549 63
550 9999
552 7200
553 1341
559 0
56 9997
560 9440
563 9440
564 9937
568 7
569 9999
57 9999
595 9940
596 9999
6 9999
603 0
604 9643
609 0
610 9999
647 6400
648 9944
650 0
651 9997
659 0
660 9997
668 6
669 9999
672 114
673 9999
676 4
677 9999
678 5
679 9999
681 9966
682 9998
683 8817
684 9999
694 1112
695 9999
696 4
697 9999
702 7
703 9997
704 407
705 9999
716 6
717 9999
720 6414
721 53
722 43
723 9996
77 9999
78 9999
79 0
80 9622
85 0
86 9999
87 0
88 9999
89 0
90 9999
96 5
97 9999
103 9970
104 9996
105 0
106 9997
110 7
111 9999
117 9674
118 9999
139 9996
140 9999
141 0
142 9999
144 9999
145 9996
150 9999
151 9999
159 1180
160 9999
17 6491
171 0
172 9999
175 9969
176 9999
178 9999
179 9617
18 9996
185 1172
186 9999
189 0
190 9999
191 58
192 9999
195 972
196 0
201 0
202 9999
211 607
212 9999
216 0
217 9576
222 9999
223 9979
23 5
234 6
235 9999
237 0
238 9972
239 6
24 9999
240 9999
251 0
252 9435
260 0
261 9999
266 47
267 9999
271 0
272 9999
276 0
277 0
280 0
281 9999
282 0
283 9974
288 9601
289 9969
297 9999
298 9912
300 6
301 9999
302 0
303 9999
320 9995
321 9999
322 9999
323 9999
324 3
325 9998
329 0
330 9999
334 0
335 9999
345 9
346 9999
360 6
361 9999
365 9999
366 9999
372 0
373 9999
374 1335
375 9999
380 58
381 9999
393 9995
394 9999
398 790
399 9999
40 0
400 9997
401 9999
406 0
407 831
41 9995
411 0
412 9999
423 1308
424 9999
427 0
428 9999
431 0
432 9434
437 0
438 9999
441 73
442 9999
444 6951
445 9999
45 9999
457 0
458 9999
46 7
47 0
473 9586
474 9999
48 9967
490 0
491 9999
494 0
495 9999
497 0
498 9999
499 4
5 9997
500 9999
501 5
502 9999
508 0
509 0
51 0
519 0
52 9999
520 1041
541 9972
542 9999
544 0
545 9999
547 9262
548 9999
549 63
550 9999
552 7200
553 1341
559 0
56 9997
560 9440
563 9440
564 9937
568 7
569 9999
57 9999
595 9940
596 9999
6 9999
603 0
604 9643
609 0
610 9999
647 6400
648 9944
650 0
651 9997
659 0
660 9997
668 6
669 9999
672 114
673 9999
676 4
677 9999
678 5
679 9999
681 9966
682 9998
683 8817
684 9999
694 1112
695 9999
696 4
697 9999
702 7
703 9997
704 407
705 9999
716 6
717 9999
720 6414
721 53
722 43
723 9996
77 9999
78 9999
79 0
80 9622
85 0
86 9999
87 0
88 9999
89 0
90 9999
96 5
97 9999
0 0
1 0
10 0
100 0
101 0
102 0
103 0
104 0
105 0
106 0
107 0
108 0
109 0
11 0
110 0
111 0
112 0
113 0
114 0
115 0
116 0
117 0
118 0
119 0
12 0
120 0
121 0
122 0
123 0
124 0
125 0
126 0
127 0
128 0
129 0
13 0
130 0
131 0
132 0
133 0
134 0
135 0
136 0
137 0
138 0
139 0
14 0
140 0
141 0
142 0
143 0
144 0
145 0
146 0
147 0
148 0
149 0
15 0
150 0
151 0
152 0
153 0
154 0
155 0
156 0
157 0
158 0
159 0
16 0
160 0
161 0
162 0
163 0
164 0
165 0
166 0
167 0
168 0
169 0
17 0
170 0
171 0
172 0
173 0
174 0
175 0
176 0
177 0
178 0
179 0
18 0
180 0
181 0
182 0
183 0
184 0
185 0
186 0
187 0
188 0
189 0
19 0
190 0
191 0
192 0
193 0
194 0
195 0
196 0
197 0
198 0
199 0
2 0
20 0
200 0
201 0
202 0
203 0
204 0
205 0
206 0
207 0
208 0
209 0
21 0
210 0
211 0
212 0
213 0
214 0
215 0
216 0
217 0
218 0
219 0
22 0
220 0
221 0
222 0
223 0
224 0
225 0
226 0
227 0
228 0
229 0
23 0
230 0
231 0
232 0
233 0
234 0
235 0
236 0
237 0
238 0
239 0
24 0
240 0
241 0
242 0
243 0
244 0
245 0
246 0
247 0
248 0
249 0
25 0
250 0
251 0
252 0
253 0
254 0
255 0
256 0
257 0
258 0
259 0
26 0
260 0
261 0
262 0
263 0
264 0
265 0
266 0
267 0
268 0
269 0
27 0
270 0
271 0
272 0
273 0
274 0
275 0
276 0
277 0
278 0
279 0
28 0
280 0
281 0
282 0
283 0
284 0
285 0
286 0
287 0
288 0
289 0
29 0
290 0
291 0
292 0
293 0
294 0
295 0
296 0
297 0
298 0
299 0
3 0
30 0
300 0
301 0
302 0
303 0
304 0
305 0
306 0
307 0
308 0
309 0
31 0
310 0
311 0
312 0
313 0
314 0
315 0
316 0
317 0
318 0
319 0
32 0
320 0
321 0
322 0
323 0
324 0
325 0
326 0
327 0
328 0
329 0
33 0
330 0
331 0
332 0
333 0
334 0
335 0
336 0
337 0
338 0
339 0
34 0
340 0
341 0
342 0
343 0
344 0
345 0
346 0
347 0
348 0
349 0
35 0
350 0
351 0
352 0
353 0
354 0
355 0
356 0
357 0
358 0
359 0
36 0
360 0
361 0
362 0
363 0
364 0
365 0
366 0
367 0
368 0
369 0
37 0
370 0
371 0
372 0
373 0
374 0
375 0
376 0
377 0
378 0
379 0
38 0
380 0
381 0
382 0
383 0
384 0
385 0
386 0
387 0
388 0
389 0
39 0
390 0
391 0
392 0
393 0
394 0
395 0
396 0
397 0
398 0
399 0
4 0
40 0
400 0
401 0
402 0
403 0
404 0
405 0
406 0
407 0
408 0
409 0
41 0
410 0
411 0
412 0
413 0
414 0
415 0
416 0
417 0
418 0
419 0
42 0
420 0
421 0
422 0
423 0
424 0
425 0
426 0
427 0
428 0
429 0
43 0
430 0
431 0
432 0
433 0
434 0
435 0
436 0
437 0
438 0
439 0
44 0
440 0
441 0
442 0
443 0
444 0
445 0
446 0
447 0
448 0
449 0
45 0
450 0
451 0
452 0
453 0
454 0
455 0
456 0
457 0
458 0
459 0
46 0
460 0
461 0
462 0
463 0
464 0
465 0
466 0
467 0
468 0
469 0
47 0
470 0
471 0
472 0
473 0
474 0
475 0
476 0
477 0
478 0
479 0
48 0
480 0
481 0
482 0
483 0
484 0
485 0
486 0
487 0
488 0
489 0
49 0
490 0
491 0
492 0
493 0
494 0
495 0
496 0
497 0
498 0
499 0
5 0
50 0
500 0
501 0
502 0
503 0
504 0
505 0
506 0
507 0
508 0
509 0
51 0
510 0
511 0
512 0
513 0
514 0
515 0
516 0
517 0
518 0
519 0
52 0
520 0
521 0
522 0
523 0
524 0
525 0
526 0
527 0
528 0
529 0
53 0
530 0
531 0
532 0
533 0
534 0
535 0
536 0
537 0
538 0
539 0
54 0
540 0
541 0
542 0
543 0
544 0
545 0
546 0
547 0
548 0
549 0
55 0
550 0
551 0
552 0
553 0
554 0
555 0
556 0
557 0
558 0
559 0
56 0
560 0
561 0
562 0
563 0
564 0
565 0
566 0
567 0
568 0
569 0
57 0
570 0
571 0
572 0
573 0
574 0
575 0
576 0
577 0
578 0
579 0
58 0
580 0
581 0
582 0
583 0
584 0
585 0
586 0
587 0
588 0
589 0
59 0
590 0
591 0
592 0
593 0
594 0
595 0
596 0
597 0
598 0
599 0
6 0
60 0
600 0
601 0
602 0
603 0
604 0
605 0
606 0
607 0
608 0
609 0
61 0
610 0
611 0
612 0
613 0
614 0
615 0
616 0
617 0
618 0
619 0
62 0
620 0
621 0
622 0
623 0
624 0
625 0
626 0
627 0
628 0
629 0
63 0
630 0
631 0
64 0
65 0
66 0
67 0
68 0
69 0
7 0
70 0
71 0
72 0
73 0
74 0
75 0
76 0
77 0
78 0
79 0
8 0
80 0
81 0
82 0
83 0
84 0
85 0
86 0
87 0
88 0
89 0
9 0
90 0
91 0
92 0
93 0
94 0
95 0
96 0
97 0
98 0
99 0
0 0
1 0
10 0
100 0
101 0
102 0
103 0
104 0
105 0
106 0
107 0
108 0
109 0
11 0
110 0
111 0
112 0
113 0
114 0
115 0
116 0
117 0
118 0
119 0
12 0
120 0
121 0
122 0
123 0
124 0
125 0
126 0
127 0
128 0
129 0
13 0
130 0
131 0
132 0
133 0
134 0
135 0
136 0
137 0
138 0
139 0
14 0
140 0
141 0
142 0
143 0
144 0
145 0
146 0
147 0
148 0
149 0
15 0
150 0
151 0
152 0
153 0
154 0
155 0
156 0
157 0
158 0
159 0
16 0
160 0
161 0
162 0
163 0
164 0
165 0
166 0
167 0
168 0
169 0
17 0
170 0
171 0
172 0
173 0
174 0
175 0
176 0
177 0
178 0
179 0
18 0
180 0
181 0
182 0
183 0
184 0
185 0
186 0
187 0
188 0
189 0
19 0
190 0
191 0
192 0
193 0
194 0
195 0
196 0
197 0
198 0
199 0
2 0
20 0
200 0
201 0
202 0
203 0
204 0
205 0
206 0
207 0
208 0
209 0
21 0
210 0
211 0
212 0
213 0
214 0
215 0
216 0
217 0
218 0
219 0
22 0
220 0
221 0
222 0
223 0
224 0
225 0
226 0
227 0
228 0
229 0
23 0
230 0
231 0
232 0
233 0
234 0
235 0
236 0
237 0
238 0
239 0
24 0
240 0
241 0
242 0
243 0
244 0
245 0
246 0
247 0
248 0
249 0
25 0
250 0
251 0
252 0
253 0
254 0
255 0
256 0
257 0
258 0
259 0
26 0
260 0
261 0
262 0
263 0
264 0
265 0
266 0
267 0
268 0
269 0
27 0
270 0
271 0
272 0
273 0
274 0
275 0
276 0
277 0
278 0
279 0
28 0
280 0
281 0
282 0
283 0
284 0
285 0
286 0
287 0
288 0
289 0
29 0
290 0
291 0
292 0
293 0
294 0
295 0
296 0
297 0
298 0
299 0
3 0
30 0
300 0
301 0
302 0
303 0
304 0
305 0
306 0
307 0
308 0
309 0
31 0
310 0
311 0
312 0
313 0
314 0
315 0
316 0
317 0
318 0
319 0
32 0
320 0
321 0
322 0
323 0
324 0
325 0
326 0
327 0
328 0
329 0
33 0
330 0
331 0
332 0
333 0
334 0
335 0
336 0
337 0
338 0
339 0
34 0
340 0
341 0
342 0
343 0
344 0
345 0
346 0
347 0
348 0
349 0
35 0
350 0
351 0
352 0
353 0
354 0
355 0
356 0
357 0
358 0
359 0
36 0
360 0
361 0
362 0
363 0
364 0
365 0
366 0
367 0
368 0
369 0
37 0
370 0
371 0
372 0
373 0
374 0
375 0
376 0
377 0
378 0
379 0
38 0
380 0
381 0
382 0
383 0
384 0
385 0
386 0
387 0
388 0
389 0
39 0
390 0
391 0
392 0
393 0
394 0
395 0
396 0
397 0
398 0
399 0
4 0
40 0
400 0
401 0
402 0
403 0
404 0
405 0
406 0
407 0
408 0
409 0
41 0
410 0
411 0
412 0
413 0
414 0
415 0
416 0
417 0
418 0
419 0
42 0
420 0
421 0
422 0
423 0
424 0
425 0
426 0
427 0
428 0
429 0
43 0
430 0
431 0
432 0
433 0
434 0
435 0
436 0
437 0
438 0
439 0
44 0
440 0
441 0
442 0
443 0
444 0
445 0
446 0
447 0
448 0
449 0
45 0
450 0
451 0
452 0
453 0
454 0
455 0
456 0
457 0
458 0
459 0
46 0
460 0
461 0
462 0
463 0
464 0
465 0
466 0
467 0
468 0
469 0
47 0
470 0
471 0
472 0
473 0
474 0
475 0
476 0
477 0
478 0
479 0
48 0
480 0
481 0
482 0
483 0
484 0
485 0
486 0
487 0
488 0
489 0
49 0
490 0
491 0
492 0
493 0
494 0
495 0
496 0
497 0
498 0
499 0
5 0
50 0
500 0
501 0
502 0
503 0
504 0
505 0
506 0
507 0
508 0
509 0
51 0
510 0
511 0
512 0
513 0
514 0
515 0
516 0
517 0
518 0
519 0
52 0
520 0
521 0
522 0
523 0
524 0
525 0
526 0
527 0
528 0
529 0
53 0
530 0
531 0
532 0
533 0
534 0
535 0
536 0
537 0
538 0
539 0
54 0
540 0
541 0
542 0
543 0
544 0
545 0
546 0
547 0
548 0
549 0
55 0
550 0
551 0
552 0
553 0
554 0
555 0
556 0
557 0
558 0
559 0
56 0
560 0
561 0
562 0
563 0
564 0
565 0
566 0
567 0
568 0
569 0
57 0
570 0
571 0
572 0
573 0
574 0
575 0
576 0
577 0
578 0
579 0
58 0
580 0
581 0
582 0
583 0
584 0
585 0
586 0
587 0
588 0
589 0
59 0
590 0
591 0
592 0
593 0
594 0
595 0
596 0
597 0
598 0
599 0
6 0
60 0
600 0
601 0
602 0
603 0
604 0
605 0
606 0
607 0
608 0
609 0
61 0
610 0
611 0
612 0
613 0
614 0
615 0
616 0
617 0
618 0
619 0
62 0
620 0
621 0
622 0
623 0
624 0
625 0
626 0
627 0
628 0
629 0
63 0
630 0
631 0
64 0
65 0
66 0
67 0
68 0
69 0
7 0
70 0
71 0
72 0
73 0
74 0
75 0
76 0
77 0
78 0
79 0
8 0
80 0
81 0
82 0
83 0
84 0
85 0
86 0
87 0
88 0
89 0
9 0
90 0
91 0
92 0
93 0
94 0
95 0
96 0
97 0
98 0
99 0
0 0
1 0
10 0
100 0
101 0
102 0
103 0
104 0
105 0
106 0
107 0
108 0
109 0
11 0
110 0
111 0
112 0
113 0
114 0
115 0
116 0
117 0
118 0
119 0
12 0
120 0
121 0
122 0
123 0
124 0
125 0
126 0
127 0
128 0
129 0
13 0
130 0
131 0
132 0
133 0
134 0
135 0
136 0
137 0
138 0
139 0
14 0
140 0
141 0
142 0
143 0
144 0
145 0
146 0
147 0
148 0
149 0
15 0
150 0
151 0
152 0
153 0
154 0
155 0
156 0
157 0
158 0
159 0
16 0
160 0
161 0
162 0
163 0
164 0
165 0
166 0
167 0
168 0
169 0
17 0
170 0
171 0
172 0
173 0
174 0
175 0
176 0
177 0
178 0
179 0
18 0
180 0
181 0
182 0
183 0
184 0
185 0
186 0
187 0
188 0
189 0
19 0
190 0
191 0
192 0
193 0
194 0
195 0
196 0
197 0
198 0
199 0
2 0
20 0
200 0
201 0
202 0
203 0
204 0
205 0
206 0
207 0
208 0
209 0
21 0
210 0
211 0
212 0
213 0
214 0
215 0
216 0
217 0
218 0
219 0
22 0
220 0
221 0
222 0
223 0
224 0
225 0
226 0
227 0
228 0
229 0
23 0
230 0
231 0
232 0
233 0
234 0
235 0
236 0
237 0
238 0
239 0
24 0
240 0
241 0
242 0
243 0
244 0
245 0
246 0
247 0
248 0
249 0
25 0
250 0
251 0
252 0
253 0
254 0
255 0
256 0
257 0
258 0
259 0
26 0
260 0
261 0
262 0
263 0
264 0
265 0
266 0
267 0
268 0
269 0
27 0
270 0
271 0
272 0
273 0
274 0
275 0
276 0
277 0
278 0
279 0
28 0
280 0
281 0
282 0
283 0
284 0
285 0
286 0
287 0
288 0
289 0
29 0
290 0
291 0
292 0
293 0
294 0
295 0
296 0
297 0
298 0
299 0
3 0
30 0
300 0
301 0
302 0
303 0
304 0
305 0
306 0
307 0
308 0
309 0
31 0
310 0
311 0
312 0
313 0
314 0
315 0
316 0
317 0
318 0
319 0
32 0
320 0
321 0
322 0
323 0
324 0
325 0
326 0
327 0
328 0
329 0
33 0
330 0
331 0
332 0
333 0
334 0
335 0
336 0
337 0
338 0
339 0
34 0
340 0
341 0
342 0
343 0
344 0
345 0
346 0
347 0
348 0
349 0
35 0
350 0
351 0
352 0
353 0
354 0
355 0
356 0
357 0
358 0
359 0
36 0
360 0
361 0
362 0
363 0
364 0
365 0
366 0
367 0
368 0
369 0
37 0
370 0
371 0
372 0
373 0
374 0
375 0
376 0
377 0
378 0
379 0
38 0
380 0
381 0
382 0
383 0
384 0
385 0
386 0
387 0
388 0
389 0
39 0
390 0
391 0
392 0
393 0
394 0
395 0
396 0
397 0
398 0
399 0
4 0
40 0
400 0
401 0
402 0
403 0
404 0
405 0
406 0
407 0
408 0
409 0
41 0
410 0
411 0
412 0
413 0
414 0
415 0
416 0
417 0
418 0
419 0
42 0
420 0
421 0
422 0
423 0
424 0
425 0
426 0
427 0
428 0
429 0
43 0
430 0
431 0
432 0
433 0
434 0
435 0
436 0
437 0
438 0
439 0
44 0
440 0
441 0
442 0
443 0
444 0
445 0
446 0
447 0
448 0
449 0
45 0
450 0
451 0
452 0
453 0
454 0
455 0
456 0
457 0
458 0
459 0
46 0
460 0
461 0
462 0
463 0
464 0
465 0
466 0
467 0
468 0
469 0
47 0
470 0
471 0
472 0
473 0
474 0
475 0
476 0
477 0
478 0
479 0
48 0
480 0
481 0
482 0
483 0
484 0
485 0
486 0
487 0
488 0
489 0
49 0
490 0
491 0
492 0
493 0
494 0
495 0
496 0
497 0
498 0
499 0
5 0
50 0
500 0
501 0
502 0
503 0
504 0
505 0
506 0
507 0
508 0
509 0
51 0
510 0
511 0
512 0
513 0
514 0
515 0
516 0
517 0
518 0
519 0
52 0
520 0
521 0
522 0
523 0
524 0
525 0
526 0
527 0
528 0
529 0
53 0
530 0
531 0
532 0
533 0
534 0
535 0
536 0
537 0
538 0
539 0
54 0
540 0
541 0
542 0
543 0
544 0
545 0
546 0
547 0
548 0
549 0
55 0
550 0
551 0
552 0
553 0
554 0
555 0
556 0
557 0
558 0
559 0
56 0
560 0
561 0
562 0
563 0
564 0
565 0
566 0
567 0
568 0
569 0
57 0
570 0
571 0
572 0
573 0
574 0
575 0
576 0
577 0
578 0
579 0
58 0
580 0
581 0
582 0
583 0
584 0
585 0
586 0
587 0
588 0
589 0
59 0
590 0
591 0
592 0
593 0
594 0
595 0
596 0
597 0
598 0
599 0
6 0
60 0
600 0
601 0
602 0
603 0
604 0
605 0
606 0
607 0
608 0
609 0
61 0
610 0
611 0
612 0
613 0
614 0
615 0
616 0
617 0
618 0
619 0
62 0
620 0
621 0
622 0
623 0
624 0
625 0
626 0
627 0
628 0
629 0
63 0
630 0
631 0
64 0
65 0
66 0
67 0
68 0
69 0
7 0
70 0
71 0
72 0
73 0
74 0
75 0
76 0
77 0
78 0
79 0
8 0
80 0
81 0
82 0
83 0
84 0
85 0
86 0
87 0
88 0
89 0
9 0
90 0
91 0
92 0
93 0
94 0
95 0
96 0
97 0
98 0
99 0
0 0
1 0
10 0
100 0
101 0
102 0
103 0
104 0
105 0
106 0
107 0
108 0
109 0
11 0
110 0
111 0
112 0
113 0
114 0
115 0
116 0
117 0
118 0
119 0
12 0
120 0
121 0
122 0
123 0
124 0
125 0
126 0
127 0
128 0
129 0
13 0
130 0
131 0
132 0
133 0
134 0
135 0
136 0
137 0
138 0
139 0
14 0
140 0
141 0
142 0
143 0
144 0
145 0
146 0
147 0
148 0
149 0
15 0
150 0
151 0
152 0
153 0
154 0
155 0
156 0
157 0
158 0
159 0
16 0
160 0
161 0
162 0
163 0
164 0
165 0
166 0
167 0
168 0
169 0
17 0
170 0
171 0
172 0
173 0
174 0
175 0
176 0
177 0
178 0
179 0
18 0
180 0
181 0
182 0
183 0
184 0
185 0
186 0
187 0
188 0
189 0
19 0
190 0
191 0
192 0
193 0
194 0
195 0
196 0
197 0
198 0
199 0
2 0
20 0
200 0
201 0
202 0
203 0
204 0
205 0
206 0
207 0
208 0
209 0
21 0
210 0
211 0
212 0
213 0
214 0
215 0
216 0
217 0
218 0
219 0
22 0
220 0
221 0
222 0
223 0
224 0
225 0
226 0
227 0
228 0
229 0
23 0
230 0
231 0
232 0
233 0
234 0
235 0
236 0
237 0
238 0
239 0
24 0
240 0
241 0
242 0
243 0
244 0
245 0
246 0
247 0
248 0
249 0
25 0
250 0
251 0
252 0
253 0
254 0
255 0
256 0
257 0
258 0
259 0
26 0
260 0
261 0
262 0
263 0
264 0
265 0
266 0
267 0
268 0
269 0
27 0
270 0
271 0
272 0
273 0
274 0
275 0
276 0
277 0
278 0
279 0
28 0
280 0
281 0
282 0
283 0
284 0
285 0
286 0
287 0
288 0
289 0
29 0
290 0
291 0
292 0
293 0
294 0
295 0
296 0
297 0
298 0
299 0
3 0
30 0
300 0
301 0
302 0
303 0
304 0
305 0
306 0
307 0
308 0
309 0
31 0
310 0
311 0
312 0
313 0
314 0
315 0
316 0
317 0
318 0
319 0
32 0
320 0
321 0
322 0
323 0
324 0
325 0
326 0
327 0
328 0
329 0
33 0
330 0
331 0
332 0
333 0
334 0
335 0
336 0
337 0
338 0
339 0
34 0
340 0
341 0
342 0
343 0
344 0
345 0
346 0
347 0
348 0
349 0
35 0
350 0
351 0
352 0
353 0
354 0
355 0
356 0
357 0
358 0
359 0
36 0
360 0
361 0
362 0
363 0
364 0
365 0
366 0
367 0
368 0
369 0
37 0
370 0
371 0
372 0
373 0
374 0
375 0
376 0
377 0
378 0
379 0
38 0
380 0
381 0
382 0
383 0
384 0
385 0
386 0
387 0
388 0
389 0
39 0
390 0
391 0
392 0
393 0
394 0
395 0
396 0
397 0
398 0
399 0
4 0
40 0
400 0
401 0
402 0
403 0
404 0
405 0
406 0
407 0
408 0
409 0
41 0
410 0
411 0
412 0
413 0
414 0
415 0
416 0
417 0
418 0
419 0
42 0
420 0
421 0
422 0
423 0
424 0
425 0
426 0
427 0
428 0
429 0
43 0
430 0
431 0
432 0
433 0
434 0
435 0
436 0
437 0
438 0
439 0
44 0
440 0
441 0
442 0
443 0
444 0
445 0
446 0
447 0
448 0
449 0
45 0
450 0
451 0
452 0
453 0
454 0
455 0
456 0
457 0
458 0
459 0
46 0
460 0
461 0
462 0
463 0
464 0
465 0
466 0
467 0
468 0
469 0
47 0
470 0
471 0
472 0
473 0
474 0
475 0
476 0
477 0
478 0
479 0
48 0
480 0
481 0
482 0
483 0
484 0
485 0
486 0
487 0
488 0
489 0
49 0
490 0
491 0
492 0
493 0
494 0
495 0
496 0
497 0
498 0
499 0
5 0
50 0
500 0
501 0
502 0
503 0
504 0
505 0
506 0
507 0
508 0
509 0
51 0
510 0
511 0
512 0
513 0
514 0
515 0
516 0
517 0
518 0
519 0
52 0
520 0
521 0
522 0
523 0
524 0
525 0
526 0
527 0
528 0
529 0
53 0
530 0
531 0
532 0
533 0
534 0
535 0
536 0
537 0
538 0
539 0
54 0
540 0
541 0
542 0
543 0
544 0
545 0
546 0
547 0
548 0
549 0
55 0
550 0
551 0
552 0
553 0
554 0
555 0
556 0
557 0
558 0
559 0
56 0
560 0
561 0
562 0
563 0
564 0
565 0
566 0
567 0
568 0
569 0
57 0
570 0
571 0
572 0
573 0
574 0
575 0
576 0
577 0
578 0
579 0
58 0
580 0
581 0
582 0
583 0
584 0
585 0
586 0
587 0
588 0
589 0
59 0
590 0
591 0
592 0
593 0
594 0
595 0
596 0
597 0
598 0
599 0
6 0
60 0
600 0
601 0
602 0
603 0
604 0
605 0
606 0
607 0
608 0
609 0
61 0
610 0
611 0
612 0
613 0
614 0
615 0
616 0
617 0
618 0
619 0
62 0
620 0
621 0
622 0
623 0
624 0
625 0
626 0
627 0
628 0
629 0
63 0
630 0
631 0
632 0
633 0
634 0
635 0
636 0
637 0
638 0
639 0
64 0
640 0
641 0
642 0
643 0
644 0
645 0
646 0
647 0
648 0
649 0
65 0
650 0
651 0
652 0
653 0
654 0
655 0
656 0
657 0
658 0
659 0
66 0
67 0
68 0
69 0
7 0
70 0
71 0
72 0
73 0
74 0
75 0
76 0
77 0
78 0
79 0
8 0
80 0
81 0
82 0
83 0
84 0
85 0
86 0
87 0
88 0
89 0
9 0
90 0
91 0
92 0
93 0
94 0
95 0
96 0
97 0
98 0
99 0
0 0
1 0
10 0
100 0
101 0
102 0
103 0
104 0
105 0
106 0
107 0
108 0
109 0
11 0
110 0
111 0
112 0
113 0
114 0
115 0
116 0
117 0
118 0
119 0
12 0
120 0
121 0
122 0
123 0
124 0
125 0
126 0
127 0
128 0
129 0
13 0
130 0
131 0
132 0
133 0
134 0
135 0
136 0
137 0
138 0
139 0
14 0
140 0
141 0
142 0
143 0
144 0
145 0
146 0
147 0
148 0
149 0
15 0
150 0
151 0
152 0
153 0
154 0
155 0
156 0
157 0
158 0
159 0
16 0
160 0
161 0
162 0
163 0
164 0
165 0
166 0
167 0
168 0
169 0
17 0
170 0
171 0
172 0
173 0
174 0
175 0
176 0
177 0
178 0
179 0
18 0
180 0
181 0
182 0
183 0
184 0
185 0
186 0
187 0
188 0
189 0
19 0
190 0
191 0
192 0
193 0
194 0
195 0
196 0
197 0
198 0
199 0
2 0
20 0
200 0
201 0
202 0
203 0
204 0
205 0
206 0
207 0
208 0
209 0
21 0
210 0
211 0
212 0
213 0
214 0
215 0
216 0
217 0
218 0
219 0
22 0
220 0
221 0
222 0
223 0
224 0
225 0
226 0
227 0
228 0
229 0
23 0
230 0
231 0
232 0
233 0
234 0
235 0
236 0
237 0
238 0
239 0
24 0
240 0
241 0
242 0
243 0
244 0
245 0
246 0
247 0
248 0
249 0
25 0
250 0
251 0
252 0
253 0
254 0
255 0
256 0
257 0
258 0
259 0
26 0
260 0
261 0
262 0
263 0
264 0
265 0
266 0
267 0
268 0
269 0
27 0
270 0
271 0
272 0
273 0
274 0
275 0
276 0
277 0
278 0
279 0
28 0
280 0
281 0
282 0
283 0
284 0
285 0
286 0
287 0
288 0
289 0
29 0
290 0
291 0
292 0
293 0
294 0
295 0
296 0
297 0
298 0
299 0
3 0
30 0
300 0
301 0
302 0
303 0
304 0
305 0
306 0
307 0
308 0
309 0
31 0
310 0
311 0
312 0
313 0
314 0
315 0
316 0
317 0
318 0
319 0
32 0
320 0
321 0
322 0
323 0
324 0
325 0
326 0
327 0
328 0
329 0
33 0
330 0
331 0
332 0
333 0
334 0
335 0
336 0
337 0
338 0
339 0
34 0
340 0
341 0
342 0
343 0
344 0
345 0
346 0
347 0
348 0
349 0
35 0
350 0
351 0
352 0
353 0
354 0
355 0
356 0
357 0
358 0
359 0
36 0
360 0
361 0
362 0
363 0
364 0
365 0
366 0
367 0
368 0
369 0
37 0
370 0
371 0
372 0
373 0
374 0
375 0
376 0
377 0
378 0
379 0
38 0
380 0
381 0
382 0
383 0
384 0
385 0
386 0
387 0
388 0
389 0
39 0
390 0
391 0
392 0
393 0
394 0
395 0
396 0
397 0
398 0
399 0
4 0
40 0
400 0
401 0
402 0
403 0
404 0
405 0
406 0
407 0
408 0
409 0
41 0
410 0
411 0
412 0
413 0
414 0
415 0
416 0
417 0
418 0
419 0
42 0
420 0
421 0
422 0
423 0
424 0
425 0
426 0
427 0
428 0
429 0
43 0
430 0
431 0
432 0
433 0
434 0
435 0
436 0
437 0
438 0
439 0
44 0
440 0
441 0
442 0
443 0
444 0
445 0
446 0
447 0
448 0
449 0
45 0
450 0
451 0
452 0
453 0
454 0
455 0
456 0
457 0
458 0
459 0
46 0
460 0
461 0
462 0
463 0
464 0
465 0
466 0
467 0
468 0
469 0
47 0
470 0
471 0
472 0
473 0
474 0
475 0
476 0
477 0
478 0
479 0
48 0
480 0
481 0
482 0
483 0
484 0
485 0
486 0
487 0
488 0
489 0
49 0
490 0
491 0
492 0
493 0
494 0
495 0
496 0
497 0
498 0
499 0
5 0
50 0
500 0
501 0
502 0
503 0
504 0
505 0
506 0
507 0
508 0
509 0
51 0
510 0
511 0
512 0
513 0
514 0
515 0
516 0
517 0
518 0
519 0
52 0
520 0
521 0
522 0
523 0
524 0
525 0
526 0
527 0
528 0
529 0
53 0
530 0
531 0
532 0
533 0
534 0
535 0
536 0
537 0
538 0
539 0
54 0
540 0
541 0
542 0
543 0
544 0
545 0
546 0
547 0
548 0
549 0
55 0
550 0
551 0
552 0
553 0
554 0
555 0
556 0
557 0
558 0
559 0
56 0
560 0
561 0
562 0
563 0
564 0
565 0
566 0
567 0
568 0
569 0
57 0
570 0
571 0
572 0
573 0
574 0
575 0
576 0
577 0
578 0
579 0
58 0
580 0
581 0
582 0
583 0
584 0
585 0
586 0
587 0
588 0
589 0
59 0
590 0
591 0
592 0
593 0
594 0
595 0
596 0
597 0
598 0
599 0
6 0
60 0
600 0
601 0
602 0
603 0
604 0
605 0
606 0
607 0
608 0
609 0
61 0
610 0
611 0
612 0
613 0
614 0
615 0
616 0
617 0
618 0
619 0
62 0
620 0
621 0
622 0
623 0
624 0
625 0
626 0
627 0
628 0
629 0
63 0
630 0
631 0
632 0
633 0
634 0
635 0
636 0
637 0
638 0
639 0
64 0
640 0
641 0
642 0
643 0
65 0
66 0
67 0
68 0
69 0
7 0
70 0
71 0
72 0
73 0
74 0
75 0
76 0
77 0
78 0
79 0
8 0
80 0
81 0
82 0
83 0
84 0
85 0
86 0
87 0
88 0
89 0
9 0
90 0
91 0
92 0
93 0
94 0
95 0
96 0
97 0
98 0
99 0
102 0
103 0
116 0
117 0
12 0
124 0
125 0
126 0
127 0
13 0
138 0
139 0
140 0
141 0
143 0
144 0
15 0
152 0
153 0
156 0
157 0
16 0
164 0
165 0
174 0
175 0
18 0
188 0
189 0
19 0
190 0
191 0
197 0
198 0
199 0
200 0
202 0
203 0
21 0
213 0
214 0
22 0
221 0
222 0
225 0
226 0
229 0
230 0
241 0
242 0
244 0
245 0
252 0
253 0
261 0
262 0
264 0
265 0
268 0
269 0
27 0
273 0
274 0
28 0
280 0
281 0
283 0
284 0
287 0
288 0
29 0
296 0
297 0
299 0
3 0
30 0
300 0
333 0
334 0
345 0
346 0
349 0
35 0
350 0
36 0
360 0
361 0
364 0
365 0
368 0
369 0
370 0
371 0
375 0
376 0
378 0
379 0
383 0
384 0
386 0
387 0
390 0
391 0
393 0
394 0
4 0
404 0
405 0
407 0
408 0
410 0
411 0
418 0
419 0
421 0
422 0
425 0
426 0
437 0
438 0
448 0
449 0
451 0
452 0
454 0
455 0
459 0
460 0
468 0
469 0
472 0
473 0
475 0
476 0
480 0
481 0
486 0
487 0
488 0
489 0
492 0
493 0
496 0
497 0
505 0
506 0
51 0
510 0
511 0
52 0
528 0
529 0
538 0
539 0
54 0
545 0
546 0
548 0
549 0
55 0
552 0
553 0
56 0
560 0
561 0
562 0
563 0
564 0
565 0
569 0
57 0
570 0
584 0
585 0
587 0
588 0
598 0
599 0
6 0
606 0
607 0
610 0
611 0
613 0
614 0
617 0
618 0
621 0
622 0
623 0
624 0
626 0
627 0
629 0
630 0
639 0
640 0
644 0
645 0
647 0
648 0
650 0
651 0
658 0
659 0
665 0
666 0
673 0
674 0
677 0
678 0
679 0
68 0
680 0
689 0
69 0
690 0
693 0
694 0
699 0
7 0
700 0
708 0
709 0
727 0
728 0
731 0
732 0
746 0
747 0
748 0
749 0
751 0
752 0
89 0
90 0
92 0
93 0
95 0
96 0
98 0
99 0
102 6
103 477
116 13
117 474
12 438
124 473
125 440
126 403
127 472
13 490
138 466
139 471
140 471
141 471
143 10
144 468
15 490
152 7
153 469
156 468
157 468
16 490
164 0
165 7
174 448
175 465
18 490
188 466
189 460
19 490
190 429
191 466
197 13
198 466
199 10
200 465
202 465
203 465
21 45
213 0
214 21
22 490
221 460
222 391
225 9
226 463
229 0
230 39
241 459
242 26
244 443
245 463
252 6
253 462
261 459
262 460
264 460
265 453
268 457
269 105
27 483
273 460
274 6
28 3
280 409
281 86
283 432
284 459
287 20
288 458
29 3
296 458
297 458
299 458
3 10
30 489
300 458
333 0
334 24
345 397
346 1
349 446
35 488
350 450
36 482
360 337
361 29
364 0
365 442
368 5
369 450
370 169
371 450
375 448
376 450
378 450
379 1
383 444
384 377
386 449
387 18
390 8
391 448
393 391
394 448
4 494
404 86
405 446
407 407
408 446
410 446
411 27
418 438
419 446
421 17
422 445
425 2
426 444
437 1
438 443
448 442
449 442
451 310
452 442
454 100
455 442
459 48
460 442
468 0
469 1
472 17
473 441
475 59
476 441
480 198
481 441
486 440
487 440
488 4
489 440
492 440
493 427
496 0
497 440
505 401
506 440
51 35
510 440
511 367
52 483
528 438
529 440
538 437
539 91
54 483
545 437
546 440
548 0
549 435
55 482
552 440
553 434
56 22
560 440
561 13
562 0
563 440
564 3
565 440
569 0
57 482
570 439
584 437
585 3
587 439
588 1
598 438
599 26
6 427
606 384
607 437
610 5
611 438
613 438
614 2
617 80
618 438
621 3
622 437
623 7
624 434
626 434
627 437
629 411
630 417
639 402
640 436
644 430
645 436
647 9
648 436
650 426
651 436
658 435
659 436
665 436
666 117
673 7
674 434
677 128
678 434
679 54
68 475
680 434
689 433
69 480
690 96
693 52
694 433
699 370
7 492
700 433
708 190
709 433
727 10
728 432
731 56
732 432
746 343
747 431
748 158
749 431
751 421
752 410
89 476
90 478
92 478
93 474
95 478
96 7
98 477
99 445
10 999
106 987
107 999
108 8
109 999
112 999
113 15
114 925
115 999
116 2
117 999
118 1
119 999
12 10
122 988
123 997
124 10
125 999
128 18
129 999
13 999
132 0
133 999
136 105
137 999
143 3
144 999
149 943
15 102
150 999
152 997
153 999
157 999
158 999
16 999
160 4
161 999
166 0
167 1
169 999
17 999
170 999
171 27
172 999
173 0
174 999
176 999
177 991
18 999
182 935
183 999
184 0
185 999
187 999
188 13
189 17
190 999
191 192
192 999
193 172
194 999
204 999
205 998
206 998
207 999
209 16
210 999
212 999
213 999
215 0
216 999
221 2
222 999
225 998
226 989
228 999
229 999
231 1
232 999
240 0
241 999
244 875
245 999
248 999
249 999
251 183
252 999
253 254
254 999
255 994
256 999
26 0
261 6
262 999
265 994
266 996
269 11
27 28
270 999
273 999
274 999
275 999
276 999
281 0
282 999
285 963
286 999
289 928
290 579
293 991
294 999
296 988
297 999
299 999
300 148
306 3
307 999
31 999
310 964
311 997
312 3
313 999
315 989
316 999
32 999
321 999
322 1
327 993
328 999
330 1
331 999
333 999
334 999
351 999
352 999
356 11
357 999
358 0
359 999
364 941
365 999
375 998
376 999
38 2
382 0
383 999
385 18
386 999
389 697
39 999
390 999
4 114
400 999
401 999
403 999
404 1
405 0
406 999
408 989
409 711
41 1
412 999
413 999
414 905
415 999
418 999
419 999
42 999
420 999
421 999
428 916
429 999
434 980
435 999
436 999
437 999
438 999
439 999
445 0
446 878
449 9
450 999
456 0
457 859
458 892
459 999
464 2
465 999
469 8
470 999
473 1
474 999
478 999
479 999
485 0
486 0
489 999
49 999
490 999
492 15
493 999
499 3
5 999
50 102
500 999
501 0
502 999
504 999
505 999
507 999
508 999
511 12
512 999
517 999
518 999
519 2
520 999
523 999
524 999
525 0
526 998
533 10
534 999
542 243
543 999
546 999
547 15
550 999
551 7
553 999
554 999
564 24
565 999
566 0
567 999
569 167
570 999
573 23
574 999
576 932
577 999
578 890
579 999
580 0
581 999
584 1
585 999
588 987
589 999
594 999
595 999
596 521
597 999
600 140
601 999
604 0
605 999
608 999
609 999
611 999
612 999
613 918
614 999
615 611
616 999
618 999
619 999
620 127
621 999
623 2
624 999
626 0
627 999
632 999
633 12
644 999
645 999
654 943
655 999
657 999
658 18
662 843
663 991
671 988
672 999
675 999
676 999
679 991
680 999
683 999
684 999
685 174
686 999
69 0
70 4
71 991
72 999
77 20
78 999
80 999
81 999
83 1
84 999
85 999
86 999
88 999
89 999
9 0
90 5
91 999
94 932
95 999
97 9
98 999
10 999
106 987
107 999
108 8
109 999
112 999
113 15
114 925
115 999
116 2
117 999
118 1
119 999
12 10
122 988
123 997
124 10
125 999
128 18
129 999
13 999
132 0
133 999
136 105
137 999
143 3
144 999
149 943
15 102
150 999
152 997
153 999
157 999
158 999
16 999
160 4
161 999
166 0
167 1
169 999
17 999
170 999
171 27
172 999
173 0
174 999
176 999
177 991
18 999
182 935
183 999
184 0
185 999
187 999
188 13
189 17
190 999
191 192
192 999
193 172
194 999
204 999
205 998
206 998
207 999
209 16
210 999
212 999
213 999
215 0
216 999
221 2
222 999
225 998
226 989
228 999
229 999
231 1
232 999
240 0
241 999
244 875
245 999
248 999
249 999
251 183
252 999
253 254
254 999
255 994
256 999
26 0
261 6
262 999
265 994
266 996
269 11
27 28
270 999
273 999
274 999
275 999
276 999
281 0
282 999
285 963
286 999
289 928
290 579
293 991
294 999
296 988
297 999
299 999
300 148
306 3
307 999
31 999
310 964
311 997
312 3
313 999
315 989
316 999
32 999
321 999
322 1
327 993
328 999
330 1
331 999
333 999
334 999
351 999
352 999
356 11
357 999
358 0
359 999
364 941
365 999
375 998
376 999
38 2
382 0
383 999
385 18
386 999
389 697
39 999
390 999
4 114
400 999
401 999
403 999
404 1
405 0
406 999
408 989
409 711
41 1
412 999
413 999
414 905
415 999
418 999
419 999
42 999
420 999
421 999
428 916
429 999
434 980
435 999
436 999
437 999
438 999
439 999
445 0
446 878
449 9
450 999
456 0
457 859
458 892
459 999
464 2
465 999
469 8
470 999
473 1
474 999
478 999
479 999
485 0
486 0
489 999
49 999
490 999
492 15
493 999
499 3
5 999
50 102
500 999
501 0
502 999
504 999
505 999
507 999
508 999
511 12
512 999
517 999
518 999
519 2
520 999
523 999
524 999
525 0
526 998
533 10
534 999
542 243
543 999
546 999
547 15
550 999
551 7
553 999
554 999
564 24
565 999
566 0
567 999
569 167
570 999
573 23
574 999
576 932
577 999
578 890
579 999
580 0
581 999
584 1
585 999
588 987
589 999
594 999
595 999
596 521
597 999
600 140
601 999
604 0
605 999
608 999
609 999
611 999
612 999
613 918
614 999
615 611
616 999
618 999
619 999
620 127
621 999
623 2
624 999
626 0
627 999
632 999
633 12
644 999
645 999
654 943
655 999
657 999
658 18
662 843
663 991
671 988
672 999
675 999
676 999
679 991
680 999
683 999
684 999
685 174
686 999
69 0
70 4
71 991
72 999
77 20
78 999
80 999
81 999
83 1
84 999
85 999
86 999
88 999
89 999
9 0
90 5
91 999
94 932
95 999
97 9
98 999
10 13
101 984
102 25
104 984
105 984
11 995
110 25
111 984
114 984
115 982
116 983
117 983
118 966
119 983
12 995
124 1
125 982
127 0
128 982
13 994
130 5
131 982
132 15
133 982
138 0
139 965
141 19
142 982
143 867
144 981
147 965
148 974
150 1
151 981
159 981
16 994
160 980
162 981
163 981
164 603
165 980
166 20
167 980
169 980
17 994
170 980
173 396
174 980
178 0
179 980
184 980
185 980
187 0
188 980
189 901
190 980
194 980
195 887
198 3
199 977
20 993
200 977
201 976
204 966
205 13
209 975
21 994
210 887
220 79
221 975
223 0
224 974
229 974
230 974
233 0
234 974
239 7
240 974
241 25
242 974
243 1
244 974
245 65
246 974
248 25
249 974
254 952
255 974
256 957
257 974
258 974
259 974
260 35
261 974
262 416
263 974
266 0
267 967
268 2
269 973
27 2
270 20
271 973
273 856
274 973
276 967
277 973
278 955
279 973
28 994
284 18
285 973
288 880
289 972
291 1
292 972
296 4
297 972
298 461
299 972
300 972
301 972
302 11
303 972
305 971
306 972
309 972
31 981
310 972
311 0
312 972
313 972
314 972
316 947
317 972
319 0
32 993
320 972
322 916
323 972
325 868
326 966
332 15
333 971
337 30
338 971
339 0
34 0
340 971
341 959
342 971
343 971
344 970
35 993
351 970
352 970
353 969
354 969
355 2
356 969
358 0
359 967
36 814
360 0
361 114
362 969
363 969
37 993
371 0
372 969
373 952
374 969
378 969
379 969
38 198
381 0
382 969
383 969
384 969
386 1
387 969
39 993
390 0
391 969
396 0
397 969
4 2
400 940
401 969
402 48
403 969
407 969
408 969
409 969
41 68
410 969
412 967
413 815
414 895
415 966
418 966
419 966
42 993
422 966
423 966
424 6
425 966
430 1
431 965
432 0
433 964
438 14
439 964
443 964
444 964
446 571
447 964
448 964
449 964
451 964
452 964
454 0
455 964
457 1
458 964
459 900
46 12
460 964
466 964
467 18
47 992
474 942
475 964
477 964
478 964
480 0
481 963
485 0
486 963
487 963
488 963
489 0
490 963
492 0
493 963
496 0
497 963
5 997
500 120
501 963
502 392
503 963
528 961
529 961
533 898
534 961
536 2
537 961
539 0
540 961
544 3
545 961
546 961
547 961
548 26
549 961
553 5
554 960
559 481
560 960
561 3
562 960
569 960
570 22
571 1
572 960
575 960
576 37
579 959
580 959
581 0
582 959
590 957
591 150
598 138
599 958
602 870
603 958
604 953
605 958
61 978
616 7
617 957
62 990
620 891
621 957
622 39
623 957
626 2
627 957
63 14
635 957
636 957
639 2
64 988
640 957
642 818
643 957
647 957
648 957
650 581
651 957
658 474
659 956
66 988
660 127
661 956
669 37
67 988
670 956
673 955
674 955
676 863
677 955
679 809
680 955
682 953
683 954
687 951
688 954
69 3
690 3
691 954
70 988
71 0
72 987
78 985
79 984
8 0
81 973
82 985
84 922
85 985
87 0
88 985
89 1
9 992
90 984
98 5
99 984
10 999
106 987
107 999
108 8
109 999
112 999
113 15
114 925
115 999
116 2
117 999
118 1
119 999
12 10
122 988
123 997
124 10
125 999
128 18
129 999
13 999
132 0
133 999
136 105
137 999
143 3
144 999
149 943
15 102
150 999
152 997
153 999
157 999
158 999
16 999
160 4
161 999
166 0
167 1
169 999
17 999
170 999
171 27
172 999
173 0
174 999
176 999
177 991
18 999
182 935
183 999
184 0
185 999
187 999
188 13
189 17
190 999
191 192
192 999
193 172
194 999
204 999
205 998
206 998
207 999
209 16
210 999
212 999
213 999
215 0
216 999
221 2
222 999
225 998
226 989
228 999
229 999
231 1
232 999
240 0
241 999
244 875
245 999
248 999
249 999
251 183
252 999
253 254
254 999
255 994
256 999
26 0
261 6
262 999
265 994
266 996
269 11
27 28
270 999
273 999
274 999
275 999
276 999
281 0
282 999
285 963
286 999
289 928
290 579
293 991
294 999
296 988
297 999
299 999
300 148
306 3
307 999
31 999
310 964
311 997
312 3
313 999
315 989
316 999
32 999
321 999
322 1
327 993
328 999
330 1
331 999
333 999
334 999
351 999
352 999
356 11
357 999
358 0
359 999
364 941
365 999
375 998
376 999
38 2
382 0
383 999
385 18
386 999
389 697
39 999
390 999
4 114
400 999
401 999
403 999
404 1
405 0
406 999
408 989
409 711
41 1
412 999
413 999
414 905
415 999
418 999
419 999
42 999
420 999
421 999
428 916
429 999
434 980
435 999
436 999
437 999
438 999
439 999
445 0
446 878
449 9
450 999
456 0
457 859
458 892
459 999
464 2
465 999
469 8
470 999
473 1
474 999
478 999
479 999
485 0
486 0
489 999
49 999
490 999
492 15
493 999
499 3
5 999
50 102
500 999
501 0
502 999
504 999
505 999
507 999
508 999
511 12
512 999
517 999
518 999
519 2
520 999
523 999
524 999
525 0
526 998
533 10
534 999
542 243
543 999
546 999
547 15
550 999
551 7
553 999
554 999
564 24
565 999
566 0
567 999
569 167
570 999
573 23
574 999
576 932
577 999
578 890
579 999
580 0
581 999
584 1
585 999
588 987
589 999
594 999
595 999
596 521
597 999
600 140
601 999
604 0
605 999
608 999
609 999
611 999
612 999
613 918
614 999
615 611
616 999
618 999
619 999
620 127
621 999
623 2
624 999
626 0
627 999
632 999
633 12
644 999
645 999
654 943
655 999
657 999
658 18
662 843
663 991
671 988
672 999
675 999
676 999
679 991
680 999
683 999
684 999
685 174
686 999
69 0
70 4
71 991
72 999
77 20
78 999
80 999
81 999
83 1
84 999
85 999
86 999
88 999
89 999
9 0
90 5
91 999
94 932
95 999
97 9
98 999
10 988
11 999
116 992
117 972
128 953
129 0
13 999
134 218
135 999
136 0
137 997
14 997
141 0
142 999
147 992
148 999
149 17
15 19
150 999
16 999
166 16
167 999
176 99
177 999
181 949
182 999
192 0
193 29
194 1
195 999
199 0
20 0
200 999
203 999
204 67
206 28
207 999
21 992
213 937
214 992
215 2
216 999
217 0
218 998
222 126
223 999
225 999
226 922
23 1
230 7
231 999
235 999
236 19
24 999
246 998
247 999
249 999
250 997
252 998
253 999
254 796
255 999
26 219
260 999
261 0
265 0
266 75
27 999
272 0
273 999
277 219
278 999
280 989
281 4
29 10
298 922
299 999
30 999
301 219
302 992
31 0
32 999
326 856
327 992
34 0
345 2
346 999
35 949
36 4
37 999
370 0
371 953
378 0
379 953
38 216
39 999
398 1
399 999
40 943
407 998
408 6
41 999
429 0
430 998
435 13
436 999
437 19
438 999
443 999
444 999
445 860
446 999
455 29
456 999
457 0
458 993
462 996
463 191
467 0
468 998
475 0
476 999
477 2
478 999
492 17
493 999
501 997
502 558
504 990
505 999
507 987
508 998
511 0
512 999
519 997
520 998
522 2
523 995
529 0
530 993
532 999
533 998
534 0
535 999
538 3
539 999
540 402
541 999
55 999
554 999
555 998
556 1
557 999
559 5
56 1
560 999
563 899
564 999
565 3
566 999
567 0
568 998
571 2
572 999
573 992
574 999
576 148
577 999
578 936
579 999
591 4
592 998
603 3
604 999
612 15
613 999
619 998
620 999
623 922
624 999
626 999
627 998
638 0
639 993
645 14
646 999
647 148
648 999
657 0
658 999
664 3
665 998
668 148
669 999
675 0
676 23
677 10
678 999
679 0
680 999
698 4
699 999
7 999
70 4
701 953
702 202
703 148
704 999
705 999
706 999
71 999
713 673
714 953
72 146
726 3
727 999
73 999
735 135
736 999
745 0
746 992
753 999
754 999
756 999
757 999
79 2
8 985
80 999
86 12
87 999
89 148
90 999
1 264
10 499
103 0
104 499
105 499
106 499
108 155
109 499
110 188
111 499
112 498
113 499
116 499
117 499
118 56
119 499
120 467
121 499
122 499
123 499
126 499
127 499
128 499
129 499
13 0
131 499
132 499
134 499
135 499
139 499
14 499
140 499
141 499
142 499
143 20
144 499
146 499
147 499
148 499
149 499
15 7
151 14
152 499
153 492
154 499
155 496
156 499
157 499
158 499
16 499
162 499
163 499
164 499
165 499
166 499
167 499
168 109
169 499
17 0
173 223
174 499
175 449
176 499
177 28
178 499
18 499
183 496
184 499
185 64
186 499
19 499
193 499
194 499
196 499
197 499
199 499
2 499
20 499
200 499
201 499
202 499
205 499
206 499
207 89
208 499
21 45
211 499
212 499
213 456
214 499
215 494
216 499
217 499
218 499
22 499
221 495
222 498
223 499
224 499
227 499
228 499
23 12
232 499
233 499
234 499
235 499
237 499
238 488
24 499
240 499
241 499
242 495
243 499
244 491
245 499
246 499
247 499
249 88
25 499
250 499
251 497
252 499
253 499
254 499
255 491
256 499
257 497
258 499
26 499
260 499
261 499
263 106
264 499
265 499
266 499
268 470
269 499
27 499
270 0
271 499
274 499
275 499
276 469
277 499
279 499
28 499
280 499
283 499
284 499
285 495
286 499
287 499
288 499
292 499
293 499
294 496
295 499
297 499
298 499
30 496
301 499
302 499
304 499
305 499
306 134
307 499
31 493
310 499
311 499
312 4
313 499
316 499
317 499
318 197
319 499
32 499
321 499
322 499
326 498
327 499
328 182
329 499
33 499
330 488
331 499
332 145
333 499
334 495
335 499
336 499
337 499
338 461
339 499
340 422
341 499
345 499
346 499
347 499
348 499
349 26
35 45
350 499
352 499
353 499
356 499
357 499
358 499
359 499
36 499
360 79
361 499
362 499
363 499
364 499
365 499
366 488
367 499
370 499
371 499
372 499
373 499
374 217
375 499
376 499
377 499
378 499
379 499
38 498
380 499
381 499
382 14
383 499
385 499
386 499
388 499
389 499
39 89
390 297
391 499
392 499
393 499
394 188
395 499
396 15
397 499
398 492
399 499
40 499
400 499
401 499
403 499
404 499
405 482
406 499
408 482
409 499
41 499
411 499
412 499
413 499
414 499
416 182
417 499
418 499
419 499
42 498
420 499
421 499
422 191
423 499
424 498
425 499
428 499
429 499
43 499
430 498
431 499
433 499
434 499
436 499
437 499
439 499
440 499
442 499
443 499
444 70
445 499
446 210
447 499
448 95
449 499
45 499
450 6
451 499
452 493
453 499
456 499
457 499
458 24
459 499
46 499
462 499
463 499
468 459
469 499
471 311
472 499
474 499
475 499
476 233
477 499
48 177
480 153
481 499
482 499
483 499
486 456
487 499
49 499
490 499
491 499
493 499
494 499
496 499
497 499
498 499
499 499
5 209
50 461
501 490
502 499
504 483
505 448
507 499
508 499
509 499
51 499
510 499
511 499
512 499
513 496
514 499
515 15
516 499
518 499
519 499
52 1
521 496
522 499
523 499
524 499
526 492
527 49
528 28
529 499
53 499
532 55
533 499
536 499
537 499
538 499
539 499
54 70
540 499
541 499
542 499
543 499
544 499
545 499
546 14
547 499
548 43
549 499
55 499
550 499
551 499
552 477
553 499
555 499
556 499
557 486
558 499
560 499
561 499
562 499
563 499
564 498
565 499
567 499
568 499
569 499
570 499
571 499
572 499
573 499
574 499
577 499
578 499
579 497
580 499
581 499
582 499
585 0
586 490
588 471
589 499
59 499
590 499
591 499
592 499
593 499
595 499
596 499
597 499
598 499
6 499
60 499
600 499
601 499
602 467
603 499
604 17
605 499
607 499
608 499
61 483
610 499
611 499
612 178
613 499
614 499
615 499
616 68
617 499
619 499
62 499
620 499
621 499
622 499
624 210
625 499
626 499
627 499
631 0
632 499
634 499
635 499
636 499
637 499
64 499
640 499
641 499
642 499
643 499
644 499
645 499
648 118
649 499
65 499
650 116
651 499
654 438
655 499
656 499
657 499
658 499
659 499
660 499
661 499
662 499
663 499
665 496
666 499
667 57
668 499
669 4
670 499
671 88
672 499
674 494
675 66
68 0
69 499
7 497
70 442
71 499
72 499
73 499
74 473
75 499
77 64
78 499
8 499
80 86
81 499
82 499
83 499
85 43
86 499
87 499
88 499
89 499
9 499
90 499
91 204
92 499
93 499
94 499
95 199
96 499
98 486
99 499
1 9999
100 7
101 9993
102 9986
103 9999
104 9999
105 9999
107 151
108 9999
109 9955
11 8416
110 9999
112 9999
113 9999
115 9955
116 9999
119 9999
12 9999
120 9986
121 9999
122 9999
123 965
124 9999
125 6102
126 9999
127 9973
128 9999
129 9969
13 9999
130 9999
131 42
132 9999
133 225
134 9999
136 9999
137 9999
138 5218
139 9999
14 9999
141 9955
142 9999
143 7709
144 9999
145 9999
146 9999
147 9659
148 9999
15 9999
150 9999
151 9999
152 9999
153 9999
154 9948
155 9999
156 9999
157 9999
158 9997
159 9999
16 9999
160 9897
161 9999
162 9999
163 9999
165 9981
166 9999
167 9999
168 9999
169 9999
170 9999
172 9999
173 9999
174 54
175 9999
176 9999
177 9999
178 8653
179 9999
180 0
181 9986
182 187
183 9999
184 9983
185 9999
186 1377
187 9999
188 31
189 9999
19 8538
190 7423
191 9999
193 8474
194 9999
195 115
196 9999
197 9999
198 9999
199 18
2 9999
20 9999
200 9999
201 300
202 9999
203 6240
204 9999
205 9999
206 9999
207 6949
208 9999
209 6429
21 9999
210 9999
211 1443
212 9999
213 9999
214 9999
215 247
216 9999
217 10
218 9999
219 9999
22 9999
220 9999
222 905
223 9999
225 9999
226 9999
227 9982
228 9999
229 9999
230 9999
231 9999
232 9999
233 8893
234 9999
235 9999
236 9999
237 1223
238 9999
24 3
241 284
242 9999
243 2
244 9999
245 9999
246 9999
247 9999
248 9999
249 1042
25 9999
250 9999
251 9992
252 9999
253 9990
254 9999
255 8777
256 9999
257 4
258 9999
259 9979
260 9999
261 9999
262 9999
264 9999
265 9999
267 9999
268 9938
269 9999
27 65
270 9999
271 9999
272 9999
273 253
274 9999
275 9988
276 9999
277 9999
278 9999
28 9993
280 9
281 9999
282 9990
283 9999
284 9999
285 9999
286 8143
287 9999
288 9999
289 9999
290 9999
291 9999
292 9999
293 9999
294 295
295 9999
296 8658
297 9999
299 9999
30 0
300 9551
303 9998
304 9999
306 9473
307 9999
308 6319
309 9999
31 9999
310 9997
311 9999
313 8062
314 9999
318 9999
319 9999
32 9992
320 810
321 9999
323 967
324 9999
326 9999
327 9999
329 9624
33 9999
330 9999
331 958
332 9999
334 9999
335 9999
336 9999
337 9999
338 943
339 9999
34 7547
340 9999
341 9999
342 9999
343 9999
344 9999
345 9999
347 9978
348 9999
35 9999
350 8514
351 9999
352 9999
353 9999
354 9940
355 9999
356 9999
357 9999
358 6051
359 9999
36 215
360 9999
361 9999
362 192
363 9999
364 9992
365 9999
366 9999
367 9999
368 26
369 9999
37 9999
370 9975
371 9999
372 9999
373 9999
374 9999
375 9999
376 9999
377 9999
379 9999
38 1377
380 9999
381 43
382 9999
384 0
385 9999
386 9999
387 9999
39 9999
391 9999
392 9999
393 9999
394 9999
395 9999
396 9999
397 3
398 9999
399 4916
400 9999
402 0
403 9999
404 9999
405 9999
406 9999
407 9999
409 8420
41 31
410 9999
411 6803
412 9999
413 9940
414 9999
416 9999
417 9999
418 786
419 9999
42 9999
420 8955
421 9999
422 9757
423 9999
425 12
426 9999
427 9999
428 9999
429 9967
43 700
430 9999
431 9999
432 9999
433 9795
434 9999
435 0
436 9981
437 9999
438 9999
439 9972
44 9999
440 9999
441 9925
442 9999
445 0
446 9999
447 9169
448 9999
449 9999
45 9999
450 9999
451 838
452 9999
453 9999
454 9999
455 9999
456 9999
457 9529
458 9999
459 784
46 9999
460 9999
461 9999
462 9999
463 9999
464 9999
465 9046
466 9999
467 9999
468 9999
47 9999
473 5007
474 9999
475 4642
476 9999
477 9999
478 9999
479 253
48 9999
480 9999
481 5920
482 9999
483 9999
484 9999
486 9999
487 9999
49 858
490 6635
491 9999
492 29
493 9996
494 5032
495 9999
496 9999
497 9999
498 17
499 9999
50 9999
500 36
501 9999
502 317
503 9999
504 9999
505 9999
508 8730
509 9999
510 9921
511 9999
512 9433
513 9999
515 9999
516 9993
517 9999
518 9999
519 9999
520 9999
521 9999
522 9999
523 9999
524 9999
525 637
526 9999
528 9999
529 9999
53 52
531 9999
532 9999
533 9999
534 9999
536 1
537 9999
538 608
539 9999
54 9999
540 14
541 9999
543 9999
544 9999
546 721
547 9999
548 8825
549 9999
550 9999
551 9999
552 9999
553 9999
554 9999
555 9999
556 9999
557 9999
559 9999
560 9999
561 9999
562 9999
563 6255
564 9999
568 9999
569 9999
57 9999
571 1012
572 9999
574 457
575 9999
576 9555
577 9999
578 9999
579 9999
58 9999
582 6052
583 9999
584 5712
585 9999
586 9898
587 9999
588 9999
589 9999
59 6309
594 13
595 9999
596 9999
597 9999
598 9
599 9995
60 9999
600 9922
601 9999
602 9983
603 9999
604 2016
605 9999
606 119
607 9999
608 53
609 9999
61 9999
610 9971
611 9999
612 161
613 9999
616 9986
617 9999
618 6791
619 9999
62 9999
620 9999
621 9999
623 9999
624 9999
626 0
627 9999
628 15
629 9999
63 48
630 10
631 9999
64 9999
65 0
66 9999
68 328
69 9999
7 65
70 9999
71 9999
72 9999
73 9999
74 5776
75 9999
76 952
77 9999
78 9999
79 9999
8 9999
80 9946
81 9999
84 37
85 9999
86 9999
87 9999
88 9999
89 9999
90 5942
91 9999
94 6187
95 9999
96 9999
97 9999
98 9999
99 9999
1 9999
100 7
101 9993
102 9986
103 9999
104 9999
105 9999
107 151
108 9999
109 9955
11 8416
110 9999
112 9999
113 9999
115 9955
116 9999
119 9999
12 9999
120 9986
121 9999
122 9999
123 965
124 9999
125 6102
126 9999
127 9973
128 9999
129 9969
13 9999
130 9999
131 42
132 9999
133 225
134 9999
136 9999
137 9999
138 5218
139 9999
14 9999
141 9955
142 9999
143 7709
144 9999
145 9999
146 9999
147 9659
148 9999
15 9999
150 9999
151 9999
152 9999
153 9999
154 9948
155 9999
156 9999
157 9999
158 9997
159 9999
16 9999
160 9897
161 9999
162 9999
163 9999
165 9981
166 9999
167 9999
168 9999
169 9999
170 9999
172 9999
173 9999
174 54
175 9999
176 9999
177 9999
178 8653
179 9999
180 0
181 9986
182 187
183 9999
184 9983
185 9999
186 1377
187 9999
188 31
189 9999
19 8538
190 7423
191 9999
193 8474
194 9999
195 115
196 9999
197 9999
198 9999
199 18
2 9999
20 9999
200 9999
201 300
202 9999
203 6240
204 9999
205 9999
206 9999
207 6949
208 9999
209 6429
21 9999
210 9999
211 1443
212 9999
213 9999
214 9999
215 247
216 9999
217 10
218 9999
219 9999
22 9999
220 9999
222 905
223 9999
225 9999
226 9999
227 9982
228 9999
229 9999
230 9999
231 9999
232 9999
233 8893
234 9999
235 9999
236 9999
237 1223
238 9999
24 3
241 284
242 9999
243 2
244 9999
245 9999
246 9999
247 9999
248 9999
249 1042
25 9999
250 9999
251 9992
252 9999
253 9990
254 9999
255 8777
256 9999
257 4
258 9999
259 9979
260 9999
261 9999
262 9999
264 9999
265 9999
267 9999
268 9938
269 9999
27 65
270 9999
271 9999
272 9999
273 253
274 9999
275 9988
276 9999
277 9999
278 9999
28 9993
280 9
281 9999
282 9990
283 9999
284 9999
285 9999
286 8143
287 9999
288 9999
289 9999
290 9999
291 9999
292 9999
293 9999
294 295
295 9999
296 8658
297 9999
299 9999
30 0
300 9551
303 9998
304 9999
306 9473
307 9999
308 6319
309 9999
31 9999
310 9997
311 9999
313 8062
314 9999
318 9999
319 9999
32 9992
320 810
321 9999
323 967
324 9999
326 9999
327 9999
329 9624
33 9999
330 9999
331 958
332 9999
334 9999
335 9999
336 9999
337 9999
338 943
339 9999
34 7547
340 9999
341 9999
342 9999
343 9999
344 9999
345 9999
347 9978
348 9999
35 9999
350 8514
351 9999
352 9999
353 9999
354 9940
355 9999
356 9999
357 9999
358 6051
359 9999
36 215
360 9999
361 9999
362 192
363 9999
364 9992
365 9999
366 9999
367 9999
368 26
369 9999
37 9999
370 9975
371 9999
372 9999
373 9999
374 9999
375 9999
376 9999
377 9999
379 9999
38 1377
380 9999
381 43
382 9999
384 0
385 9999
386 9999
387 9999
39 9999
391 9999
392 9999
393 9999
394 9999
395 9999
396 9999
397 3
398 9999
399 4916
400 9999
402 0
403 9999
404 9999
405 9999
406 9999
407 9999
409 8420
41 31
410 9999
411 6803
412 9999
413 9940
414 9999
416 9999
417 9999
418 786
419 9999
42 9999
420 8955
421 9999
422 9757
423 9999
425 12
426 9999
427 9999
428 9999
429 9967
43 700
430 9999
431 9999
432 9999
433 9795
434 9999
435 0
436 9981
437 9999
438 9999
439 9972
44 9999
440 9999
441 9925
442 9999
445 0
446 9999
447 9169
448 9999
449 9999
45 9999
450 9999
451 838
452 9999
453 9999
454 9999
455 9999
456 9999
457 9529
458 9999
459 784
46 9999
460 9999
461 9999
462 9999
463 9999
464 9999
465 9046
466 9999
467 9999
468 9999
47 9999
473 5007
474 9999
475 4642
476 9999
477 9999
478 9999
479 253
48 9999
480 9999
481 5920
482 9999
483 9999
484 9999
486 9999
487 9999
49 858
490 6635
491 9999
492 29
493 9996
494 5032
495 9999
496 9999
497 9999
498 17
499 9999
50 9999
500 36
501 9999
502 317
503 9999
504 9999
505 9999
508 8730
509 9999
510 9921
511 9999
512 9433
513 9999
515 9999
516 9993
517 9999
518 9999
519 9999
520 9999
521 9999
522 9999
523 9999
524 9999
525 637
526 9999
528 9999
529 9999
53 52
531 9999
532 9999
533 9999
534 9999
536 1
537 9999
538 608
539 9999
54 9999
540 14
541 9999
543 9999
544 9999
546 721
547 9999
548 8825
549 9999
550 9999
551 9999
552 9999
553 9999
554 9999
555 9999
556 9999
557 9999
559 9999
560 9999
561 9999
562 9999
563 6255
564 9999
568 9999
569 9999
57 9999
571 1012
572 9999
574 457
575 9999
576 9555
577 9999
578 9999
579 9999
58 9999
582 6052
583 9999
584 5712
585 9999
586 9898
587 9999
588 9999
589 9999
59 6309
594 13
595 9999
596 9999
597 9999
598 9
599 9995
60 9999
600 9922
601 9999
602 9983
603 9999
604 2016
605 9999
606 119
607 9999
608 53
609 9999
61 9999
610 9971
611 9999
612 161
613 9999
616 9986
617 9999
618 6791
619 9999
62 9999
620 9999
621 9999
623 9999
624 9999
626 0
627 9999
628 15
629 9999
63 48
630 10
631 9999
64 9999
65 0
66 9999
68 328
69 9999
7 65
70 9999
71 9999
72 9999
73 9999
74 5776
75 9999
76 952
77 9999
78 9999
79 9999
8 9999
80 9946
81 9999
84 37
85 9999
86 9999
87 9999
88 9999
89 9999
90 5942
91 9999
94 6187
95 9999
96 9999
97 9999
98 9999
99 9999
