10 9999
100 9999
106 9970
107 9996
108 0
109 9997
113 7
114 9999
120 9674
121 9999
132 0
133 9999
143 9996
144 9999
145 0
146 9999
148 9999
149 9996
154 9999
155 9999
163 1180
164 9999
17 6491
175 0
176 9999
179 9969
18 9999
180 9999
182 9999
183 9967
190 1172
191 9999
194 0
195 9999
196 58
197 9999
200 972
201 0
206 0
207 9999
216 607
217 9999
221 0
222 9576
227 9999
228 9979
239 6
24 5
240 9999
242 0
243 9972
244 6
245 9999
25 9999
256 0
257 9435
265 0
266 9999
271 47
272 9999
276 0
277 9999
281 0
282 0
285 0
286 9999
287 0
288 9974
293 9601
294 9969
302 9999
303 9912
305 6
306 9999
307 0
308 9999
312 9
313 9999
314 84
315 9999
324 0
325 9996
327 3
328 9999
329 88
330 9999
335 0
336 9999
340 0
341 9999
351 9
352 9999
366 6
367 9999
371 9999
372 9999
378 0
379 9999
38 0
380 1335
381 9999
386 58
387 9999
39 9997
399 9995
400 9999
404 790
405 9999
406 9997
407 9999
41 0
412 0
413 831
417 0
418 9999
42 9995
429 1308
430 9999
433 0
434 9999
437 0
438 9434
443 0
444 9999
447 73
448 9999
450 6951
451 9999
46 9999
463 0
464 9999
47 7
478 92
479 9999
48 0
49 9967
497 0
498 9999
5 9997
501 0
502 9999
504 0
505 9999
506 4
507 9999
508 5
509 9999
515 0
516 0
52 0
526 0
527 1041
53 9999
546 0
547 9999
551 0
552 9999
554 9262
555 9999
556 63
557 9999
559 7200
560 1341
566 0
567 9440
57 9997
570 9440
571 9937
575 7
576 9999
58 9999
6 9999
602 9940
603 9999
610 0
611 9643
616 0
617 9999
654 6400
655 9944
657 0
658 9997
666 0
667 9997
675 6
676 9999
679 114
680 9999
683 4
684 9999
685 5
686 9999
688 9966
689 9998
690 8817
691 9999
701 1112
702 9999
703 4
704 9999
709 7
710 9997
711 407
712 9999
723 6
724 9999
727 6414
728 53
729 43
730 9996
74 2
75 9999
78 9674
79 9999
80 9999
81 9999
82 0
83 9622
88 0
89 9999
9 9995
90 0
91 9999
92 0
93 9999
99 5
10 9999
100 9999
106 9970
107 9996
108 0
109 9997
113 7
114 9999
120 9674
121 9999
132 0
133 9999
143 9996
144 9999
145 0
146 9999
148 9999
149 9996
154 9999
155 9999
163 1180
164 9999
17 6491
175 0
176 9999
179 9969
18 9999
180 9999
182 9999
183 9967
190 1172
191 9999
194 0
195 9999
196 58
197 9999
200 972
201 0
206 0
207 9999
216 607
217 9999
221 0
222 9576
227 9999
228 9979
239 6
24 5
240 9999
242 0
243 9972
244 6
245 9999
25 9999
256 0
257 9435
265 0
266 9999
271 47
272 9999
276 0
277 9999
281 0
282 0
285 0
286 9999
287 0
288 9974
293 9601
294 9969
302 9999
303 9912
305 6
306 9999
307 0
308 9999
312 9
313 9999
314 84
315 9999
324 0
325 9996
327 3
328 9999
329 88
330 9999
335 0
336 9999
340 0
341 9999
351 9
352 9999
366 6
367 9999
371 9999
372 9999
378 0
379 9999
38 0
380 1335
381 9999
386 58
387 9999
39 9997
399 9995
400 9999
404 790
405 9999
406 9997
407 9999
41 0
412 0
413 831
417 0
418 9999
42 9995
429 1308
430 9999
433 0
434 9999
437 0
438 9434
443 0
444 9999
447 73
448 9999
450 6951
451 9999
46 9999
463 0
464 9999
47 7
478 92
479 9999
48 0
49 9967
497 0
498 9999
5 9997
501 0
502 9999
504 0
505 9999
506 4
507 9999
508 5
509 9999
515 0
516 0
52 0
526 0
527 1041
53 9999
546 0
547 9999
551 0
552 9999
554 9262
555 9999
556 63
557 9999
559 7200
560 1341
566 0
567 9440
57 9997
570 9440
571 9937
575 7
576 9999
58 9999
6 9999
602 9940
603 9999
610 0
611 9643
616 0
617 9999
654 6400
655 9944
657 0
658 9997
666 0
667 9997
675 6
676 9999
679 114
680 9999
683 4
684 9999
685 5
686 9999
688 9966
689 9998
690 8817
691 9999
701 1112
702 9999
703 4
704 9999
709 7
710 9997
711 407
712 9999
723 6
724 9999
727 6414
728 53
729 43
730 9996
74 2
75 9999
78 9674
79 9999
80 9999
81 9999
82 0
83 9622
88 0
89 9999
9 9995
90 0
91 9999
92 0
93 9999
99 5
0 0
1 0
10 0
100 0
101 0
102 0
103 0
104 0
105 0
106 0
107 0
108 0
109 0
11 0
110 0
111 0
112 0
113 0
114 0
115 0
116 0
117 0
118 0
119 0
12 0
120 0
121 0
122 0
123 0
124 0
125 0
126 0
127 0
128 0
129 0
13 0
130 0
131 0
132 0
133 0
134 0
135 0
136 0
137 0
138 0
139 0
14 0
140 0
141 0
142 0
143 0
144 0
145 0
146 0
147 0
148 0
149 0
15 0
150 0
151 0
152 0
153 0
154 0
155 0
156 0
157 0
158 0
159 0
16 0
160 0
161 0
162 0
163 0
164 0
165 0
166 0
167 0
168 0
169 0
17 0
170 0
171 0
172 0
173 0
174 0
175 0
176 0
177 0
178 0
179 0
18 0
180 0
181 0
182 0
183 0
184 0
185 0
186 0
187 0
188 0
189 0
19 0
190 0
191 0
192 0
193 0
194 0
195 0
196 0
197 0
198 0
199 0
2 0
20 0
200 0
201 0
202 0
203 0
204 0
205 0
206 0
207 0
208 0
209 0
21 0
210 0
211 0
212 0
213 0
214 0
215 0
216 0
217 0
218 0
219 0
22 0
220 0
221 0
222 0
223 0
224 0
225 0
226 0
227 0
228 0
229 0
23 0
230 0
231 0
232 0
233 0
234 0
235 0
236 0
237 0
238 0
239 0
24 0
240 0
241 0
242 0
243 0
244 0
245 0
246 0
247 0
248 0
249 0
25 0
250 0
251 0
252 0
253 0
254 0
255 0
256 0
257 0
258 0
259 0
26 0
260 0
261 0
262 0
263 0
264 0
265 0
266 0
267 0
268 0
269 0
27 0
270 0
271 0
272 0
273 0
274 0
275 0
276 0
277 0
278 0
279 0
28 0
280 0
281 0
282 0
283 0
284 0
285 0
286 0
287 0
288 0
289 0
29 0
290 0
291 0
292 0
293 0
294 0
295 0
296 0
297 0
298 0
299 0
3 0
30 0
300 0
301 0
302 0
303 0
304 0
305 0
306 0
307 0
308 0
309 0
31 0
310 0
311 0
312 0
313 0
314 0
315 0
316 0
317 0
318 0
319 0
32 0
320 0
321 0
322 0
323 0
324 0
325 0
326 0
327 0
328 0
329 0
33 0
330 0
331 0
332 0
333 0
334 0
335 0
336 0
337 0
338 0
339 0
34 0
340 0
341 0
342 0
343 0
344 0
345 0
346 0
347 0
348 0
349 0
35 0
350 0
351 0
352 0
353 0
354 0
355 0
356 0
357 0
358 0
359 0
36 0
360 0
361 0
362 0
363 0
364 0
365 0
366 0
367 0
368 0
369 0
37 0
370 0
371 0
372 0
373 0
374 0
375 0
376 0
377 0
378 0
379 0
38 0
380 0
381 0
382 0
383 0
384 0
385 0
386 0
387 0
388 0
389 0
39 0
390 0
391 0
392 0
393 0
394 0
395 0
396 0
397 0
398 0
399 0
4 0
40 0
400 0
401 0
402 0
403 0
404 0
405 0
406 0
407 0
408 0
409 0
41 0
410 0
411 0
412 0
413 0
414 0
415 0
416 0
417 0
418 0
419 0
42 0
420 0
421 0
422 0
423 0
424 0
425 0
426 0
427 0
428 0
429 0
43 0
430 0
431 0
432 0
433 0
434 0
435 0
436 0
437 0
438 0
439 0
44 0
440 0
441 0
442 0
443 0
444 0
445 0
446 0
447 0
448 0
449 0
45 0
450 0
451 0
452 0
453 0
454 0
455 0
456 0
457 0
458 0
459 0
46 0
460 0
461 0
462 0
463 0
464 0
465 0
466 0
467 0
468 0
469 0
47 0
470 0
471 0
472 0
473 0
474 0
475 0
476 0
477 0
478 0
479 0
48 0
480 0
481 0
482 0
483 0
484 0
485 0
486 0
487 0
488 0
489 0
49 0
490 0
491 0
492 0
493 0
494 0
495 0
496 0
497 0
498 0
499 0
5 0
50 0
500 0
501 0
502 0
503 0
504 0
505 0
506 0
507 0
508 0
509 0
51 0
510 0
511 0
512 0
513 0
514 0
515 0
516 0
517 0
518 0
519 0
52 0
520 0
521 0
522 0
523 0
524 0
525 0
526 0
527 0
528 0
529 0
53 0
530 0
531 0
532 0
533 0
534 0
535 0
536 0
537 0
538 0
539 0
54 0
540 0
541 0
542 0
543 0
544 0
545 0
546 0
547 0
548 0
549 0
55 0
550 0
551 0
552 0
553 0
554 0
555 0
556 0
557 0
558 0
559 0
56 0
560 0
561 0
562 0
563 0
564 0
565 0
566 0
567 0
568 0
569 0
57 0
570 0
571 0
572 0
573 0
574 0
575 0
576 0
577 0
578 0
579 0
58 0
580 0
581 0
582 0
583 0
584 0
585 0
586 0
587 0
588 0
589 0
59 0
590 0
591 0
592 0
593 0
594 0
595 0
596 0
597 0
598 0
599 0
6 0
60 0
600 0
601 0
602 0
603 0
604 0
605 0
606 0
607 0
608 0
609 0
61 0
610 0
611 0
612 0
613 0
614 0
615 0
616 0
617 0
618 0
619 0
62 0
620 0
621 0
622 0
623 0
624 0
625 0
626 0
627 0
628 0
629 0
63 0
630 0
631 0
632 0
633 0
634 0
635 0
636 0
637 0
638 0
639 0
64 0
640 0
641 0
642 0
643 0
644 0
645 0
646 0
647 0
65 0
66 0
67 0
68 0
69 0
7 0
70 0
71 0
72 0
73 0
74 0
75 0
76 0
77 0
78 0
79 0
8 0
80 0
81 0
82 0
83 0
84 0
85 0
86 0
87 0
88 0
89 0
9 0
90 0
91 0
92 0
93 0
94 0
95 0
96 0
97 0
98 0
99 0
0 0
1 0
10 0
100 0
101 0
102 0
103 0
104 0
105 0
106 0
107 0
108 0
109 0
11 0
110 0
111 0
112 0
113 0
114 0
115 0
116 0
117 0
118 0
119 0
12 0
120 0
121 0
122 0
123 0
124 0
125 0
126 0
127 0
128 0
129 0
13 0
130 0
131 0
132 0
133 0
134 0
135 0
136 0
137 0
138 0
139 0
14 0
140 0
141 0
142 0
143 0
144 0
145 0
146 0
147 0
148 0
149 0
15 0
150 0
151 0
152 0
153 0
154 0
155 0
156 0
157 0
158 0
159 0
16 0
160 0
161 0
162 0
163 0
164 0
165 0
166 0
167 0
168 0
169 0
17 0
170 0
171 0
172 0
173 0
174 0
175 0
176 0
177 0
178 0
179 0
18 0
180 0
181 0
182 0
183 0
184 0
185 0
186 0
187 0
188 0
189 0
19 0
190 0
191 0
192 0
193 0
194 0
195 0
196 0
197 0
198 0
199 0
2 0
20 0
200 0
201 0
202 0
203 0
204 0
205 0
206 0
207 0
208 0
209 0
21 0
210 0
211 0
212 0
213 0
214 0
215 0
216 0
217 0
218 0
219 0
22 0
220 0
221 0
222 0
223 0
224 0
225 0
226 0
227 0
228 0
229 0
23 0
230 0
231 0
232 0
233 0
234 0
235 0
236 0
237 0
238 0
239 0
24 0
240 0
241 0
242 0
243 0
244 0
245 0
246 0
247 0
248 0
249 0
25 0
250 0
251 0
252 0
253 0
254 0
255 0
256 0
257 0
258 0
259 0
26 0
260 0
261 0
262 0
263 0
264 0
265 0
266 0
267 0
268 0
269 0
27 0
270 0
271 0
272 0
273 0
274 0
275 0
276 0
277 0
278 0
279 0
28 0
280 0
281 0
282 0
283 0
284 0
285 0
286 0
287 0
288 0
289 0
29 0
290 0
291 0
292 0
293 0
294 0
295 0
296 0
297 0
298 0
299 0
3 0
30 0
300 0
301 0
302 0
303 0
304 0
305 0
306 0
307 0
308 0
309 0
31 0
310 0
311 0
312 0
313 0
314 0
315 0
316 0
317 0
318 0
319 0
32 0
320 0
321 0
322 0
323 0
324 0
325 0
326 0
327 0
328 0
329 0
33 0
330 0
331 0
332 0
333 0
334 0
335 0
336 0
337 0
338 0
339 0
34 0
340 0
341 0
342 0
343 0
344 0
345 0
346 0
347 0
348 0
349 0
35 0
350 0
351 0
352 0
353 0
354 0
355 0
356 0
357 0
358 0
359 0
36 0
360 0
361 0
362 0
363 0
364 0
365 0
366 0
367 0
368 0
369 0
37 0
370 0
371 0
372 0
373 0
374 0
375 0
376 0
377 0
378 0
379 0
38 0
380 0
381 0
382 0
383 0
384 0
385 0
386 0
387 0
388 0
389 0
39 0
390 0
391 0
392 0
393 0
394 0
395 0
396 0
397 0
398 0
399 0
4 0
40 0
400 0
401 0
402 0
403 0
404 0
405 0
406 0
407 0
408 0
409 0
41 0
410 0
411 0
412 0
413 0
414 0
415 0
416 0
417 0
418 0
419 0
42 0
420 0
421 0
422 0
423 0
424 0
425 0
426 0
427 0
428 0
429 0
43 0
430 0
431 0
432 0
433 0
434 0
435 0
436 0
437 0
438 0
439 0
44 0
440 0
441 0
442 0
443 0
444 0
445 0
446 0
447 0
448 0
449 0
45 0
450 0
451 0
452 0
453 0
454 0
455 0
456 0
457 0
458 0
459 0
46 0
460 0
461 0
462 0
463 0
464 0
465 0
466 0
467 0
468 0
469 0
47 0
470 0
471 0
472 0
473 0
474 0
475 0
476 0
477 0
478 0
479 0
48 0
480 0
481 0
482 0
483 0
484 0
485 0
486 0
487 0
488 0
489 0
49 0
490 0
491 0
492 0
493 0
494 0
495 0
496 0
497 0
498 0
499 0
5 0
50 0
500 0
501 0
502 0
503 0
504 0
505 0
506 0
507 0
508 0
509 0
51 0
510 0
511 0
512 0
513 0
514 0
515 0
516 0
517 0
518 0
519 0
52 0
520 0
521 0
522 0
523 0
524 0
525 0
526 0
527 0
528 0
529 0
53 0
530 0
531 0
532 0
533 0
534 0
535 0
536 0
537 0
538 0
539 0
54 0
540 0
541 0
542 0
543 0
544 0
545 0
546 0
547 0
548 0
549 0
55 0
550 0
551 0
552 0
553 0
554 0
555 0
556 0
557 0
558 0
559 0
56 0
560 0
561 0
562 0
563 0
564 0
565 0
566 0
567 0
568 0
569 0
57 0
570 0
571 0
572 0
573 0
574 0
575 0
576 0
577 0
578 0
579 0
58 0
580 0
581 0
582 0
583 0
584 0
585 0
586 0
587 0
588 0
589 0
59 0
590 0
591 0
592 0
593 0
594 0
595 0
596 0
597 0
598 0
599 0
6 0
60 0
600 0
601 0
602 0
603 0
604 0
605 0
606 0
607 0
608 0
609 0
61 0
610 0
611 0
612 0
613 0
614 0
615 0
616 0
617 0
618 0
619 0
62 0
620 0
621 0
622 0
623 0
624 0
625 0
626 0
627 0
628 0
629 0
63 0
630 0
631 0
632 0
633 0
634 0
635 0
636 0
637 0
638 0
639 0
64 0
640 0
641 0
642 0
643 0
644 0
645 0
646 0
647 0
65 0
66 0
67 0
68 0
69 0
7 0
70 0
71 0
72 0
73 0
74 0
75 0
76 0
77 0
78 0
79 0
8 0
80 0
81 0
82 0
83 0
84 0
85 0
86 0
87 0
88 0
89 0
9 0
90 0
91 0
92 0
93 0
94 0
95 0
96 0
97 0
98 0
99 0
0 0
1 0
10 0
100 0
101 0
102 0
103 0
104 0
105 0
106 0
107 0
108 0
109 0
11 0
110 0
111 0
112 0
113 0
114 0
115 0
116 0
117 0
118 0
119 0
12 0
120 0
121 0
122 0
123 0
124 0
125 0
126 0
127 0
128 0
129 0
13 0
130 0
131 0
132 0
133 0
134 0
135 0
136 0
137 0
138 0
139 0
14 0
140 0
141 0
142 0
143 0
144 0
145 0
146 0
147 0
148 0
149 0
15 0
150 0
151 0
152 0
153 0
154 0
155 0
156 0
157 0
158 0
159 0
16 0
160 0
161 0
162 0
163 0
164 0
165 0
166 0
167 0
168 0
169 0
17 0
170 0
171 0
172 0
173 0
174 0
175 0
176 0
177 0
178 0
179 0
18 0
180 0
181 0
182 0
183 0
184 0
185 0
186 0
187 0
188 0
189 0
19 0
190 0
191 0
192 0
193 0
194 0
195 0
196 0
197 0
198 0
199 0
2 0
20 0
200 0
201 0
202 0
203 0
204 0
205 0
206 0
207 0
208 0
209 0
21 0
210 0
211 0
212 0
213 0
214 0
215 0
216 0
217 0
218 0
219 0
22 0
220 0
221 0
222 0
223 0
224 0
225 0
226 0
227 0
228 0
229 0
23 0
230 0
231 0
232 0
233 0
234 0
235 0
236 0
237 0
238 0
239 0
24 0
240 0
241 0
242 0
243 0
244 0
245 0
246 0
247 0
248 0
249 0
25 0
250 0
251 0
252 0
253 0
254 0
255 0
256 0
257 0
258 0
259 0
26 0
260 0
261 0
262 0
263 0
264 0
265 0
266 0
267 0
268 0
269 0
27 0
270 0
271 0
272 0
273 0
274 0
275 0
276 0
277 0
278 0
279 0
28 0
280 0
281 0
282 0
283 0
284 0
285 0
286 0
287 0
288 0
289 0
29 0
290 0
291 0
292 0
293 0
294 0
295 0
296 0
297 0
298 0
299 0
3 0
30 0
300 0
301 0
302 0
303 0
304 0
305 0
306 0
307 0
308 0
309 0
31 0
310 0
311 0
312 0
313 0
314 0
315 0
316 0
317 0
318 0
319 0
32 0
320 0
321 0
322 0
323 0
324 0
325 0
326 0
327 0
328 0
329 0
33 0
330 0
331 0
332 0
333 0
334 0
335 0
336 0
337 0
338 0
339 0
34 0
340 0
341 0
342 0
343 0
344 0
345 0
346 0
347 0
348 0
349 0
35 0
350 0
351 0
352 0
353 0
354 0
355 0
356 0
357 0
358 0
359 0
36 0
360 0
361 0
362 0
363 0
364 0
365 0
366 0
367 0
368 0
369 0
37 0
370 0
371 0
372 0
373 0
374 0
375 0
376 0
377 0
378 0
379 0
38 0
380 0
381 0
382 0
383 0
384 0
385 0
386 0
387 0
388 0
389 0
39 0
390 0
391 0
392 0
393 0
394 0
395 0
396 0
397 0
398 0
399 0
4 0
40 0
400 0
401 0
402 0
403 0
404 0
405 0
406 0
407 0
408 0
409 0
41 0
410 0
411 0
412 0
413 0
414 0
415 0
416 0
417 0
418 0
419 0
42 0
420 0
421 0
422 0
423 0
424 0
425 0
426 0
427 0
428 0
429 0
43 0
430 0
431 0
432 0
433 0
434 0
435 0
436 0
437 0
438 0
439 0
44 0
440 0
441 0
442 0
443 0
444 0
445 0
446 0
447 0
448 0
449 0
45 0
450 0
451 0
452 0
453 0
454 0
455 0
456 0
457 0
458 0
459 0
46 0
460 0
461 0
462 0
463 0
464 0
465 0
466 0
467 0
468 0
469 0
47 0
470 0
471 0
472 0
473 0
474 0
475 0
476 0
477 0
478 0
479 0
48 0
480 0
481 0
482 0
483 0
484 0
485 0
486 0
487 0
488 0
489 0
49 0
490 0
491 0
492 0
493 0
494 0
495 0
496 0
497 0
498 0
499 0
5 0
50 0
500 0
501 0
502 0
503 0
504 0
505 0
506 0
507 0
508 0
509 0
51 0
510 0
511 0
512 0
513 0
514 0
515 0
516 0
517 0
518 0
519 0
52 0
520 0
521 0
522 0
523 0
524 0
525 0
526 0
527 0
528 0
529 0
53 0
530 0
531 0
532 0
533 0
534 0
535 0
536 0
537 0
538 0
539 0
54 0
540 0
541 0
542 0
543 0
544 0
545 0
546 0
547 0
548 0
549 0
55 0
550 0
551 0
552 0
553 0
554 0
555 0
556 0
557 0
558 0
559 0
56 0
560 0
561 0
562 0
563 0
564 0
565 0
566 0
567 0
568 0
569 0
57 0
570 0
571 0
572 0
573 0
574 0
575 0
576 0
577 0
578 0
579 0
58 0
580 0
581 0
582 0
583 0
584 0
585 0
586 0
587 0
588 0
589 0
59 0
590 0
591 0
592 0
593 0
594 0
595 0
596 0
597 0
598 0
599 0
6 0
60 0
600 0
601 0
602 0
603 0
604 0
605 0
606 0
607 0
608 0
609 0
61 0
610 0
611 0
612 0
613 0
614 0
615 0
616 0
617 0
618 0
619 0
62 0
620 0
621 0
622 0
623 0
624 0
625 0
626 0
627 0
628 0
629 0
63 0
630 0
631 0
632 0
633 0
634 0
635 0
636 0
637 0
638 0
639 0
64 0
640 0
641 0
642 0
643 0
644 0
645 0
646 0
647 0
65 0
66 0
67 0
68 0
69 0
7 0
70 0
71 0
72 0
73 0
74 0
75 0
76 0
77 0
78 0
79 0
8 0
80 0
81 0
82 0
83 0
84 0
85 0
86 0
87 0
88 0
89 0
9 0
90 0
91 0
92 0
93 0
94 0
95 0
96 0
97 0
98 0
99 0
0 0
1 0
10 0
100 0
101 0
102 0
103 0
104 0
105 0
106 0
107 0
108 0
109 0
11 0
110 0
111 0
112 0
113 0
114 0
115 0
116 0
117 0
118 0
119 0
12 0
120 0
121 0
122 0
123 0
124 0
125 0
126 0
127 0
128 0
129 0
13 0
130 0
131 0
132 0
133 0
134 0
135 0
136 0
137 0
138 0
139 0
14 0
140 0
141 0
142 0
143 0
144 0
145 0
146 0
147 0
148 0
149 0
15 0
150 0
151 0
152 0
153 0
154 0
155 0
156 0
157 0
158 0
159 0
16 0
160 0
161 0
162 0
163 0
164 0
165 0
166 0
167 0
168 0
169 0
17 0
170 0
171 0
172 0
173 0
174 0
175 0
176 0
177 0
178 0
179 0
18 0
180 0
181 0
182 0
183 0
184 0
185 0
186 0
187 0
188 0
189 0
19 0
190 0
191 0
192 0
193 0
194 0
195 0
196 0
197 0
198 0
199 0
2 0
20 0
200 0
201 0
202 0
203 0
204 0
205 0
206 0
207 0
208 0
209 0
21 0
210 0
211 0
212 0
213 0
214 0
215 0
216 0
217 0
218 0
219 0
22 0
220 0
221 0
222 0
223 0
224 0
225 0
226 0
227 0
228 0
229 0
23 0
230 0
231 0
232 0
233 0
234 0
235 0
236 0
237 0
238 0
239 0
24 0
240 0
241 0
242 0
243 0
244 0
245 0
246 0
247 0
248 0
249 0
25 0
250 0
251 0
252 0
253 0
254 0
255 0
256 0
257 0
258 0
259 0
26 0
260 0
261 0
262 0
263 0
264 0
265 0
266 0
267 0
268 0
269 0
27 0
270 0
271 0
272 0
273 0
274 0
275 0
276 0
277 0
278 0
279 0
28 0
280 0
281 0
282 0
283 0
284 0
285 0
286 0
287 0
288 0
289 0
29 0
290 0
291 0
292 0
293 0
294 0
295 0
296 0
297 0
298 0
299 0
3 0
30 0
300 0
301 0
302 0
303 0
304 0
305 0
306 0
307 0
308 0
309 0
31 0
310 0
311 0
312 0
313 0
314 0
315 0
316 0
317 0
318 0
319 0
32 0
320 0
321 0
322 0
323 0
324 0
325 0
326 0
327 0
328 0
329 0
33 0
330 0
331 0
332 0
333 0
334 0
335 0
336 0
337 0
338 0
339 0
34 0
340 0
341 0
342 0
343 0
344 0
345 0
346 0
347 0
348 0
349 0
35 0
350 0
351 0
352 0
353 0
354 0
355 0
356 0
357 0
358 0
359 0
36 0
360 0
361 0
362 0
363 0
364 0
365 0
366 0
367 0
368 0
369 0
37 0
370 0
371 0
372 0
373 0
374 0
375 0
376 0
377 0
378 0
379 0
38 0
380 0
381 0
382 0
383 0
384 0
385 0
386 0
387 0
388 0
389 0
39 0
390 0
391 0
392 0
393 0
394 0
395 0
396 0
397 0
398 0
399 0
4 0
40 0
400 0
401 0
402 0
403 0
404 0
405 0
406 0
407 0
408 0
409 0
41 0
410 0
411 0
412 0
413 0
414 0
415 0
416 0
417 0
418 0
419 0
42 0
420 0
421 0
422 0
423 0
424 0
425 0
426 0
427 0
428 0
429 0
43 0
430 0
431 0
432 0
433 0
434 0
435 0
436 0
437 0
438 0
439 0
44 0
440 0
441 0
442 0
443 0
444 0
445 0
446 0
447 0
448 0
449 0
45 0
450 0
451 0
452 0
453 0
454 0
455 0
456 0
457 0
458 0
459 0
46 0
460 0
461 0
462 0
463 0
464 0
465 0
466 0
467 0
468 0
469 0
47 0
470 0
471 0
472 0
473 0
474 0
475 0
476 0
477 0
478 0
479 0
48 0
480 0
481 0
482 0
483 0
484 0
485 0
486 0
487 0
488 0
489 0
49 0
490 0
491 0
492 0
493 0
494 0
495 0
496 0
497 0
498 0
499 0
5 0
50 0
500 0
501 0
502 0
503 0
504 0
505 0
506 0
507 0
508 0
509 0
51 0
510 0
511 0
512 0
513 0
514 0
515 0
516 0
517 0
518 0
519 0
52 0
520 0
521 0
522 0
523 0
524 0
525 0
526 0
527 0
528 0
529 0
53 0
530 0
531 0
532 0
533 0
534 0
535 0
536 0
537 0
538 0
539 0
54 0
540 0
541 0
542 0
543 0
544 0
545 0
546 0
547 0
548 0
549 0
55 0
550 0
551 0
552 0
553 0
554 0
555 0
556 0
557 0
558 0
559 0
56 0
560 0
561 0
562 0
563 0
564 0
565 0
566 0
567 0
568 0
569 0
57 0
570 0
571 0
572 0
573 0
574 0
575 0
576 0
577 0
578 0
579 0
58 0
580 0
581 0
582 0
583 0
584 0
585 0
586 0
587 0
588 0
589 0
59 0
590 0
591 0
592 0
593 0
594 0
595 0
596 0
597 0
598 0
599 0
6 0
60 0
600 0
601 0
602 0
603 0
604 0
605 0
606 0
607 0
608 0
609 0
61 0
610 0
611 0
612 0
613 0
614 0
615 0
616 0
617 0
618 0
619 0
62 0
620 0
621 0
622 0
623 0
624 0
625 0
626 0
627 0
628 0
629 0
63 0
630 0
631 0
632 0
633 0
634 0
635 0
636 0
637 0
638 0
639 0
64 0
640 0
641 0
642 0
643 0
644 0
645 0
646 0
647 0
648 0
649 0
65 0
650 0
651 0
652 0
653 0
654 0
655 0
656 0
657 0
658 0
659 0
66 0
660 0
661 0
662 0
663 0
664 0
665 0
666 0
667 0
668 0
669 0
67 0
670 0
671 0
672 0
673 0
674 0
675 0
676 0
677 0
678 0
679 0
68 0
69 0
7 0
70 0
71 0
72 0
73 0
74 0
75 0
76 0
77 0
78 0
79 0
8 0
80 0
81 0
82 0
83 0
84 0
85 0
86 0
87 0
88 0
89 0
9 0
90 0
91 0
92 0
93 0
94 0
95 0
96 0
97 0
98 0
99 0
0 0
1 0
10 0
100 0
101 0
102 0
103 0
104 0
105 0
106 0
107 0
108 0
109 0
11 0
110 0
111 0
112 0
113 0
114 0
115 0
116 0
117 0
118 0
119 0
12 0
120 0
121 0
122 0
123 0
124 0
125 0
126 0
127 0
128 0
129 0
13 0
130 0
131 0
132 0
133 0
134 0
135 0
136 0
137 0
138 0
139 0
14 0
140 0
141 0
142 0
143 0
144 0
145 0
146 0
147 0
148 0
149 0
15 0
150 0
151 0
152 0
153 0
154 0
155 0
156 0
157 0
158 0
159 0
16 0
160 0
161 0
162 0
163 0
164 0
165 0
166 0
167 0
168 0
169 0
17 0
170 0
171 0
172 0
173 0
174 0
175 0
176 0
177 0
178 0
179 0
18 0
180 0
181 0
182 0
183 0
184 0
185 0
186 0
187 0
188 0
189 0
19 0
190 0
191 0
192 0
193 0
194 0
195 0
196 0
197 0
198 0
199 0
2 0
20 0
200 0
201 0
202 0
203 0
204 0
205 0
206 0
207 0
208 0
209 0
21 0
210 0
211 0
212 0
213 0
214 0
215 0
216 0
217 0
218 0
219 0
22 0
220 0
221 0
222 0
223 0
224 0
225 0
226 0
227 0
228 0
229 0
23 0
230 0
231 0
232 0
233 0
234 0
235 0
236 0
237 0
238 0
239 0
24 0
240 0
241 0
242 0
243 0
244 0
245 0
246 0
247 0
248 0
249 0
25 0
250 0
251 0
252 0
253 0
254 0
255 0
256 0
257 0
258 0
259 0
26 0
260 0
261 0
262 0
263 0
264 0
265 0
266 0
267 0
268 0
269 0
27 0
270 0
271 0
272 0
273 0
274 0
275 0
276 0
277 0
278 0
279 0
28 0
280 0
281 0
282 0
283 0
284 0
285 0
286 0
287 0
288 0
289 0
29 0
290 0
291 0
292 0
293 0
294 0
295 0
296 0
297 0
298 0
299 0
3 0
30 0
300 0
301 0
302 0
303 0
304 0
305 0
306 0
307 0
308 0
309 0
31 0
310 0
311 0
312 0
313 0
314 0
315 0
316 0
317 0
318 0
319 0
32 0
320 0
321 0
322 0
323 0
324 0
325 0
326 0
327 0
328 0
329 0
33 0
330 0
331 0
332 0
333 0
334 0
335 0
336 0
337 0
338 0
339 0
34 0
340 0
341 0
342 0
343 0
344 0
345 0
346 0
347 0
348 0
349 0
35 0
350 0
351 0
352 0
353 0
354 0
355 0
356 0
357 0
358 0
359 0
36 0
360 0
361 0
362 0
363 0
364 0
365 0
366 0
367 0
368 0
369 0
37 0
370 0
371 0
372 0
373 0
374 0
375 0
376 0
377 0
378 0
379 0
38 0
380 0
381 0
382 0
383 0
384 0
385 0
386 0
387 0
388 0
389 0
39 0
390 0
391 0
392 0
393 0
394 0
395 0
396 0
397 0
398 0
399 0
4 0
40 0
400 0
401 0
402 0
403 0
404 0
405 0
406 0
407 0
408 0
409 0
41 0
410 0
411 0
412 0
413 0
414 0
415 0
416 0
417 0
418 0
419 0
42 0
420 0
421 0
422 0
423 0
424 0
425 0
426 0
427 0
428 0
429 0
43 0
430 0
431 0
432 0
433 0
434 0
435 0
436 0
437 0
438 0
439 0
44 0
440 0
441 0
442 0
443 0
444 0
445 0
446 0
447 0
448 0
449 0
45 0
450 0
451 0
452 0
453 0
454 0
455 0
456 0
457 0
458 0
459 0
46 0
460 0
461 0
462 0
463 0
464 0
465 0
466 0
467 0
468 0
469 0
47 0
470 0
471 0
472 0
473 0
474 0
475 0
476 0
477 0
478 0
479 0
48 0
480 0
481 0
482 0
483 0
484 0
485 0
486 0
487 0
488 0
489 0
49 0
490 0
491 0
492 0
493 0
494 0
495 0
496 0
497 0
498 0
499 0
5 0
50 0
500 0
501 0
502 0
503 0
504 0
505 0
506 0
507 0
508 0
509 0
51 0
510 0
511 0
512 0
513 0
514 0
515 0
516 0
517 0
518 0
519 0
52 0
520 0
521 0
522 0
523 0
524 0
525 0
526 0
527 0
528 0
529 0
53 0
530 0
531 0
532 0
533 0
534 0
535 0
536 0
537 0
538 0
539 0
54 0
540 0
541 0
542 0
543 0
544 0
545 0
546 0
547 0
548 0
549 0
55 0
550 0
551 0
552 0
553 0
554 0
555 0
556 0
557 0
558 0
559 0
56 0
560 0
561 0
562 0
563 0
564 0
565 0
566 0
567 0
568 0
569 0
57 0
570 0
571 0
572 0
573 0
574 0
575 0
576 0
577 0
578 0
579 0
58 0
580 0
581 0
582 0
583 0
584 0
585 0
586 0
587 0
588 0
589 0
59 0
590 0
591 0
592 0
593 0
594 0
595 0
596 0
597 0
598 0
599 0
6 0
60 0
600 0
601 0
602 0
603 0
604 0
605 0
606 0
607 0
608 0
609 0
61 0
610 0
611 0
612 0
613 0
614 0
615 0
616 0
617 0
618 0
619 0
62 0
620 0
621 0
622 0
623 0
624 0
625 0
626 0
627 0
628 0
629 0
63 0
630 0
631 0
632 0
633 0
634 0
635 0
636 0
637 0
638 0
639 0
64 0
640 0
641 0
642 0
643 0
644 0
645 0
646 0
647 0
648 0
649 0
65 0
650 0
651 0
652 0
653 0
654 0
655 0
656 0
657 0
658 0
659 0
66 0
660 0
661 0
662 0
663 0
664 0
665 0
666 0
667 0
67 0
68 0
69 0
7 0
70 0
71 0
72 0
73 0
74 0
75 0
76 0
77 0
78 0
79 0
8 0
80 0
81 0
82 0
83 0
84 0
85 0
86 0
87 0
88 0
89 0
9 0
90 0
91 0
92 0
93 0
94 0
95 0
96 0
97 0
98 0
99 0
100 0
101 0
107 0
108 0
110 0
111 0
113 0
114 0
116 0
117 0
12 0
120 0
121 0
124 0
125 0
127 0
128 0
13 0
132 0
133 0
136 0
137 0
141 0
142 0
144 0
145 0
148 0
149 0
151 0
152 0
157 0
158 0
160 0
161 0
166 0
167 0
179 0
18 0
180 0
181 0
182 0
187 0
188 0
189 0
19 0
190 0
191 0
192 0
193 0
194 0
195 0
196 0
197 0
198 0
199 0
2 0
20 0
200 0
201 0
202 0
207 0
208 0
21 0
210 0
211 0
220 0
221 0
222 0
223 0
224 0
225 0
226 0
227 0
237 0
238 0
24 0
241 0
242 0
249 0
25 0
250 0
252 0
253 0
255 0
256 0
257 0
258 0
265 0
266 0
267 0
268 0
269 0
270 0
272 0
273 0
274 0
275 0
279 0
280 0
289 0
29 0
290 0
291 0
292 0
296 0
297 0
3 0
30 0
306 0
307 0
313 0
314 0
324 0
325 0
328 0
329 0
331 0
332 0
344 0
345 0
348 0
349 0
352 0
353 0
358 0
359 0
362 0
363 0
374 0
375 0
376 0
377 0
378 0
379 0
380 0
381 0
390 0
391 0
392 0
393 0
394 0
395 0
402 0
403 0
405 0
406 0
410 0
411 0
413 0
414 0
415 0
416 0
430 0
431 0
438 0
439 0
44 0
448 0
449 0
45 0
453 0
454 0
455 0
456 0
457 0
458 0
46 0
467 0
468 0
47 0
472 0
473 0
477 0
478 0
480 0
481 0
49 0
496 0
497 0
5 0
50 0
506 0
507 0
510 0
511 0
512 0
513 0
515 0
516 0
518 0
519 0
521 0
522 0
523 0
524 0
531 0
532 0
544 0
545 0
546 0
547 0
548 0
549 0
551 0
552 0
553 0
554 0
556 0
557 0
565 0
566 0
568 0
569 0
572 0
573 0
575 0
576 0
59 0
595 0
596 0
597 0
598 0
6 0
60 0
600 0
601 0
603 0
604 0
606 0
607 0
615 0
616 0
618 0
619 0
62 0
63 0
638 0
639 0
64 0
640 0
641 0
647 0
648 0
65 0
655 0
656 0
660 0
661 0
662 0
663 0
675 0
676 0
677 0
678 0
686 0
687 0
692 0
693 0
7 0
705 0
706 0
707 0
708 0
71 0
715 0
716 0
72 0
720 0
721 0
722 0
723 0
725 0
726 0
736 0
737 0
741 0
742 0
747 0
748 0
75 0
754 0
755 0
757 0
758 0
76 0
762 0
763 0
764 0
765 0
768 0
769 0
8 0
83 0
84 0
92 0
93 0
100 161
101 468
107 467
108 466
110 4
111 466
113 4
114 466
116 465
117 465
12 493
120 30
121 465
124 445
125 465
127 0
128 465
13 492
132 463
133 465
136 463
137 392
141 1
142 463
144 4
145 462
148 461
149 461
151 461
152 128
157 0
158 457
160 461
161 1
166 0
167 160
179 459
18 2
180 461
181 88
182 461
187 459
188 390
189 13
19 488
190 461
191 0
192 440
193 29
194 461
195 392
196 461
197 461
198 461
199 409
2 157
20 410
200 461
201 8
202 461
207 41
208 461
21 488
210 0
211 461
220 441
221 461
222 9
223 461
224 100
225 461
226 80
227 461
237 0
238 461
24 0
241 0
242 461
249 461
25 222
250 444
252 461
253 413
255 2
256 460
257 40
258 460
265 459
266 408
267 17
268 458
269 2
270 458
272 7
273 458
274 7
275 458
279 458
280 431
289 1
29 394
290 457
291 9
292 457
296 456
297 457
3 495
30 488
306 1
307 457
313 450
314 457
324 450
325 452
328 5
329 457
331 457
332 434
344 160
345 455
348 448
349 454
352 0
353 16
358 0
359 40
362 454
363 454
374 453
375 135
376 26
377 452
378 452
379 452
380 448
381 452
390 452
391 452
392 452
393 452
394 449
395 452
402 450
403 449
405 410
406 449
410 112
411 449
413 1
414 449
415 6
416 449
430 4
431 449
438 12
439 448
44 0
448 444
449 443
45 482
453 0
454 411
455 5
456 447
457 4
458 446
46 33
467 0
468 11
47 482
472 0
473 1
477 445
478 444
480 21
481 445
49 473
496 9
497 445
5 18
50 17
506 11
507 445
510 269
511 445
512 226
513 445
515 2
516 445
518 226
519 439
521 445
522 388
523 5
524 445
531 409
532 445
544 400
545 441
546 2
547 442
548 41
549 442
551 0
552 441
553 125
554 442
556 409
557 357
565 0
566 441
568 440
569 3
572 440
573 440
575 440
576 440
59 461
595 437
596 437
597 25
598 437
6 493
60 427
600 434
601 436
603 437
604 437
606 0
607 437
615 379
616 437
618 436
619 57
62 204
63 475
638 19
639 435
64 18
640 23
641 435
647 281
648 435
65 474
655 433
656 433
660 433
661 35
662 430
663 433
675 0
676 432
677 49
678 433
686 432
687 432
692 55
693 432
7 193
705 432
706 432
707 9
708 432
71 466
715 252
716 11
72 474
720 1
721 432
722 1
723 432
725 110
726 431
736 388
737 430
741 409
742 68
747 428
748 430
75 474
754 2
755 429
757 2
758 429
76 467
762 418
763 429
764 76
765 429
768 38
769 429
8 493
83 469
84 472
92 0
93 446
10 999
101 39
102 999
103 29
104 999
108 987
109 999
110 999
111 999
115 999
116 15
117 925
118 999
119 2
12 10
120 999
121 1
122 999
125 999
126 999
127 10
128 999
13 999
131 20
132 999
135 0
136 999
139 105
140 999
146 3
147 999
15 102
152 943
153 999
155 997
156 999
16 999
160 999
161 999
163 4
164 999
169 0
17 999
170 1
172 999
173 999
174 27
175 999
176 0
177 999
179 999
18 999
180 991
183 426
184 999
186 935
187 999
188 0
189 999
191 999
192 13
193 17
194 999
195 192
196 999
197 172
198 999
208 999
209 998
210 998
211 999
213 535
214 999
216 999
217 999
219 0
220 999
225 2
226 999
228 0
229 999
232 999
233 999
235 1
236 999
244 0
245 999
248 999
249 999
252 999
253 999
255 183
256 999
257 254
258 999
259 994
26 0
260 999
265 6
266 999
269 994
27 28
270 996
273 11
274 999
277 999
278 999
279 1
280 999
284 466
285 999
286 2
287 999
289 999
290 467
292 992
293 579
296 991
297 999
299 988
300 999
302 999
303 171
309 999
31 999
310 999
314 964
315 997
316 3
317 999
319 989
32 999
320 999
324 847
325 999
332 993
333 999
335 955
336 999
338 999
339 999
356 999
357 999
361 11
362 999
363 0
364 999
369 941
370 999
371 0
372 999
38 2
381 998
382 999
388 0
389 999
39 999
391 18
392 999
395 697
396 999
4 114
406 999
407 999
409 999
41 1
410 1
411 0
412 999
414 989
415 711
417 999
418 999
419 905
42 999
420 999
423 999
424 999
425 999
426 999
433 999
434 999
440 999
441 999
442 0
443 999
444 999
445 999
446 998
447 999
450 0
451 999
455 9
456 999
462 0
463 914
464 892
465 999
470 0
471 991
472 998
473 999
476 8
477 999
479 8
480 999
481 1
482 999
485 140
486 999
487 14
488 999
49 999
494 0
495 948
496 999
497 999
5 999
50 103
500 999
501 999
503 15
504 999
510 3
511 999
512 0
513 999
515 999
516 999
518 999
519 999
522 12
523 999
524 0
525 999
526 3
527 999
530 990
531 999
536 0
537 998
544 10
545 999
548 999
549 991
554 243
555 999
558 999
559 15
562 999
563 999
564 198
565 999
566 999
567 999
577 24
578 999
579 0
580 999
582 167
583 999
586 23
587 999
589 932
590 999
591 890
592 999
593 0
594 999
597 1
598 999
601 987
602 999
607 999
608 999
609 521
610 999
613 140
614 999
615 0
616 999
618 915
619 999
621 999
622 999
624 999
625 999
626 918
627 999
628 611
629 999
631 999
632 999
633 127
634 999
636 2
637 999
639 0
640 999
645 999
646 12
657 999
658 999
666 943
667 999
669 999
670 18
674 843
675 991
676 1
677 999
679 987
680 999
682 990
683 999
686 988
687 999
69 0
690 999
691 999
694 991
695 999
698 999
699 999
70 999
700 174
701 999
71 991
72 999
77 20
78 999
80 999
81 999
83 1
84 999
85 999
86 999
88 999
89 999
9 0
90 5
91 999
94 932
95 999
97 9
98 999
10 999
101 39
102 999
103 29
104 999
108 987
109 999
110 999
111 999
115 999
116 15
117 925
118 999
119 2
12 10
120 999
121 1
122 999
125 999
126 999
127 10
128 999
13 999
131 20
132 999
135 0
136 999
139 105
140 999
146 3
147 999
15 102
152 943
153 999
155 997
156 999
16 999
160 999
161 999
163 4
164 999
169 0
17 999
170 1
172 999
173 999
174 27
175 999
176 0
177 999
179 999
18 999
180 991
183 426
184 999
186 935
187 999
188 0
189 999
191 999
192 13
193 17
194 999
195 192
196 999
197 172
198 999
208 999
209 998
210 998
211 999
213 535
214 999
216 999
217 999
219 0
220 999
225 2
226 999
228 0
229 999
232 999
233 999
235 1
236 999
244 0
245 999
248 999
249 999
252 999
253 999
255 183
256 999
257 254
258 999
259 994
26 0
260 999
265 6
266 999
269 994
27 28
270 996
273 11
274 999
277 999
278 999
279 1
280 999
284 466
285 999
286 2
287 999
289 999
290 467
292 992
293 579
296 991
297 999
299 988
300 999
302 999
303 171
309 999
31 999
310 999
314 964
315 997
316 3
317 999
319 989
32 999
320 999
324 847
325 999
332 993
333 999
335 955
336 999
338 999
339 999
356 999
357 999
361 11
362 999
363 0
364 999
369 941
370 999
371 0
372 999
38 2
381 998
382 999
388 0
389 999
39 999
391 18
392 999
395 697
396 999
4 114
406 999
407 999
409 999
41 1
410 1
411 0
412 999
414 989
415 711
417 999
418 999
419 905
42 999
420 999
423 999
424 999
425 999
426 999
433 999
434 999
440 999
441 999
442 0
443 999
444 999
445 999
446 998
447 999
450 0
451 999
455 9
456 999
462 0
463 914
464 892
465 999
470 0
471 991
472 998
473 999
476 8
477 999
479 8
480 999
481 1
482 999
485 140
486 999
487 14
488 999
49 999
494 0
495 948
496 999
497 999
5 999
50 103
500 999
501 999
503 15
504 999
510 3
511 999
512 0
513 999
515 999
516 999
518 999
519 999
522 12
523 999
524 0
525 999
526 3
527 999
530 990
531 999
536 0
537 998
544 10
545 999
548 999
549 991
554 243
555 999
558 999
559 15
562 999
563 999
564 198
565 999
566 999
567 999
577 24
578 999
579 0
580 999
582 167
583 999
586 23
587 999
589 932
590 999
591 890
592 999
593 0
594 999
597 1
598 999
601 987
602 999
607 999
608 999
609 521
610 999
613 140
614 999
615 0
616 999
618 915
619 999
621 999
622 999
624 999
625 999
626 918
627 999
628 611
629 999
631 999
632 999
633 127
634 999
636 2
637 999
639 0
640 999
645 999
646 12
657 999
658 999
666 943
667 999
669 999
670 18
674 843
675 991
676 1
677 999
679 987
680 999
682 990
683 999
686 988
687 999
69 0
690 999
691 999
694 991
695 999
698 999
699 999
70 999
700 174
701 999
71 991
72 999
77 20
78 999
80 999
81 999
83 1
84 999
85 999
86 999
88 999
89 999
9 0
90 5
91 999
94 932
95 999
97 9
98 999
102 972
103 982
105 978
106 982
109 36
11 947
110 982
111 36
112 982
113 0
114 982
115 119
116 982
117 24
118 982
12 994
120 982
121 982
123 13
124 982
13 994
135 0
136 979
137 867
138 979
14 993
140 0
141 979
153 978
154 966
155 978
156 978
164 237
165 978
170 973
171 977
172 977
173 977
174 845
175 977
176 33
177 977
178 0
179 977
18 0
181 961
182 977
183 39
184 977
19 988
192 977
193 966
194 0
195 977
20 0
200 43
201 977
202 977
203 977
207 0
208 977
21 992
211 977
212 977
213 6
214 977
22 0
220 0
221 977
222 977
223 977
228 0
229 4
23 991
232 977
233 192
234 893
235 977
236 69
237 977
240 975
241 975
242 637
243 977
246 18
247 977
249 977
250 19
254 963
255 976
26 435
263 945
264 888
265 772
266 974
267 964
268 974
27 991
278 0
279 974
28 416
281 25
282 974
283 890
284 974
285 13
286 974
287 388
288 974
29 990
292 963
293 974
294 884
295 974
296 974
297 974
298 1
299 974
302 973
303 970
304 963
305 972
308 961
309 972
320 972
321 972
322 884
323 972
325 15
326 972
330 972
331 972
333 944
334 972
337 10
338 972
340 971
341 844
344 971
345 6
351 2
352 971
353 0
354 971
356 232
357 971
358 971
359 971
36 23
362 961
363 971
366 0
367 971
37 990
374 0
375 971
378 969
379 969
380 928
381 969
382 677
383 969
389 969
39 0
390 969
391 775
392 5
393 969
394 969
398 969
399 969
40 986
400 35
401 969
402 967
403 969
404 954
405 969
406 383
407 969
408 557
409 969
413 966
414 784
415 2
416 969
418 0
419 969
422 3
423 969
427 968
428 968
431 966
432 968
434 968
435 968
436 644
437 967
44 990
441 571
442 967
445 6
446 967
448 26
449 967
45 989
451 9
452 967
455 967
456 967
459 0
460 967
461 263
462 967
467 0
468 956
47 989
475 335
476 967
477 21
478 967
48 980
480 966
481 966
482 965
483 966
484 870
485 966
486 30
487 966
489 576
490 966
491 4
492 966
494 965
495 27
497 962
498 965
499 467
5 103
500 965
504 964
505 965
506 803
507 965
509 965
51 904
510 965
513 1
514 965
52 987
520 965
521 888
523 965
524 19
529 21
530 963
54 976
540 0
541 962
542 2
543 962
545 962
546 528
548 5
549 962
55 986
555 0
556 962
561 0
562 962
563 559
564 962
568 28
569 961
570 961
571 961
576 0
577 958
582 912
583 961
585 96
586 961
587 4
588 961
590 961
591 961
592 24
593 961
594 627
595 961
6 995
60 0
600 961
601 961
602 21
603 961
606 959
607 959
608 0
609 959
61 985
610 283
611 958
613 0
614 957
616 827
617 957
62 887
620 957
621 957
627 957
628 953
63 985
633 50
634 957
635 0
636 957
638 7
639 957
64 18
641 615
642 957
646 957
647 25
65 985
650 933
651 957
655 937
656 957
657 1
658 957
66 92
660 957
661 952
664 957
665 957
666 14
667 957
67 985
670 957
671 3
674 2
675 957
676 82
677 957
682 176
683 957
684 0
685 957
686 920
687 957
690 957
691 957
692 7
693 957
7 991
70 6
700 150
701 957
702 957
703 957
705 1
706 957
71 985
72 22
73 985
75 893
76 985
8 995
80 1
81 984
82 884
83 984
85 0
86 984
87 17
88 984
92 26
93 983
95 54
96 983
10 999
101 39
102 999
103 29
104 999
108 987
109 999
110 999
111 999
115 999
116 15
117 925
118 999
119 2
12 10
120 999
121 1
122 999
125 999
126 999
127 10
128 999
13 999
131 20
132 999
135 0
136 999
139 105
140 999
146 3
147 999
15 102
152 943
153 999
155 997
156 999
16 999
160 999
161 999
163 4
164 999
169 0
17 999
170 1
172 999
173 999
174 27
175 999
176 0
177 999
179 999
18 999
180 991
183 426
184 999
186 935
187 999
188 0
189 999
191 999
192 13
193 17
194 999
195 192
196 999
197 172
198 999
208 999
209 998
210 998
211 999
213 535
214 999
216 999
217 999
219 0
220 999
225 2
226 999
228 0
229 999
232 999
233 999
235 1
236 999
244 0
245 999
248 999
249 999
252 999
253 999
255 183
256 999
257 254
258 999
259 994
26 0
260 999
265 6
266 999
269 994
27 28
270 996
273 11
274 999
277 999
278 999
279 1
280 999
284 466
285 999
286 2
287 999
289 999
290 467
292 992
293 579
296 991
297 999
299 988
300 999
302 999
303 171
309 999
31 999
310 999
314 964
315 997
316 3
317 999
319 989
32 999
320 999
324 847
325 999
332 993
333 999
335 955
336 999
338 999
339 999
356 999
357 999
361 11
362 999
363 0
364 999
369 941
370 999
371 0
372 999
38 2
381 998
382 999
388 0
389 999
39 999
391 18
392 999
395 697
396 999
4 114
406 999
407 999
409 999
41 1
410 1
411 0
412 999
414 989
415 711
417 999
418 999
419 905
42 999
420 999
423 999
424 999
425 999
426 999
433 999
434 999
440 999
441 999
442 0
443 999
444 999
445 999
446 998
447 999
450 0
451 999
455 9
456 999
462 0
463 914
464 892
465 999
470 0
471 991
472 998
473 999
476 8
477 999
479 8
480 999
481 1
482 999
485 140
486 999
487 14
488 999
49 999
494 0
495 948
496 999
497 999
5 999
50 103
500 999
501 999
503 15
504 999
510 3
511 999
512 0
513 999
515 999
516 999
518 999
519 999
522 12
523 999
524 0
525 999
526 3
527 999
530 990
531 999
536 0
537 998
544 10
545 999
548 999
549 991
554 243
555 999
558 999
559 15
562 999
563 999
564 198
565 999
566 999
567 999
577 24
578 999
579 0
580 999
582 167
583 999
586 23
587 999
589 932
590 999
591 890
592 999
593 0
594 999
597 1
598 999
601 987
602 999
607 999
608 999
609 521
610 999
613 140
614 999
615 0
616 999
618 915
619 999
621 999
622 999
624 999
625 999
626 918
627 999
628 611
629 999
631 999
632 999
633 127
634 999
636 2
637 999
639 0
640 999
645 999
646 12
657 999
658 999
666 943
667 999
669 999
670 18
674 843
675 991
676 1
677 999
679 987
680 999
682 990
683 999
686 988
687 999
69 0
690 999
691 999
694 991
695 999
698 999
699 999
70 999
700 174
701 999
71 991
72 999
77 20
78 999
80 999
81 999
83 1
84 999
85 999
86 999
88 999
89 999
9 0
90 5
91 999
94 932
95 999
97 9
98 999
10 988
11 999
117 992
118 972
129 953
13 999
130 0
135 218
136 999
137 0
138 997
14 997
142 0
143 999
148 992
149 999
15 19
150 17
151 999
16 999
167 16
168 999
177 99
178 999
18 148
182 949
183 999
19 999
193 0
194 29
195 1
196 999
200 0
201 999
204 999
205 67
207 28
208 999
21 0
213 25
214 999
218 0
219 998
22 992
223 126
224 999
226 999
227 922
231 7
232 999
236 999
237 19
24 1
247 998
248 999
25 999
250 999
251 997
253 998
254 999
255 796
256 999
261 999
262 0
266 0
267 75
27 219
273 0
274 999
278 219
279 999
28 999
281 989
282 4
299 922
30 10
300 999
302 219
303 992
31 999
32 0
327 856
328 992
33 999
346 2
347 999
35 0
359 0
36 949
360 997
37 4
371 0
372 953
379 0
38 999
380 953
39 216
399 1
40 999
400 999
408 998
409 6
41 943
418 1
419 999
42 999
431 0
432 998
437 13
438 999
439 19
440 999
442 3
443 999
446 999
447 999
448 860
449 999
458 29
459 999
460 0
461 993
465 996
466 191
470 0
471 998
473 999
474 999
480 0
481 999
482 2
483 999
497 567
498 999
501 0
502 999
507 997
508 558
510 990
511 999
513 987
514 998
517 0
518 999
525 997
526 998
528 2
529 995
535 0
536 993
538 999
539 998
540 0
541 999
544 3
545 999
546 402
547 999
554 0
555 999
56 999
561 999
562 998
563 1
564 999
566 5
567 999
57 1
570 899
571 999
572 3
573 999
574 0
575 998
578 2
579 999
580 992
581 999
583 148
584 999
585 936
586 999
598 4
599 998
610 3
611 999
619 15
620 999
626 998
627 999
630 922
631 999
633 999
634 998
635 935
636 999
646 0
647 993
653 14
654 999
655 148
656 999
663 11
664 999
666 0
667 999
673 3
674 998
677 148
678 999
684 0
685 23
686 10
687 999
688 0
689 999
7 999
707 4
708 999
71 4
710 953
711 202
712 148
713 999
714 999
715 999
72 999
722 673
723 953
73 146
735 3
736 999
74 999
744 135
745 999
754 0
755 992
762 999
763 999
765 999
766 999
8 985
80 2
81 999
87 12
88 999
90 148
91 999
1 264
10 499
100 499
101 456
102 499
103 297
104 499
106 499
107 203
110 0
111 499
112 499
113 499
115 155
116 499
117 188
118 499
119 498
120 499
123 499
124 499
125 499
126 499
128 498
129 499
13 0
130 499
131 499
134 499
135 499
136 499
137 499
139 499
14 499
140 499
142 499
143 499
147 499
148 499
149 499
15 7
150 499
151 20
152 499
154 499
155 499
156 499
157 499
159 14
16 499
160 499
161 492
162 499
163 496
164 499
165 499
166 499
17 0
170 499
171 499
172 499
173 499
174 34
175 499
176 499
177 499
178 37
179 499
18 499
183 223
184 499
185 449
186 499
187 28
188 499
19 499
193 496
194 499
195 64
196 499
2 499
20 499
203 499
204 499
206 499
207 499
209 499
21 281
210 499
211 499
212 499
215 499
216 499
217 89
218 499
22 499
221 499
222 499
223 456
224 499
225 494
226 499
227 499
228 499
23 497
230 24
231 499
232 67
233 499
234 499
235 499
238 499
239 499
24 499
243 499
244 499
245 499
246 499
248 499
249 488
251 499
252 499
253 495
254 499
255 491
256 499
257 499
258 499
259 87
26 499
260 499
261 88
262 499
263 497
264 499
265 499
266 499
267 491
268 499
269 499
27 499
270 499
273 499
274 499
276 106
277 499
278 499
279 499
28 499
281 470
282 499
283 494
284 499
288 499
289 499
29 499
290 469
291 499
293 499
294 499
296 499
297 499
298 499
299 499
300 495
301 499
302 499
303 499
307 499
308 499
309 496
31 496
310 499
312 499
313 499
316 499
317 499
319 499
32 499
320 499
321 134
322 499
325 499
326 499
327 4
328 499
331 499
332 499
333 197
334 499
336 499
337 499
34 499
341 498
342 499
343 182
344 499
345 488
346 499
347 145
348 499
349 495
35 499
350 499
351 499
352 499
353 461
354 499
355 422
356 499
359 499
360 499
363 499
364 499
365 26
366 499
368 499
369 499
37 45
372 499
373 499
374 499
375 499
376 79
377 499
378 499
379 499
38 499
380 499
381 499
382 488
383 499
386 499
387 499
388 499
389 499
39 486
390 217
391 499
392 499
393 499
394 499
395 499
396 499
397 499
398 14
399 499
40 499
401 499
402 499
404 499
405 499
406 297
407 499
408 499
409 499
410 188
411 499
412 15
413 499
414 492
415 499
416 499
417 499
419 499
420 499
421 482
422 499
424 482
425 499
427 499
428 499
429 499
43 499
430 499
432 182
433 499
434 499
435 499
436 499
437 499
438 191
439 499
44 499
440 498
441 499
444 499
445 499
446 498
447 499
449 499
45 498
450 499
451 23
452 499
453 499
454 499
456 499
457 499
46 499
460 70
461 499
462 210
463 499
464 95
465 499
466 6
467 499
468 493
469 499
470 189
471 499
473 499
474 499
475 24
476 499
479 499
48 499
480 499
485 459
486 499
488 311
489 499
49 499
491 499
492 499
493 233
494 499
497 499
498 499
499 499
5 209
500 499
501 59
502 499
504 456
505 499
508 499
509 499
51 177
510 103
511 499
513 499
514 499
516 487
517 499
52 499
520 490
521 499
523 483
524 448
526 499
527 499
528 499
529 499
53 461
530 499
531 499
532 496
533 499
534 15
535 499
537 499
538 499
54 499
540 496
541 499
542 499
543 499
545 492
546 49
547 28
548 499
55 1
551 55
552 499
555 499
556 499
557 499
558 499
559 499
56 499
560 499
561 499
562 499
563 499
564 499
565 499
566 499
567 499
568 499
57 70
570 499
571 499
572 499
573 499
574 480
575 499
576 499
577 499
578 486
579 499
58 499
581 499
582 499
583 499
584 499
585 498
586 499
587 499
588 499
590 499
591 499
592 499
593 499
594 499
595 499
599 499
6 499
600 499
601 497
602 499
603 499
604 499
607 0
608 490
610 471
611 499
612 499
613 499
614 499
615 499
617 499
618 499
619 499
62 499
620 499
622 499
623 499
624 467
625 499
626 17
627 499
629 499
63 499
630 499
632 499
633 499
634 178
635 499
636 499
637 499
638 68
639 499
64 499
641 499
642 499
643 499
644 499
646 210
647 499
648 499
649 499
65 499
653 0
654 499
656 499
657 499
658 499
659 499
662 499
663 499
664 499
665 499
666 499
667 499
67 385
670 118
671 499
672 116
673 499
676 438
677 499
678 499
679 499
68 499
680 499
681 499
682 499
683 499
684 499
685 499
686 247
687 499
688 83
689 499
69 491
690 57
691 499
692 4
693 499
694 497
695 499
696 473
697 499
698 4
699 468
7 497
70 499
73 0
74 499
75 442
76 499
77 499
78 499
79 473
8 499
80 499
82 64
83 499
85 86
86 499
87 499
88 499
9 499
90 483
91 499
92 84
93 499
94 11
95 499
96 499
97 499
99 499
1 9999
100 9999
101 9999
102 9999
103 7
104 9993
105 9986
106 9999
107 9999
108 9999
110 151
111 9999
112 9955
113 9999
115 9999
116 9999
118 9955
119 9999
12 8416
120 9930
121 9999
123 9999
124 9986
125 9999
126 9999
127 9994
128 9999
129 9974
13 9999
130 9999
131 9999
132 9999
133 967
134 9999
135 5300
136 9999
137 9987
138 9999
139 9
14 9999
140 9999
141 9999
142 9999
143 5218
144 9999
146 9955
147 9999
148 7709
149 9999
15 9999
150 9999
151 9999
152 9659
153 9999
155 9999
156 9999
157 9999
158 9999
159 9948
16 9999
160 9999
161 9999
162 9999
163 9997
164 9999
165 9897
166 9999
167 9999
168 9999
17 9999
170 9981
171 9999
172 9999
173 9999
174 9999
175 9999
177 9999
178 9999
179 54
180 9999
181 9999
182 9999
183 8653
184 9999
185 0
186 9986
187 187
188 9999
189 9983
190 9999
191 1377
192 9999
193 31
194 9999
195 7423
196 9999
198 8474
199 9999
2 9999
20 8538
200 115
201 9999
202 9999
203 9999
204 18
205 9999
206 1026
207 9999
208 6240
209 9999
21 9999
210 9999
211 9999
212 6949
213 9999
214 6429
215 9999
216 1443
217 9999
218 9999
219 9999
22 9999
220 247
221 9999
222 10
223 9999
224 9999
225 9999
227 905
228 9999
23 9999
230 9999
231 9999
232 9982
233 9999
234 9999
235 9999
236 9999
237 9999
238 8893
239 9999
240 9999
241 9999
242 1223
243 9999
244 8745
245 9999
246 9636
247 9999
248 284
249 9999
25 3
250 2
251 9999
252 9999
253 9999
254 9999
255 9999
256 1042
257 9999
258 9992
259 9999
26 9999
260 9990
261 9999
262 9999
263 9999
264 8777
265 9999
266 4
267 9999
268 9979
269 9999
270 9999
271 9999
273 9999
274 9999
276 9999
277 9938
278 9999
279 9999
28 65
280 9999
281 9999
282 253
283 9999
284 9988
285 9999
286 9999
287 9999
289 9
29 9993
290 9999
291 9990
292 9999
293 9999
294 9999
295 8143
296 9999
297 9999
298 9999
299 9999
3 277
300 9999
301 9999
302 9999
303 295
304 9999
305 8658
306 9999
308 9999
309 9551
31 0
312 9998
313 9999
315 9473
316 9999
317 6319
318 9999
319 9997
32 9999
320 9999
322 8062
323 9999
327 9999
328 9999
329 810
33 9992
330 9999
332 967
333 9999
335 9999
336 9999
338 9624
339 9999
34 9999
340 958
341 9999
343 9999
344 9999
345 9999
346 9999
347 943
348 9999
349 9999
35 7547
350 9999
351 9999
352 9999
353 9999
354 9999
356 9978
357 9999
359 8514
36 9999
360 9999
361 9999
362 9999
363 9940
364 9999
365 9999
366 9999
367 6051
368 9999
369 9999
37 215
370 9999
371 192
372 9999
373 9992
374 9999
375 9999
376 9999
377 26
378 9999
379 9975
38 9999
380 9999
381 9999
382 9999
383 9999
384 9999
385 9999
386 9999
388 9999
389 9999
39 1377
390 43
391 9999
393 0
394 9999
395 9999
396 9999
4 9999
40 9999
400 9999
401 9999
402 9999
403 9999
404 9999
405 9999
406 3
407 9999
408 4916
409 9999
411 2
412 9999
413 9999
414 9999
415 9999
416 9999
418 8420
419 9999
42 31
420 6803
421 9999
422 9940
423 9999
425 9999
426 9999
427 786
428 9999
429 8955
43 9999
430 9999
431 9757
432 9999
434 12
435 9999
436 9999
437 9999
438 9967
439 9999
44 700
440 9999
441 9999
442 9795
443 9999
444 0
445 9981
446 9999
447 9999
448 9972
449 9999
45 9999
450 9925
451 9999
454 0
455 9999
456 9169
457 9999
458 9999
459 9999
46 9999
460 838
461 9999
462 9999
463 9999
464 9999
465 9999
466 9529
467 9999
468 784
469 9999
47 9999
470 9999
471 9999
472 9999
473 9999
474 9046
475 9999
476 9999
477 9999
48 9999
482 5007
483 9999
484 4642
485 9999
486 9999
487 9999
488 253
489 9999
49 9999
490 5920
491 9999
492 9999
493 9999
495 9999
496 9999
499 6635
50 858
500 9999
501 29
502 9996
503 5032
504 9999
505 9999
506 9999
507 17
508 9999
509 36
51 9999
510 9999
511 317
512 9999
513 9999
514 9999
517 8730
518 9999
519 9921
52 9960
520 9999
521 9433
522 9999
524 9999
525 9993
526 9999
527 9999
528 9999
529 9999
53 9999
530 9999
531 9999
532 9999
533 9999
534 9892
535 9999
536 9999
537 9999
539 9978
540 9999
541 9999
542 9999
543 9999
544 9999
546 1
547 9999
548 608
549 9999
55 52
550 9693
551 9999
552 2213
553 9999
554 9999
555 9999
557 721
558 9999
559 8825
56 9999
560 9999
561 9999
562 9999
563 9999
564 9999
565 9999
566 9999
567 9999
568 9999
570 9999
571 9999
572 9999
573 9999
574 6255
575 9999
579 9999
580 9999
582 1012
583 9999
585 457
586 9999
587 9555
588 9999
589 9999
59 9999
590 9999
591 238
592 9999
594 6052
595 9999
596 5712
597 9999
598 9898
599 9999
60 9999
600 9999
601 9999
606 13
607 9999
608 9999
609 9999
61 6309
610 9
611 9995
612 9922
613 9999
614 9983
615 9999
616 2016
617 9999
618 119
619 9999
62 9999
620 53
621 9999
622 9971
623 9999
624 161
625 9999
628 9986
629 9999
63 9999
630 6791
631 9999
632 9999
633 9999
635 9999
636 9999
638 0
639 9999
64 9999
640 9999
641 9999
642 9999
643 9999
644 10
645 9999
65 48
66 9999
67 0
68 9999
70 328
71 9999
72 9999
73 9999
74 9999
75 9999
76 5776
77 9999
78 9998
79 9999
8 65
80 9999
81 9999
82 9999
83 9999
87 37
88 9999
89 9999
9 9999
90 9999
91 9999
92 9999
93 5942
94 9999
97 6187
98 9999
99 9999
1 9999
100 9999
101 9999
102 9999
103 7
104 9993
105 9986
106 9999
107 9999
108 9999
110 151
111 9999
112 9955
113 9999
115 9999
116 9999
118 9955
119 9999
12 8416
120 9930
121 9999
123 9999
124 9986
125 9999
126 9999
127 9994
128 9999
129 9974
13 9999
130 9999
131 9999
132 9999
133 967
134 9999
135 5300
136 9999
137 9987
138 9999
139 9
14 9999
140 9999
141 9999
142 9999
143 5218
144 9999
146 9955
147 9999
148 7709
149 9999
15 9999
150 9999
151 9999
152 9659
153 9999
155 9999
156 9999
157 9999
158 9999
159 9948
16 9999
160 9999
161 9999
162 9999
163 9997
164 9999
165 9897
166 9999
167 9999
168 9999
17 9999
170 9981
171 9999
172 9999
173 9999
174 9999
175 9999
177 9999
178 9999
179 54
180 9999
181 9999
182 9999
183 8653
184 9999
185 0
186 9986
187 187
188 9999
189 9983
190 9999
191 1377
192 9999
193 31
194 9999
195 7423
196 9999
198 8474
199 9999
2 9999
20 8538
200 115
201 9999
202 9999
203 9999
204 18
205 9999
206 1026
207 9999
208 6240
209 9999
21 9999
210 9999
211 9999
212 6949
213 9999
214 6429
215 9999
216 1443
217 9999
218 9999
219 9999
22 9999
220 247
221 9999
222 10
223 9999
224 9999
225 9999
227 905
228 9999
23 9999
230 9999
231 9999
232 9982
233 9999
234 9999
235 9999
236 9999
237 9999
238 8893
239 9999
240 9999
241 9999
242 1223
243 9999
244 8745
245 9999
246 9636
247 9999
248 284
249 9999
25 3
250 2
251 9999
252 9999
253 9999
254 9999
255 9999
256 1042
257 9999
258 9992
259 9999
26 9999
260 9990
261 9999
262 9999
263 9999
264 8777
265 9999
266 4
267 9999
268 9979
269 9999
270 9999
271 9999
273 9999
274 9999
276 9999
277 9938
278 9999
279 9999
28 65
280 9999
281 9999
282 253
283 9999
284 9988
285 9999
286 9999
287 9999
289 9
29 9993
290 9999
291 9990
292 9999
293 9999
294 9999
295 8143
296 9999
297 9999
298 9999
299 9999
3 277
300 9999
301 9999
302 9999
303 295
304 9999
305 8658
306 9999
308 9999
309 9551
31 0
312 9998
313 9999
315 9473
316 9999
317 6319
318 9999
319 9997
32 9999
320 9999
322 8062
323 9999
327 9999
328 9999
329 810
33 9992
330 9999
332 967
333 9999
335 9999
336 9999
338 9624
339 9999
34 9999
340 958
341 9999
343 9999
344 9999
345 9999
346 9999
347 943
348 9999
349 9999
35 7547
350 9999
351 9999
352 9999
353 9999
354 9999
356 9978
357 9999
359 8514
36 9999
360 9999
361 9999
362 9999
363 9940
364 9999
365 9999
366 9999
367 6051
368 9999
369 9999
37 215
370 9999
371 192
372 9999
373 9992
374 9999
375 9999
376 9999
377 26
378 9999
379 9975
38 9999
380 9999
381 9999
382 9999
383 9999
384 9999
385 9999
386 9999
388 9999
389 9999
39 1377
390 43
391 9999
393 0
394 9999
395 9999
396 9999
4 9999
40 9999
400 9999
401 9999
402 9999
403 9999
404 9999
405 9999
406 3
407 9999
408 4916
409 9999
411 2
412 9999
413 9999
414 9999
415 9999
416 9999
418 8420
419 9999
42 31
420 6803
421 9999
422 9940
423 9999
425 9999
426 9999
427 786
428 9999
429 8955
43 9999
430 9999
431 9757
432 9999
434 12
435 9999
436 9999
437 9999
438 9967
439 9999
44 700
440 9999
441 9999
442 9795
443 9999
444 0
445 9981
446 9999
447 9999
448 9972
449 9999
45 9999
450 9925
451 9999
454 0
455 9999
456 9169
457 9999
458 9999
459 9999
46 9999
460 838
461 9999
462 9999
463 9999
464 9999
465 9999
466 9529
467 9999
468 784
469 9999
47 9999
470 9999
471 9999
472 9999
473 9999
474 9046
475 9999
476 9999
477 9999
48 9999
482 5007
483 9999
484 4642
485 9999
486 9999
487 9999
488 253
489 9999
49 9999
490 5920
491 9999
492 9999
493 9999
495 9999
496 9999
499 6635
50 858
500 9999
501 29
502 9996
503 5032
504 9999
505 9999
506 9999
507 17
508 9999
509 36
51 9999
510 9999
511 317
512 9999
513 9999
514 9999
517 8730
518 9999
519 9921
52 9960
520 9999
521 9433
522 9999
524 9999
525 9993
526 9999
527 9999
528 9999
529 9999
53 9999
530 9999
531 9999
532 9999
533 9999
534 9892
535 9999
536 9999
537 9999
539 9978
540 9999
541 9999
542 9999
543 9999
544 9999
546 1
547 9999
548 608
549 9999
55 52
550 9693
551 9999
552 2213
553 9999
554 9999
555 9999
557 721
558 9999
559 8825
56 9999
560 9999
561 9999
562 9999
563 9999
564 9999
565 9999
566 9999
567 9999
568 9999
570 9999
571 9999
572 9999
573 9999
574 6255
575 9999
579 9999
580 9999
582 1012
583 9999
585 457
586 9999
587 9555
588 9999
589 9999
59 9999
590 9999
591 238
592 9999
594 6052
595 9999
596 5712
597 9999
598 9898
599 9999
60 9999
600 9999
601 9999
606 13
607 9999
608 9999
609 9999
61 6309
610 9
611 9995
612 9922
613 9999
614 9983
615 9999
616 2016
617 9999
618 119
619 9999
62 9999
620 53
621 9999
622 9971
623 9999
624 161
625 9999
628 9986
629 9999
63 9999
630 6791
631 9999
632 9999
633 9999
635 9999
636 9999
638 0
639 9999
64 9999
640 9999
641 9999
642 9999
643 9999
644 10
645 9999
65 48
66 9999
67 0
68 9999
70 328
71 9999
72 9999
73 9999
74 9999
75 9999
76 5776
77 9999
78 9998
79 9999
8 65
80 9999
81 9999
82 9999
83 9999
87 37
88 9999
89 9999
9 9999
90 9999
91 9999
92 9999
93 5942
94 9999
97 6187
98 9999
99 9999
