10 9999
103 5
104 9999
108 0
109 9999
110 8
111 9999
112 59
113 9999
115 59
116 9999
118 7
119 9999
125 9674
126 9999
132 114
133 9999
138 92
139 9999
14 0
149 9996
15 9999
150 9999
151 0
152 9999
154 9999
155 9996
160 9999
161 9999
168 843
169 9999
170 9576
171 9999
18 6491
182 0
183 9999
186 9969
187 9999
189 9999
19 9999
190 9967
197 1172
198 9999
201 0
202 9999
203 58
204 9999
207 972
208 58
210 9937
211 9997
212 0
213 9999
214 0
215 9999
224 607
225 9999
228 9952
229 9681
230 0
231 9576
236 9999
237 9979
248 6
249 9999
25 5
251 0
252 9972
253 6
254 9999
26 9999
265 0
266 9435
274 0
275 9999
28 7
280 47
281 9999
285 9
286 9999
29 9999
290 0
291 0
294 0
295 9999
296 0
297 9974
302 9601
303 9969
311 9999
312 9912
314 6
315 9999
316 0
317 9999
321 9
322 9999
323 84
324 9999
328 9973
329 9999
331 5
332 9999
333 0
334 9435
335 0
336 9996
338 3
339 9999
340 88
341 9999
346 0
347 9999
351 0
352 9999
362 9
363 9999
369 9440
370 9999
377 43
378 9999
379 6
380 9999
384 9999
385 9999
391 0
392 9999
393 1335
394 9999
399 58
40 0
400 9999
408 0
409 9999
41 9997
410 3
411 9999
413 9995
414 9999
418 790
419 9999
420 9997
421 9999
423 9977
424 9999
425 9995
426 9999
43 0
432 9999
433 9999
44 9995
444 1308
445 9999
448 0
449 9999
452 0
453 9434
458 0
459 9999
462 73
463 9999
465 6951
466 9999
470 58
471 9997
472 3
473 9999
478 0
479 9999
48 9999
480 0
481 9999
49 7
495 92
496 9999
5 9997
50 0
508 9997
509 9999
51 9967
515 0
516 9999
519 0
520 9999
522 0
523 9999
524 4
525 9999
526 5
527 9999
533 0
534 0
54 0
541 0
542 9999
55 9999
561 48
562 9999
563 972
564 9999
565 0
566 9999
570 0
571 9999
573 9262
574 9999
575 846
576 9999
577 9625
578 9999
579 40
580 9999
586 0
587 9440
59 9997
590 9440
591 9937
595 7
596 9999
598 6379
599 9619
6 9999
60 9999
600 0
601 9997
622 9940
623 9999
630 0
631 9643
636 0
637 9999
668 9998
669 9999
675 6400
676 9944
678 0
679 9997
687 0
688 9997
696 6
697 9999
700 114
701 9999
704 4
705 9999
706 5
707 9999
709 9966
71 9971
710 9998
711 8817
712 9999
718 1111
719 9999
72 9993
723 1112
724 9999
725 4
726 9999
731 7
732 9997
733 9903
734 9999
735 48
736 9999
739 1204
740 9999
745 3
746 9999
747 0
748 9999
749 0
750 9999
754 43
755 9996
77 2
78 9999
79 95
80 9999
82 9674
83 9999
84 9999
85 9999
86 0
87 9622
88 711
89 9999
9 9995
92 0
93 9999
94 0
95 9999
96 0
97 9999
10 9999
103 5
104 9999
108 0
109 9999
110 8
111 9999
112 59
113 9999
115 59
116 9999
118 7
119 9999
125 9674
126 9999
132 114
133 9999
138 92
139 9999
14 0
149 9996
15 9999
150 9999
151 0
152 9999
154 9999
155 9996
160 9999
161 9999
168 843
169 9999
170 9576
171 9999
18 6491
182 0
183 9999
186 9969
187 9999
189 9999
19 9999
190 9967
197 1172
198 9999
201 0
202 9999
203 58
204 9999
207 972
208 58
210 9937
211 9997
212 0
213 9999
214 0
215 9999
224 607
225 9999
228 9952
229 9681
230 0
231 9576
236 9999
237 9979
248 6
249 9999
25 5
251 0
252 9972
253 6
254 9999
26 9999
265 0
266 9435
274 0
275 9999
28 7
280 47
281 9999
285 9
286 9999
29 9999
290 0
291 0
294 0
295 9999
296 0
297 9974
302 9601
303 9969
311 9999
312 9912
314 6
315 9999
316 0
317 9999
321 9
322 9999
323 84
324 9999
328 9973
329 9999
331 5
332 9999
333 0
334 9435
335 0
336 9996
338 3
339 9999
340 88
341 9999
346 0
347 9999
351 0
352 9999
362 9
363 9999
369 9440
370 9999
377 43
378 9999
379 6
380 9999
384 9999
385 9999
391 0
392 9999
393 1335
394 9999
399 58
40 0
400 9999
408 0
409 9999
41 9997
410 3
411 9999
413 9995
414 9999
418 790
419 9999
420 9997
421 9999
423 9977
424 9999
425 9995
426 9999
43 0
432 9999
433 9999
44 9995
444 1308
445 9999
448 0
449 9999
452 0
453 9434
458 0
459 9999
462 73
463 9999
465 6951
466 9999
470 58
471 9997
472 3
473 9999
478 0
479 9999
48 9999
480 0
481 9999
49 7
495 92
496 9999
5 9997
50 0
508 9997
509 9999
51 9967
515 0
516 9999
519 0
520 9999
522 0
523 9999
524 4
525 9999
526 5
527 9999
533 0
534 0
54 0
541 0
542 9999
55 9999
561 48
562 9999
563 972
564 9999
565 0
566 9999
570 0
571 9999
573 9262
574 9999
575 846
576 9999
577 9625
578 9999
579 40
580 9999
586 0
587 9440
59 9997
590 9440
591 9937
595 7
596 9999
598 6379
599 9619
6 9999
60 9999
600 0
601 9997
622 9940
623 9999
630 0
631 9643
636 0
637 9999
668 9998
669 9999
675 6400
676 9944
678 0
679 9997
687 0
688 9997
696 6
697 9999
700 114
701 9999
704 4
705 9999
706 5
707 9999
709 9966
71 9971
710 9998
711 8817
712 9999
718 1111
719 9999
72 9993
723 1112
724 9999
725 4
726 9999
731 7
732 9997
733 9903
734 9999
735 48
736 9999
739 1204
740 9999
745 3
746 9999
747 0
748 9999
749 0
750 9999
754 43
755 9996
77 2
78 9999
79 95
80 9999
82 9674
83 9999
84 9999
85 9999
86 0
87 9622
88 711
89 9999
9 9995
92 0
93 9999
94 0
95 9999
96 0
97 9999
0 0
1 0
10 0
100 0
101 0
102 0
103 0
104 0
105 0
106 0
107 0
108 0
109 0
11 0
110 0
111 0
112 0
113 0
114 0
115 0
116 0
117 0
118 0
119 0
12 0
120 0
121 0
122 0
123 0
124 0
125 0
126 0
127 0
128 0
129 0
13 0
130 0
131 0
132 0
133 0
134 0
135 0
136 0
137 0
138 0
139 0
14 0
140 0
141 0
142 0
143 0
144 0
145 0
146 0
147 0
148 0
149 0
15 0
150 0
151 0
152 0
153 0
154 0
155 0
156 0
157 0
158 0
159 0
16 0
160 0
161 0
162 0
163 0
164 0
165 0
166 0
167 0
168 0
169 0
17 0
170 0
171 0
172 0
173 0
174 0
175 0
176 0
177 0
178 0
179 0
18 0
180 0
181 0
182 0
183 0
184 0
185 0
186 0
187 0
188 0
189 0
19 0
190 0
191 0
192 0
193 0
194 0
195 0
196 0
197 0
198 0
199 0
2 0
20 0
200 0
201 0
202 0
203 0
204 0
205 0
206 0
207 0
208 0
209 0
21 0
210 0
211 0
212 0
213 0
214 0
215 0
216 0
217 0
218 0
219 0
22 0
220 0
221 0
222 0
223 0
224 0
225 0
226 0
227 0
228 0
229 0
23 0
230 0
231 0
232 0
233 0
234 0
235 0
236 0
237 0
238 0
239 0
24 0
240 0
241 0
242 0
243 0
244 0
245 0
246 0
247 0
248 0
249 0
25 0
250 0
251 0
252 0
253 0
254 0
255 0
256 0
257 0
258 0
259 0
26 0
260 0
261 0
262 0
263 0
264 0
265 0
266 0
267 0
268 0
269 0
27 0
270 0
271 0
272 0
273 0
274 0
275 0
276 0
277 0
278 0
279 0
28 0
280 0
281 0
282 0
283 0
284 0
285 0
286 0
287 0
288 0
289 0
29 0
290 0
291 0
292 0
293 0
294 0
295 0
296 0
297 0
298 0
299 0
3 0
30 0
300 0
301 0
302 0
303 0
304 0
305 0
306 0
307 0
308 0
309 0
31 0
310 0
311 0
312 0
313 0
314 0
315 0
316 0
317 0
318 0
319 0
32 0
320 0
321 0
322 0
323 0
324 0
325 0
326 0
327 0
328 0
329 0
33 0
330 0
331 0
332 0
333 0
334 0
335 0
336 0
337 0
338 0
339 0
34 0
340 0
341 0
342 0
343 0
344 0
345 0
346 0
347 0
348 0
349 0
35 0
350 0
351 0
352 0
353 0
354 0
355 0
356 0
357 0
358 0
359 0
36 0
360 0
361 0
362 0
363 0
364 0
365 0
366 0
367 0
368 0
369 0
37 0
370 0
371 0
372 0
373 0
374 0
375 0
376 0
377 0
378 0
379 0
38 0
380 0
381 0
382 0
383 0
384 0
385 0
386 0
387 0
388 0
389 0
39 0
390 0
391 0
392 0
393 0
394 0
395 0
396 0
397 0
398 0
399 0
4 0
40 0
400 0
401 0
402 0
403 0
404 0
405 0
406 0
407 0
408 0
409 0
41 0
410 0
411 0
412 0
413 0
414 0
415 0
416 0
417 0
418 0
419 0
42 0
420 0
421 0
422 0
423 0
424 0
425 0
426 0
427 0
428 0
429 0
43 0
430 0
431 0
432 0
433 0
434 0
435 0
436 0
437 0
438 0
439 0
44 0
440 0
441 0
442 0
443 0
444 0
445 0
446 0
447 0
448 0
449 0
45 0
450 0
451 0
452 0
453 0
454 0
455 0
456 0
457 0
458 0
459 0
46 0
460 0
461 0
462 0
463 0
464 0
465 0
466 0
467 0
468 0
469 0
47 0
470 0
471 0
472 0
473 0
474 0
475 0
476 0
477 0
478 0
479 0
48 0
480 0
481 0
482 0
483 0
484 0
485 0
486 0
487 0
488 0
489 0
49 0
490 0
491 0
492 0
493 0
494 0
495 0
496 0
497 0
498 0
499 0
5 0
50 0
500 0
501 0
502 0
503 0
504 0
505 0
506 0
507 0
508 0
509 0
51 0
510 0
511 0
512 0
513 0
514 0
515 0
516 0
517 0
518 0
519 0
52 0
520 0
521 0
522 0
523 0
524 0
525 0
526 0
527 0
528 0
529 0
53 0
530 0
531 0
532 0
533 0
534 0
535 0
536 0
537 0
538 0
539 0
54 0
540 0
541 0
542 0
543 0
544 0
545 0
546 0
547 0
548 0
549 0
55 0
550 0
551 0
552 0
553 0
554 0
555 0
556 0
557 0
558 0
559 0
56 0
560 0
561 0
562 0
563 0
564 0
565 0
566 0
567 0
568 0
569 0
57 0
570 0
571 0
572 0
573 0
574 0
575 0
576 0
577 0
578 0
579 0
58 0
580 0
581 0
582 0
583 0
584 0
585 0
586 0
587 0
588 0
589 0
59 0
590 0
591 0
592 0
593 0
594 0
595 0
596 0
597 0
598 0
599 0
6 0
60 0
600 0
601 0
602 0
603 0
604 0
605 0
606 0
607 0
608 0
609 0
61 0
610 0
611 0
612 0
613 0
614 0
615 0
616 0
617 0
618 0
619 0
62 0
620 0
621 0
622 0
623 0
624 0
625 0
626 0
627 0
628 0
629 0
63 0
630 0
631 0
632 0
633 0
634 0
635 0
636 0
637 0
638 0
639 0
64 0
640 0
641 0
642 0
643 0
644 0
645 0
646 0
647 0
648 0
649 0
65 0
650 0
651 0
652 0
653 0
654 0
655 0
656 0
657 0
658 0
659 0
66 0
660 0
661 0
662 0
663 0
664 0
665 0
666 0
667 0
668 0
669 0
67 0
670 0
671 0
672 0
673 0
674 0
675 0
676 0
677 0
678 0
679 0
68 0
680 0
681 0
682 0
683 0
684 0
685 0
686 0
687 0
688 0
689 0
69 0
7 0
70 0
71 0
72 0
73 0
74 0
75 0
76 0
77 0
78 0
79 0
8 0
80 0
81 0
82 0
83 0
84 0
85 0
86 0
87 0
88 0
89 0
9 0
90 0
91 0
92 0
93 0
94 0
95 0
96 0
97 0
98 0
99 0
0 0
1 0
10 0
100 0
101 0
102 0
103 0
104 0
105 0
106 0
107 0
108 0
109 0
11 0
110 0
111 0
112 0
113 0
114 0
115 0
116 0
117 0
118 0
119 0
12 0
120 0
121 0
122 0
123 0
124 0
125 0
126 0
127 0
128 0
129 0
13 0
130 0
131 0
132 0
133 0
134 0
135 0
136 0
137 0
138 0
139 0
14 0
140 0
141 0
142 0
143 0
144 0
145 0
146 0
147 0
148 0
149 0
15 0
150 0
151 0
152 0
153 0
154 0
155 0
156 0
157 0
158 0
159 0
16 0
160 0
161 0
162 0
163 0
164 0
165 0
166 0
167 0
168 0
169 0
17 0
170 0
171 0
172 0
173 0
174 0
175 0
176 0
177 0
178 0
179 0
18 0
180 0
181 0
182 0
183 0
184 0
185 0
186 0
187 0
188 0
189 0
19 0
190 0
191 0
192 0
193 0
194 0
195 0
196 0
197 0
198 0
199 0
2 0
20 0
200 0
201 0
202 0
203 0
204 0
205 0
206 0
207 0
208 0
209 0
21 0
210 0
211 0
212 0
213 0
214 0
215 0
216 0
217 0
218 0
219 0
22 0
220 0
221 0
222 0
223 0
224 0
225 0
226 0
227 0
228 0
229 0
23 0
230 0
231 0
232 0
233 0
234 0
235 0
236 0
237 0
238 0
239 0
24 0
240 0
241 0
242 0
243 0
244 0
245 0
246 0
247 0
248 0
249 0
25 0
250 0
251 0
252 0
253 0
254 0
255 0
256 0
257 0
258 0
259 0
26 0
260 0
261 0
262 0
263 0
264 0
265 0
266 0
267 0
268 0
269 0
27 0
270 0
271 0
272 0
273 0
274 0
275 0
276 0
277 0
278 0
279 0
28 0
280 0
281 0
282 0
283 0
284 0
285 0
286 0
287 0
288 0
289 0
29 0
290 0
291 0
292 0
293 0
294 0
295 0
296 0
297 0
298 0
299 0
3 0
30 0
300 0
301 0
302 0
303 0
304 0
305 0
306 0
307 0
308 0
309 0
31 0
310 0
311 0
312 0
313 0
314 0
315 0
316 0
317 0
318 0
319 0
32 0
320 0
321 0
322 0
323 0
324 0
325 0
326 0
327 0
328 0
329 0
33 0
330 0
331 0
332 0
333 0
334 0
335 0
336 0
337 0
338 0
339 0
34 0
340 0
341 0
342 0
343 0
344 0
345 0
346 0
347 0
348 0
349 0
35 0
350 0
351 0
352 0
353 0
354 0
355 0
356 0
357 0
358 0
359 0
36 0
360 0
361 0
362 0
363 0
364 0
365 0
366 0
367 0
368 0
369 0
37 0
370 0
371 0
372 0
373 0
374 0
375 0
376 0
377 0
378 0
379 0
38 0
380 0
381 0
382 0
383 0
384 0
385 0
386 0
387 0
388 0
389 0
39 0
390 0
391 0
392 0
393 0
394 0
395 0
396 0
397 0
398 0
399 0
4 0
40 0
400 0
401 0
402 0
403 0
404 0
405 0
406 0
407 0
408 0
409 0
41 0
410 0
411 0
412 0
413 0
414 0
415 0
416 0
417 0
418 0
419 0
42 0
420 0
421 0
422 0
423 0
424 0
425 0
426 0
427 0
428 0
429 0
43 0
430 0
431 0
432 0
433 0
434 0
435 0
436 0
437 0
438 0
439 0
44 0
440 0
441 0
442 0
443 0
444 0
445 0
446 0
447 0
448 0
449 0
45 0
450 0
451 0
452 0
453 0
454 0
455 0
456 0
457 0
458 0
459 0
46 0
460 0
461 0
462 0
463 0
464 0
465 0
466 0
467 0
468 0
469 0
47 0
470 0
471 0
472 0
473 0
474 0
475 0
476 0
477 0
478 0
479 0
48 0
480 0
481 0
482 0
483 0
484 0
485 0
486 0
487 0
488 0
489 0
49 0
490 0
491 0
492 0
493 0
494 0
495 0
496 0
497 0
498 0
499 0
5 0
50 0
500 0
501 0
502 0
503 0
504 0
505 0
506 0
507 0
508 0
509 0
51 0
510 0
511 0
512 0
513 0
514 0
515 0
516 0
517 0
518 0
519 0
52 0
520 0
521 0
522 0
523 0
524 0
525 0
526 0
527 0
528 0
529 0
53 0
530 0
531 0
532 0
533 0
534 0
535 0
536 0
537 0
538 0
539 0
54 0
540 0
541 0
542 0
543 0
544 0
545 0
546 0
547 0
548 0
549 0
55 0
550 0
551 0
552 0
553 0
554 0
555 0
556 0
557 0
558 0
559 0
56 0
560 0
561 0
562 0
563 0
564 0
565 0
566 0
567 0
568 0
569 0
57 0
570 0
571 0
572 0
573 0
574 0
575 0
576 0
577 0
578 0
579 0
58 0
580 0
581 0
582 0
583 0
584 0
585 0
586 0
587 0
588 0
589 0
59 0
590 0
591 0
592 0
593 0
594 0
595 0
596 0
597 0
598 0
599 0
6 0
60 0
600 0
601 0
602 0
603 0
604 0
605 0
606 0
607 0
608 0
609 0
61 0
610 0
611 0
612 0
613 0
614 0
615 0
616 0
617 0
618 0
619 0
62 0
620 0
621 0
622 0
623 0
624 0
625 0
626 0
627 0
628 0
629 0
63 0
630 0
631 0
632 0
633 0
634 0
635 0
636 0
637 0
638 0
639 0
64 0
640 0
641 0
642 0
643 0
644 0
645 0
646 0
647 0
648 0
649 0
65 0
650 0
651 0
652 0
653 0
654 0
655 0
656 0
657 0
658 0
659 0
66 0
660 0
661 0
662 0
663 0
664 0
665 0
666 0
667 0
668 0
669 0
67 0
670 0
671 0
672 0
673 0
674 0
675 0
676 0
677 0
678 0
679 0
68 0
680 0
681 0
682 0
683 0
684 0
685 0
686 0
687 0
688 0
689 0
69 0
7 0
70 0
71 0
72 0
73 0
74 0
75 0
76 0
77 0
78 0
79 0
8 0
80 0
81 0
82 0
83 0
84 0
85 0
86 0
87 0
88 0
89 0
9 0
90 0
91 0
92 0
93 0
94 0
95 0
96 0
97 0
98 0
99 0
0 0
1 0
10 0
100 0
101 0
102 0
103 0
104 0
105 0
106 0
107 0
108 0
109 0
11 0
110 0
111 0
112 0
113 0
114 0
115 0
116 0
117 0
118 0
119 0
12 0
120 0
121 0
122 0
123 0
124 0
125 0
126 0
127 0
128 0
129 0
13 0
130 0
131 0
132 0
133 0
134 0
135 0
136 0
137 0
138 0
139 0
14 0
140 0
141 0
142 0
143 0
144 0
145 0
146 0
147 0
148 0
149 0
15 0
150 0
151 0
152 0
153 0
154 0
155 0
156 0
157 0
158 0
159 0
16 0
160 0
161 0
162 0
163 0
164 0
165 0
166 0
167 0
168 0
169 0
17 0
170 0
171 0
172 0
173 0
174 0
175 0
176 0
177 0
178 0
179 0
18 0
180 0
181 0
182 0
183 0
184 0
185 0
186 0
187 0
188 0
189 0
19 0
190 0
191 0
192 0
193 0
194 0
195 0
196 0
197 0
198 0
199 0
2 0
20 0
200 0
201 0
202 0
203 0
204 0
205 0
206 0
207 0
208 0
209 0
21 0
210 0
211 0
212 0
213 0
214 0
215 0
216 0
217 0
218 0
219 0
22 0
220 0
221 0
222 0
223 0
224 0
225 0
226 0
227 0
228 0
229 0
23 0
230 0
231 0
232 0
233 0
234 0
235 0
236 0
237 0
238 0
239 0
24 0
240 0
241 0
242 0
243 0
244 0
245 0
246 0
247 0
248 0
249 0
25 0
250 0
251 0
252 0
253 0
254 0
255 0
256 0
257 0
258 0
259 0
26 0
260 0
261 0
262 0
263 0
264 0
265 0
266 0
267 0
268 0
269 0
27 0
270 0
271 0
272 0
273 0
274 0
275 0
276 0
277 0
278 0
279 0
28 0
280 0
281 0
282 0
283 0
284 0
285 0
286 0
287 0
288 0
289 0
29 0
290 0
291 0
292 0
293 0
294 0
295 0
296 0
297 0
298 0
299 0
3 0
30 0
300 0
301 0
302 0
303 0
304 0
305 0
306 0
307 0
308 0
309 0
31 0
310 0
311 0
312 0
313 0
314 0
315 0
316 0
317 0
318 0
319 0
32 0
320 0
321 0
322 0
323 0
324 0
325 0
326 0
327 0
328 0
329 0
33 0
330 0
331 0
332 0
333 0
334 0
335 0
336 0
337 0
338 0
339 0
34 0
340 0
341 0
342 0
343 0
344 0
345 0
346 0
347 0
348 0
349 0
35 0
350 0
351 0
352 0
353 0
354 0
355 0
356 0
357 0
358 0
359 0
36 0
360 0
361 0
362 0
363 0
364 0
365 0
366 0
367 0
368 0
369 0
37 0
370 0
371 0
372 0
373 0
374 0
375 0
376 0
377 0
378 0
379 0
38 0
380 0
381 0
382 0
383 0
384 0
385 0
386 0
387 0
388 0
389 0
39 0
390 0
391 0
392 0
393 0
394 0
395 0
396 0
397 0
398 0
399 0
4 0
40 0
400 0
401 0
402 0
403 0
404 0
405 0
406 0
407 0
408 0
409 0
41 0
410 0
411 0
412 0
413 0
414 0
415 0
416 0
417 0
418 0
419 0
42 0
420 0
421 0
422 0
423 0
424 0
425 0
426 0
427 0
428 0
429 0
43 0
430 0
431 0
432 0
433 0
434 0
435 0
436 0
437 0
438 0
439 0
44 0
440 0
441 0
442 0
443 0
444 0
445 0
446 0
447 0
448 0
449 0
45 0
450 0
451 0
452 0
453 0
454 0
455 0
456 0
457 0
458 0
459 0
46 0
460 0
461 0
462 0
463 0
464 0
465 0
466 0
467 0
468 0
469 0
47 0
470 0
471 0
472 0
473 0
474 0
475 0
476 0
477 0
478 0
479 0
48 0
480 0
481 0
482 0
483 0
484 0
485 0
486 0
487 0
488 0
489 0
49 0
490 0
491 0
492 0
493 0
494 0
495 0
496 0
497 0
498 0
499 0
5 0
50 0
500 0
501 0
502 0
503 0
504 0
505 0
506 0
507 0
508 0
509 0
51 0
510 0
511 0
512 0
513 0
514 0
515 0
516 0
517 0
518 0
519 0
52 0
520 0
521 0
522 0
523 0
524 0
525 0
526 0
527 0
528 0
529 0
53 0
530 0
531 0
532 0
533 0
534 0
535 0
536 0
537 0
538 0
539 0
54 0
540 0
541 0
542 0
543 0
544 0
545 0
546 0
547 0
548 0
549 0
55 0
550 0
551 0
552 0
553 0
554 0
555 0
556 0
557 0
558 0
559 0
56 0
560 0
561 0
562 0
563 0
564 0
565 0
566 0
567 0
568 0
569 0
57 0
570 0
571 0
572 0
573 0
574 0
575 0
576 0
577 0
578 0
579 0
58 0
580 0
581 0
582 0
583 0
584 0
585 0
586 0
587 0
588 0
589 0
59 0
590 0
591 0
592 0
593 0
594 0
595 0
596 0
597 0
598 0
599 0
6 0
60 0
600 0
601 0
602 0
603 0
604 0
605 0
606 0
607 0
608 0
609 0
61 0
610 0
611 0
612 0
613 0
614 0
615 0
616 0
617 0
618 0
619 0
62 0
620 0
621 0
622 0
623 0
624 0
625 0
626 0
627 0
628 0
629 0
63 0
630 0
631 0
632 0
633 0
634 0
635 0
636 0
637 0
638 0
639 0
64 0
640 0
641 0
642 0
643 0
644 0
645 0
646 0
647 0
648 0
649 0
65 0
650 0
651 0
652 0
653 0
654 0
655 0
656 0
657 0
658 0
659 0
66 0
660 0
661 0
662 0
663 0
664 0
665 0
666 0
667 0
668 0
669 0
67 0
670 0
671 0
672 0
673 0
674 0
675 0
676 0
677 0
678 0
679 0
68 0
680 0
681 0
682 0
683 0
684 0
685 0
686 0
687 0
688 0
689 0
69 0
7 0
70 0
71 0
72 0
73 0
74 0
75 0
76 0
77 0
78 0
79 0
8 0
80 0
81 0
82 0
83 0
84 0
85 0
86 0
87 0
88 0
89 0
9 0
90 0
91 0
92 0
93 0
94 0
95 0
96 0
97 0
98 0
99 0
0 0
1 0
10 0
100 0
101 0
102 0
103 0
104 0
105 0
106 0
107 0
108 0
109 0
11 0
110 0
111 0
112 0
113 0
114 0
115 0
116 0
117 0
118 0
119 0
12 0
120 0
121 0
122 0
123 0
124 0
125 0
126 0
127 0
128 0
129 0
13 0
130 0
131 0
132 0
133 0
134 0
135 0
136 0
137 0
138 0
139 0
14 0
140 0
141 0
142 0
143 0
144 0
145 0
146 0
147 0
148 0
149 0
15 0
150 0
151 0
152 0
153 0
154 0
155 0
156 0
157 0
158 0
159 0
16 0
160 0
161 0
162 0
163 0
164 0
165 0
166 0
167 0
168 0
169 0
17 0
170 0
171 0
172 0
173 0
174 0
175 0
176 0
177 0
178 0
179 0
18 0
180 0
181 0
182 0
183 0
184 0
185 0
186 0
187 0
188 0
189 0
19 0
190 0
191 0
192 0
193 0
194 0
195 0
196 0
197 0
198 0
199 0
2 0
20 0
200 0
201 0
202 0
203 0
204 0
205 0
206 0
207 0
208 0
209 0
21 0
210 0
211 0
212 0
213 0
214 0
215 0
216 0
217 0
218 0
219 0
22 0
220 0
221 0
222 0
223 0
224 0
225 0
226 0
227 0
228 0
229 0
23 0
230 0
231 0
232 0
233 0
234 0
235 0
236 0
237 0
238 0
239 0
24 0
240 0
241 0
242 0
243 0
244 0
245 0
246 0
247 0
248 0
249 0
25 0
250 0
251 0
252 0
253 0
254 0
255 0
256 0
257 0
258 0
259 0
26 0
260 0
261 0
262 0
263 0
264 0
265 0
266 0
267 0
268 0
269 0
27 0
270 0
271 0
272 0
273 0
274 0
275 0
276 0
277 0
278 0
279 0
28 0
280 0
281 0
282 0
283 0
284 0
285 0
286 0
287 0
288 0
289 0
29 0
290 0
291 0
292 0
293 0
294 0
295 0
296 0
297 0
298 0
299 0
3 0
30 0
300 0
301 0
302 0
303 0
304 0
305 0
306 0
307 0
308 0
309 0
31 0
310 0
311 0
312 0
313 0
314 0
315 0
316 0
317 0
318 0
319 0
32 0
320 0
321 0
322 0
323 0
324 0
325 0
326 0
327 0
328 0
329 0
33 0
330 0
331 0
332 0
333 0
334 0
335 0
336 0
337 0
338 0
339 0
34 0
340 0
341 0
342 0
343 0
344 0
345 0
346 0
347 0
348 0
349 0
35 0
350 0
351 0
352 0
353 0
354 0
355 0
356 0
357 0
358 0
359 0
36 0
360 0
361 0
362 0
363 0
364 0
365 0
366 0
367 0
368 0
369 0
37 0
370 0
371 0
372 0
373 0
374 0
375 0
376 0
377 0
378 0
379 0
38 0
380 0
381 0
382 0
383 0
384 0
385 0
386 0
387 0
388 0
389 0
39 0
390 0
391 0
392 0
393 0
394 0
395 0
396 0
397 0
398 0
399 0
4 0
40 0
400 0
401 0
402 0
403 0
404 0
405 0
406 0
407 0
408 0
409 0
41 0
410 0
411 0
412 0
413 0
414 0
415 0
416 0
417 0
418 0
419 0
42 0
420 0
421 0
422 0
423 0
424 0
425 0
426 0
427 0
428 0
429 0
43 0
430 0
431 0
432 0
433 0
434 0
435 0
436 0
437 0
438 0
439 0
44 0
440 0
441 0
442 0
443 0
444 0
445 0
446 0
447 0
448 0
449 0
45 0
450 0
451 0
452 0
453 0
454 0
455 0
456 0
457 0
458 0
459 0
46 0
460 0
461 0
462 0
463 0
464 0
465 0
466 0
467 0
468 0
469 0
47 0
470 0
471 0
472 0
473 0
474 0
475 0
476 0
477 0
478 0
479 0
48 0
480 0
481 0
482 0
483 0
484 0
485 0
486 0
487 0
488 0
489 0
49 0
490 0
491 0
492 0
493 0
494 0
495 0
496 0
497 0
498 0
499 0
5 0
50 0
500 0
501 0
502 0
503 0
504 0
505 0
506 0
507 0
508 0
509 0
51 0
510 0
511 0
512 0
513 0
514 0
515 0
516 0
517 0
518 0
519 0
52 0
520 0
521 0
522 0
523 0
524 0
525 0
526 0
527 0
528 0
529 0
53 0
530 0
531 0
532 0
533 0
534 0
535 0
536 0
537 0
538 0
539 0
54 0
540 0
541 0
542 0
543 0
544 0
545 0
546 0
547 0
548 0
549 0
55 0
550 0
551 0
552 0
553 0
554 0
555 0
556 0
557 0
558 0
559 0
56 0
560 0
561 0
562 0
563 0
564 0
565 0
566 0
567 0
568 0
569 0
57 0
570 0
571 0
572 0
573 0
574 0
575 0
576 0
577 0
578 0
579 0
58 0
580 0
581 0
582 0
583 0
584 0
585 0
586 0
587 0
588 0
589 0
59 0
590 0
591 0
592 0
593 0
594 0
595 0
596 0
597 0
598 0
599 0
6 0
60 0
600 0
601 0
602 0
603 0
604 0
605 0
606 0
607 0
608 0
609 0
61 0
610 0
611 0
612 0
613 0
614 0
615 0
616 0
617 0
618 0
619 0
62 0
620 0
621 0
622 0
623 0
624 0
625 0
626 0
627 0
628 0
629 0
63 0
630 0
631 0
632 0
633 0
634 0
635 0
636 0
637 0
638 0
639 0
64 0
640 0
641 0
642 0
643 0
644 0
645 0
646 0
647 0
648 0
649 0
65 0
650 0
651 0
652 0
653 0
654 0
655 0
656 0
657 0
658 0
659 0
66 0
660 0
661 0
662 0
663 0
664 0
665 0
666 0
667 0
668 0
669 0
67 0
670 0
671 0
672 0
673 0
674 0
675 0
676 0
677 0
678 0
679 0
68 0
680 0
681 0
682 0
683 0
684 0
685 0
686 0
687 0
688 0
689 0
69 0
690 0
691 0
692 0
693 0
694 0
695 0
696 0
697 0
698 0
699 0
7 0
70 0
700 0
701 0
702 0
703 0
704 0
705 0
706 0
707 0
708 0
709 0
71 0
710 0
711 0
712 0
713 0
714 0
715 0
72 0
73 0
74 0
75 0
76 0
77 0
78 0
79 0
8 0
80 0
81 0
82 0
83 0
84 0
85 0
86 0
87 0
88 0
89 0
9 0
90 0
91 0
92 0
93 0
94 0
95 0
96 0
97 0
98 0
99 0
0 0
1 0
10 0
100 0
101 0
102 0
103 0
104 0
105 0
106 0
107 0
108 0
109 0
11 0
110 0
111 0
112 0
113 0
114 0
115 0
116 0
117 0
118 0
119 0
12 0
120 0
121 0
122 0
123 0
124 0
125 0
126 0
127 0
128 0
129 0
13 0
130 0
131 0
132 0
133 0
134 0
135 0
136 0
137 0
138 0
139 0
14 0
140 0
141 0
142 0
143 0
144 0
145 0
146 0
147 0
148 0
149 0
15 0
150 0
151 0
152 0
153 0
154 0
155 0
156 0
157 0
158 0
159 0
16 0
160 0
161 0
162 0
163 0
164 0
165 0
166 0
167 0
168 0
169 0
17 0
170 0
171 0
172 0
173 0
174 0
175 0
176 0
177 0
178 0
179 0
18 0
180 0
181 0
182 0
183 0
184 0
185 0
186 0
187 0
188 0
189 0
19 0
190 0
191 0
192 0
193 0
194 0
195 0
196 0
197 0
198 0
199 0
2 0
20 0
200 0
201 0
202 0
203 0
204 0
205 0
206 0
207 0
208 0
209 0
21 0
210 0
211 0
212 0
213 0
214 0
215 0
216 0
217 0
218 0
219 0
22 0
220 0
221 0
222 0
223 0
224 0
225 0
226 0
227 0
228 0
229 0
23 0
230 0
231 0
232 0
233 0
234 0
235 0
236 0
237 0
238 0
239 0
24 0
240 0
241 0
242 0
243 0
244 0
245 0
246 0
247 0
248 0
249 0
25 0
250 0
251 0
252 0
253 0
254 0
255 0
256 0
257 0
258 0
259 0
26 0
260 0
261 0
262 0
263 0
264 0
265 0
266 0
267 0
268 0
269 0
27 0
270 0
271 0
272 0
273 0
274 0
275 0
276 0
277 0
278 0
279 0
28 0
280 0
281 0
282 0
283 0
284 0
285 0
286 0
287 0
288 0
289 0
29 0
290 0
291 0
292 0
293 0
294 0
295 0
296 0
297 0
298 0
299 0
3 0
30 0
300 0
301 0
302 0
303 0
304 0
305 0
306 0
307 0
308 0
309 0
31 0
310 0
311 0
312 0
313 0
314 0
315 0
316 0
317 0
318 0
319 0
32 0
320 0
321 0
322 0
323 0
324 0
325 0
326 0
327 0
328 0
329 0
33 0
330 0
331 0
332 0
333 0
334 0
335 0
336 0
337 0
338 0
339 0
34 0
340 0
341 0
342 0
343 0
344 0
345 0
346 0
347 0
348 0
349 0
35 0
350 0
351 0
352 0
353 0
354 0
355 0
356 0
357 0
358 0
359 0
36 0
360 0
361 0
362 0
363 0
364 0
365 0
366 0
367 0
368 0
369 0
37 0
370 0
371 0
372 0
373 0
374 0
375 0
376 0
377 0
378 0
379 0
38 0
380 0
381 0
382 0
383 0
384 0
385 0
386 0
387 0
388 0
389 0
39 0
390 0
391 0
392 0
393 0
394 0
395 0
396 0
397 0
398 0
399 0
4 0
40 0
400 0
401 0
402 0
403 0
404 0
405 0
406 0
407 0
408 0
409 0
41 0
410 0
411 0
412 0
413 0
414 0
415 0
416 0
417 0
418 0
419 0
42 0
420 0
421 0
422 0
423 0
424 0
425 0
426 0
427 0
428 0
429 0
43 0
430 0
431 0
432 0
433 0
434 0
435 0
436 0
437 0
438 0
439 0
44 0
440 0
441 0
442 0
443 0
444 0
445 0
446 0
447 0
448 0
449 0
45 0
450 0
451 0
452 0
453 0
454 0
455 0
456 0
457 0
458 0
459 0
46 0
460 0
461 0
462 0
463 0
464 0
465 0
466 0
467 0
468 0
469 0
47 0
470 0
471 0
472 0
473 0
474 0
475 0
476 0
477 0
478 0
479 0
48 0
480 0
481 0
482 0
483 0
484 0
485 0
486 0
487 0
488 0
489 0
49 0
490 0
491 0
492 0
493 0
494 0
495 0
496 0
497 0
498 0
499 0
5 0
50 0
500 0
501 0
502 0
503 0
504 0
505 0
506 0
507 0
508 0
509 0
51 0
510 0
511 0
512 0
513 0
514 0
515 0
516 0
517 0
518 0
519 0
52 0
520 0
521 0
522 0
523 0
524 0
525 0
526 0
527 0
528 0
529 0
53 0
530 0
531 0
532 0
533 0
534 0
535 0
536 0
537 0
538 0
539 0
54 0
540 0
541 0
542 0
543 0
544 0
545 0
546 0
547 0
548 0
549 0
55 0
550 0
551 0
552 0
553 0
554 0
555 0
556 0
557 0
558 0
559 0
56 0
560 0
561 0
562 0
563 0
564 0
565 0
566 0
567 0
568 0
569 0
57 0
570 0
571 0
572 0
573 0
574 0
575 0
576 0
577 0
578 0
579 0
58 0
580 0
581 0
582 0
583 0
584 0
585 0
586 0
587 0
588 0
589 0
59 0
590 0
591 0
592 0
593 0
594 0
595 0
596 0
597 0
598 0
599 0
6 0
60 0
600 0
601 0
602 0
603 0
604 0
605 0
606 0
607 0
608 0
609 0
61 0
610 0
611 0
612 0
613 0
614 0
615 0
616 0
617 0
618 0
619 0
62 0
620 0
621 0
622 0
623 0
624 0
625 0
626 0
627 0
628 0
629 0
63 0
630 0
631 0
632 0
633 0
634 0
635 0
636 0
637 0
638 0
639 0
64 0
640 0
641 0
642 0
643 0
644 0
645 0
646 0
647 0
648 0
649 0
65 0
650 0
651 0
652 0
653 0
654 0
655 0
656 0
657 0
658 0
659 0
66 0
660 0
661 0
662 0
663 0
664 0
665 0
666 0
667 0
668 0
669 0
67 0
670 0
671 0
672 0
673 0
674 0
675 0
676 0
677 0
678 0
679 0
68 0
680 0
681 0
682 0
683 0
684 0
685 0
686 0
687 0
688 0
689 0
69 0
690 0
691 0
692 0
693 0
694 0
695 0
696 0
697 0
698 0
699 0
7 0
70 0
700 0
701 0
702 0
703 0
704 0
705 0
706 0
707 0
708 0
709 0
71 0
72 0
73 0
74 0
75 0
76 0
77 0
78 0
79 0
8 0
80 0
81 0
82 0
83 0
84 0
85 0
86 0
87 0
88 0
89 0
9 0
90 0
91 0
92 0
93 0
94 0
95 0
96 0
97 0
98 0
99 0
100 0
101 0
104 0
105 0
110 0
111 0
117 0
118 0
128 0
129 0
135 0
136 0
138 0
139 0
145 0
146 0
149 0
15 0
150 0
154 0
155 0
158 0
159 0
16 0
161 0
162 0
166 0
167 0
171 0
172 0
174 0
175 0
176 0
177 0
179 0
18 0
180 0
186 0
187 0
188 0
189 0
19 0
191 0
192 0
193 0
194 0
195 0
196 0
199 0
2 0
200 0
204 0
205 0
206 0
207 0
208 0
209 0
210 0
211 0
220 0
221 0
222 0
223 0
224 0
225 0
228 0
229 0
236 0
237 0
242 0
243 0
246 0
247 0
250 0
251 0
252 0
253 0
256 0
257 0
260 0
261 0
274 0
275 0
278 0
279 0
28 0
281 0
282 0
289 0
29 0
290 0
293 0
294 0
296 0
297 0
3 0
300 0
301 0
302 0
303 0
304 0
305 0
307 0
308 0
312 0
313 0
314 0
315 0
316 0
317 0
318 0
319 0
320 0
321 0
332 0
333 0
338 0
339 0
340 0
341 0
342 0
343 0
344 0
345 0
346 0
347 0
352 0
353 0
362 0
363 0
364 0
365 0
368 0
369 0
371 0
372 0
375 0
376 0
381 0
382 0
385 0
386 0
389 0
390 0
391 0
392 0
395 0
396 0
397 0
398 0
407 0
408 0
41 0
42 0
420 0
421 0
425 0
426 0
428 0
429 0
432 0
433 0
434 0
435 0
436 0
437 0
446 0
447 0
450 0
451 0
461 0
462 0
463 0
464 0
465 0
466 0
467 0
468 0
472 0
473 0
480 0
481 0
483 0
484 0
488 0
489 0
491 0
492 0
5 0
50 0
503 0
504 0
508 0
509 0
51 0
512 0
513 0
515 0
516 0
520 0
521 0
525 0
526 0
528 0
529 0
53 0
536 0
537 0
538 0
539 0
54 0
540 0
541 0
547 0
548 0
549 0
550 0
557 0
558 0
562 0
563 0
566 0
567 0
568 0
569 0
57 0
577 0
578 0
58 0
586 0
587 0
588 0
589 0
590 0
591 0
597 0
598 0
6 0
600 0
601 0
603 0
604 0
607 0
608 0
61 0
610 0
611 0
619 0
62 0
620 0
621 0
622 0
623 0
624 0
625 0
626 0
629 0
630 0
635 0
636 0
638 0
639 0
64 0
645 0
646 0
649 0
65 0
650 0
651 0
652 0
666 0
667 0
670 0
671 0
674 0
675 0
677 0
678 0
68 0
688 0
689 0
69 0
693 0
694 0
695 0
696 0
70 0
701 0
702 0
703 0
704 0
71 0
712 0
713 0
714 0
715 0
72 0
724 0
725 0
727 0
728 0
73 0
732 0
733 0
735 0
736 0
740 0
741 0
749 0
750 0
756 0
757 0
759 0
760 0
761 0
762 0
77 0
773 0
774 0
778 0
779 0
78 0
781 0
782 0
82 0
83 0
85 0
86 0
90 0
91 0
98 0
99 0
100 39
101 476
104 447
105 474
110 269
111 471
117 7
118 472
128 0
129 122
135 469
136 467
138 450
139 469
145 461
146 467
149 465
15 487
150 469
154 1
155 469
158 2
159 468
16 487
161 468
162 462
166 0
167 468
171 461
172 438
174 466
175 466
176 53
177 466
179 462
18 432
180 462
186 0
187 46
188 0
189 463
19 487
191 38
192 463
193 1
194 463
195 203
196 463
199 384
2 495
200 423
204 96
205 462
206 437
207 462
208 14
209 462
210 10
211 462
220 0
221 29
222 462
223 462
224 47
225 462
228 461
229 462
236 73
237 461
242 9
243 461
246 458
247 26
250 457
251 461
252 461
253 461
256 458
257 461
260 0
261 1
274 0
275 443
278 185
279 455
28 487
281 0
282 455
289 453
29 486
290 455
293 0
294 404
296 61
297 453
3 495
300 438
301 453
302 132
303 453
304 1
305 453
307 453
308 453
312 19
313 453
314 24
315 452
316 382
317 451
318 2
319 450
320 0
321 422
332 450
333 376
338 450
339 412
340 1
341 449
342 450
343 450
344 5
345 450
346 20
347 449
352 1
353 449
362 443
363 449
364 6
365 449
368 448
369 80
371 448
372 137
375 97
376 448
381 429
382 448
385 11
386 448
389 448
390 448
391 20
392 448
395 66
396 448
397 7
398 447
407 447
408 394
41 374
42 483
420 359
421 445
425 445
426 418
428 295
429 2
432 443
433 445
434 21
435 445
436 7
437 445
446 441
447 411
450 445
451 445
461 157
462 444
463 441
464 444
465 438
466 443
467 36
468 443
472 378
473 443
480 443
481 167
483 84
484 443
488 8
489 442
491 440
492 435
5 346
50 0
503 441
504 436
508 0
509 440
51 96
512 0
513 32
515 438
516 54
520 412
521 113
525 2
526 438
528 438
529 98
53 482
536 425
537 385
538 61
539 438
54 481
540 378
541 438
547 411
548 437
549 25
550 437
557 423
558 434
562 102
563 437
566 0
567 427
568 3
569 437
57 2
577 437
578 20
58 476
586 434
587 437
588 9
589 437
590 41
591 437
597 0
598 436
6 489
600 436
601 388
603 436
604 436
607 436
608 436
61 112
610 427
611 435
619 177
62 479
620 436
621 414
622 436
623 357
624 436
625 19
626 436
629 436
630 379
635 0
636 436
638 412
639 429
64 479
645 0
646 436
649 0
65 479
650 434
651 1
652 435
666 76
667 435
670 435
671 435
674 53
675 435
677 435
678 435
68 468
688 47
689 434
69 477
693 434
694 434
695 18
696 434
70 478
701 409
702 434
703 0
704 434
71 478
712 18
713 433
714 0
715 433
72 0
724 433
725 433
727 432
728 433
73 477
732 3
733 433
735 297
736 433
740 433
741 402
749 0
750 430
756 405
757 10
759 133
760 433
761 38
762 433
77 17
773 0
774 433
778 433
779 47
78 476
781 429
782 404
82 473
83 477
85 477
86 477
90 477
91 115
98 8
99 477
10 3
102 39
103 999
104 29
105 999
109 987
11 999
110 999
111 999
112 999
116 999
117 15
118 925
119 999
12 138
120 18
121 999
122 1
123 999
126 999
127 999
128 10
129 999
13 999
131 4
132 999
133 20
134 999
137 0
138 999
141 105
142 999
147 0
148 999
149 999
15 941
150 999
155 943
156 999
158 997
159 999
16 999
163 999
164 999
166 14
167 999
169 924
17 999
170 0
173 999
174 68
176 999
177 999
178 27
179 999
18 999
180 0
181 999
183 999
184 991
187 426
188 999
190 999
191 999
192 0
193 999
195 999
196 13
197 17
198 999
199 192
200 999
201 172
202 999
212 999
213 998
214 998
215 999
217 535
218 999
220 999
221 999
223 999
224 999
225 0
226 999
230 2
231 999
233 11
234 999
237 999
238 999
240 1
241 999
249 958
250 999
251 999
252 999
257 103
258 999
259 881
26 0
260 999
261 999
262 999
263 926
264 999
265 20
266 999
267 0
268 998
27 992
270 14
271 999
272 6
273 999
276 994
277 998
278 11
279 999
280 947
281 999
282 3
283 999
284 0
285 999
286 999
287 999
292 466
293 999
294 2
295 999
297 999
298 467
300 992
301 581
304 991
305 999
307 988
308 999
31 999
310 999
311 171
316 942
317 999
318 0
319 999
32 999
322 995
323 999
324 1
325 999
326 912
327 999
329 14
330 999
333 847
334 999
338 6
339 999
342 993
343 999
345 955
346 999
348 999
349 999
350 981
351 999
365 999
366 1
368 999
369 999
370 13
371 999
374 11
375 999
376 0
377 999
379 903
38 2
380 999
382 18
383 999
384 941
385 999
386 0
387 999
39 999
396 998
397 999
399 999
4 114
40 521
400 999
404 0
405 999
407 18
408 999
41 999
411 961
412 999
42 23
421 999
422 999
424 999
425 999
426 0
427 999
429 989
43 999
430 711
431 999
432 999
434 999
435 999
436 905
437 999
440 999
441 999
442 999
443 999
450 999
451 999
457 999
458 999
459 0
460 999
461 999
462 999
463 998
464 999
465 11
466 999
472 9
473 999
475 0
476 999
477 999
478 999
482 999
483 999
486 912
487 999
489 2
490 999
494 8
495 999
497 8
498 999
499 76
5 999
50 999
500 999
503 140
504 999
505 176
506 999
51 992
510 997
511 997
514 999
515 999
518 999
519 999
520 0
521 999
522 999
523 999
526 999
527 999
529 3
530 999
531 0
532 999
534 999
535 999
537 999
538 999
54 939
541 12
542 999
543 0
544 999
545 999
546 999
549 990
55 999
550 999
551 925
552 999
554 999
555 999
556 0
557 998
56 3
560 999
561 999
563 999
564 999
566 10
567 999
569 25
57 999
570 999
573 999
574 999
578 243
579 999
582 999
583 15
586 999
587 999
588 198
589 999
590 999
591 999
598 995
599 997
602 24
603 999
604 0
605 999
607 167
608 999
611 23
612 999
614 932
615 999
616 998
617 999
622 1
623 999
625 17
626 999
628 999
629 36
633 999
634 999
635 989
636 999
637 2
638 999
640 140
641 999
642 27
643 999
645 915
646 999
648 999
649 999
651 999
652 999
653 918
654 999
655 611
656 999
657 999
658 999
659 999
660 999
662 998
663 999
665 986
666 999
668 999
669 989
674 942
675 921
676 930
677 999
679 1
680 999
685 999
686 999
688 140
689 999
69 999
693 173
694 999
696 999
697 999
699 999
70 1
700 999
703 1
704 999
705 991
706 999
707 1
708 999
71 999
710 987
711 999
713 990
714 999
717 988
718 999
72 999
721 999
722 999
723 999
724 999
726 991
727 999
730 999
731 999
732 174
733 999
76 0
77 999
78 20
79 999
8 999
80 276
81 999
82 30
83 999
84 1
85 999
86 999
87 999
89 999
9 922
90 999
91 120
92 999
94 999
95 999
98 9
99 999
10 3
102 39
103 999
104 29
105 999
109 987
11 999
110 999
111 999
112 999
116 999
117 15
118 925
119 999
12 138
120 18
121 999
122 1
123 999
126 999
127 999
128 10
129 999
13 999
131 4
132 999
133 20
134 999
137 0
138 999
141 105
142 999
147 0
148 999
149 999
15 941
150 999
155 943
156 999
158 997
159 999
16 999
163 999
164 999
166 14
167 999
169 924
17 999
170 0
173 999
174 68
176 999
177 999
178 27
179 999
18 999
180 0
181 999
183 999
184 991
187 426
188 999
190 999
191 999
192 0
193 999
195 999
196 13
197 17
198 999
199 192
200 999
201 172
202 999
212 999
213 998
214 998
215 999
217 535
218 999
220 999
221 999
223 999
224 999
225 0
226 999
230 2
231 999
233 11
234 999
237 999
238 999
240 1
241 999
249 958
250 999
251 999
252 999
257 103
258 999
259 881
26 0
260 999
261 999
262 999
263 926
264 999
265 20
266 999
267 0
268 998
27 992
270 14
271 999
272 6
273 999
276 994
277 998
278 11
279 999
280 947
281 999
282 3
283 999
284 0
285 999
286 999
287 999
292 466
293 999
294 2
295 999
297 999
298 467
300 992
301 581
304 991
305 999
307 988
308 999
31 999
310 999
311 171
316 942
317 999
318 0
319 999
32 999
322 995
323 999
324 1
325 999
326 912
327 999
329 14
330 999
333 847
334 999
338 6
339 999
342 993
343 999
345 955
346 999
348 999
349 999
350 981
351 999
365 999
366 1
368 999
369 999
370 13
371 999
374 11
375 999
376 0
377 999
379 903
38 2
380 999
382 18
383 999
384 941
385 999
386 0
387 999
39 999
396 998
397 999
399 999
4 114
40 521
400 999
404 0
405 999
407 18
408 999
41 999
411 961
412 999
42 23
421 999
422 999
424 999
425 999
426 0
427 999
429 989
43 999
430 711
431 999
432 999
434 999
435 999
436 905
437 999
440 999
441 999
442 999
443 999
450 999
451 999
457 999
458 999
459 0
460 999
461 999
462 999
463 998
464 999
465 11
466 999
472 9
473 999
475 0
476 999
477 999
478 999
482 999
483 999
486 912
487 999
489 2
490 999
494 8
495 999
497 8
498 999
499 76
5 999
50 999
500 999
503 140
504 999
505 176
506 999
51 992
510 997
511 997
514 999
515 999
518 999
519 999
520 0
521 999
522 999
523 999
526 999
527 999
529 3
530 999
531 0
532 999
534 999
535 999
537 999
538 999
54 939
541 12
542 999
543 0
544 999
545 999
546 999
549 990
55 999
550 999
551 925
552 999
554 999
555 999
556 0
557 998
56 3
560 999
561 999
563 999
564 999
566 10
567 999
569 25
57 999
570 999
573 999
574 999
578 243
579 999
582 999
583 15
586 999
587 999
588 198
589 999
590 999
591 999
598 995
599 997
602 24
603 999
604 0
605 999
607 167
608 999
611 23
612 999
614 932
615 999
616 998
617 999
622 1
623 999
625 17
626 999
628 999
629 36
633 999
634 999
635 989
636 999
637 2
638 999
640 140
641 999
642 27
643 999
645 915
646 999
648 999
649 999
651 999
652 999
653 918
654 999
655 611
656 999
657 999
658 999
659 999
660 999
662 998
663 999
665 986
666 999
668 999
669 989
674 942
675 921
676 930
677 999
679 1
680 999
685 999
686 999
688 140
689 999
69 999
693 173
694 999
696 999
697 999
699 999
70 1
700 999
703 1
704 999
705 991
706 999
707 1
708 999
71 999
710 987
711 999
713 990
714 999
717 988
718 999
72 999
721 999
722 999
723 999
724 999
726 991
727 999
730 999
731 999
732 174
733 999
76 0
77 999
78 20
79 999
8 999
80 276
81 999
82 30
83 999
84 1
85 999
86 999
87 999
89 999
9 922
90 999
91 120
92 999
94 999
95 999
98 9
99 999
100 982
104 982
105 982
106 65
107 982
110 0
111 982
112 982
113 982
114 0
115 980
116 19
117 981
119 0
12 995
120 981
123 981
124 981
125 0
126 981
128 978
129 981
13 995
136 966
137 981
14 1
142 0
143 981
144 24
145 981
147 2
148 981
149 476
15 995
150 981
156 0
157 981
158 1
159 981
16 12
160 981
161 981
163 972
164 980
165 0
166 980
169 4
17 995
170 980
171 0
172 971
173 979
174 979
178 979
179 2
181 0
182 978
186 903
187 978
188 0
189 978
194 8
195 978
198 886
199 978
200 2
201 978
207 0
208 977
213 6
214 976
215 35
216 976
217 2
218 975
219 0
220 974
222 965
223 974
224 974
225 974
226 24
227 974
229 963
23 27
230 972
232 0
233 973
234 5
235 974
237 974
238 974
24 992
244 974
245 974
247 970
248 974
25 1
250 26
251 973
252 973
253 973
254 973
255 973
258 973
259 972
26 992
262 3
263 973
266 972
267 972
272 972
273 968
274 1
275 972
276 969
277 972
281 972
282 972
283 426
284 972
286 10
287 971
29 983
293 969
294 969
295 1
296 969
30 992
303 0
304 968
307 74
308 968
309 704
310 968
313 968
314 968
315 249
316 968
318 836
319 968
32 992
320 3
321 968
325 959
326 966
328 903
329 968
33 991
333 7
334 968
336 968
337 966
338 788
339 968
34 934
340 41
341 968
343 284
344 968
346 968
347 968
349 952
35 991
350 968
351 960
352 968
353 3
354 968
358 14
359 968
36 12
361 968
362 968
363 2
364 968
367 0
368 968
369 967
37 991
370 968
374 968
375 968
38 0
380 1
381 967
39 991
390 20
391 966
393 966
394 966
395 916
396 966
399 966
4 1
400 966
404 952
405 966
407 966
408 966
409 60
41 392
410 966
42 989
421 0
422 965
423 948
424 965
425 965
426 965
428 965
429 965
43 9
430 635
431 965
432 16
433 965
434 960
435 965
436 274
437 965
44 989
442 0
443 965
444 12
445 965
446 919
447 965
448 16
449 965
452 964
453 963
455 964
456 964
462 964
463 964
464 631
465 964
466 964
467 964
472 964
473 964
474 964
475 964
476 964
477 964
480 0
481 964
482 964
483 964
484 863
485 964
486 0
487 964
495 964
496 964
5 996
50 988
500 964
501 1
502 964
503 964
51 988
510 964
511 964
514 3
515 964
518 964
519 964
52 18
521 958
522 964
524 1
525 964
526 964
527 964
53 988
530 964
531 964
535 964
536 964
538 503
539 964
541 940
542 964
543 964
544 964
545 0
546 964
553 680
554 964
555 12
556 964
558 952
559 964
56 0
568 921
569 964
57 985
573 1
574 964
575 27
576 964
577 884
578 964
579 0
58 2
580 964
583 964
584 964
585 962
586 964
587 207
588 964
59 985
594 678
595 962
596 4
597 964
598 15
599 964
6 5
601 1
602 964
605 40
606 964
607 964
608 964
609 914
610 964
612 216
613 964
614 811
615 964
619 0
62 985
620 19
622 636
623 964
626 0
627 964
628 619
629 964
63 985
630 962
631 964
632 122
633 964
634 0
635 964
637 1
638 964
639 596
640 964
645 0
646 964
648 28
649 964
650 12
651 964
654 3
655 963
656 1
657 963
658 963
659 963
66 0
661 963
662 963
664 873
665 963
667 531
668 963
669 865
67 985
670 963
671 858
672 963
673 3
674 963
675 50
676 963
679 963
68 0
680 963
681 427
682 963
683 962
684 962
685 961
686 961
688 935
689 961
69 985
694 743
695 961
696 904
697 961
698 9
699 961
7 995
700 124
701 961
702 1
703 961
705 961
706 961
71 5
711 452
712 961
713 961
714 961
715 0
716 961
717 8
718 961
72 983
723 18
724 961
725 960
726 961
727 961
728 961
729 961
73 914
730 961
735 0
736 535
738 961
739 961
74 982
77 0
78 970
8 992
80 35
81 982
82 970
83 982
85 3
86 982
87 11
88 982
89 16
9 995
90 982
93 982
94 982
96 22
97 982
99 981
10 3
102 39
103 999
104 29
105 999
109 987
11 999
110 999
111 999
112 999
116 999
117 15
118 925
119 999
12 138
120 18
121 999
122 1
123 999
126 999
127 999
128 10
129 999
13 999
131 4
132 999
133 20
134 999
137 0
138 999
141 105
142 999
147 0
148 999
149 999
15 941
150 999
155 943
156 999
158 997
159 999
16 999
163 999
164 999
166 14
167 999
169 924
17 999
170 0
173 999
174 68
176 999
177 999
178 27
179 999
18 999
180 0
181 999
183 999
184 991
187 426
188 999
190 999
191 999
192 0
193 999
195 999
196 13
197 17
198 999
199 192
200 999
201 172
202 999
212 999
213 998
214 998
215 999
217 535
218 999
220 999
221 999
223 999
224 999
225 0
226 999
230 2
231 999
233 11
234 999
237 999
238 999
240 1
241 999
249 958
250 999
251 999
252 999
257 103
258 999
259 881
26 0
260 999
261 999
262 999
263 926
264 999
265 20
266 999
267 0
268 998
27 992
270 14
271 999
272 6
273 999
276 994
277 998
278 11
279 999
280 947
281 999
282 3
283 999
284 0
285 999
286 999
287 999
292 466
293 999
294 2
295 999
297 999
298 467
300 992
301 581
304 991
305 999
307 988
308 999
31 999
310 999
311 171
316 942
317 999
318 0
319 999
32 999
322 995
323 999
324 1
325 999
326 912
327 999
329 14
330 999
333 847
334 999
338 6
339 999
342 993
343 999
345 955
346 999
348 999
349 999
350 981
351 999
365 999
366 1
368 999
369 999
370 13
371 999
374 11
375 999
376 0
377 999
379 903
38 2
380 999
382 18
383 999
384 941
385 999
386 0
387 999
39 999
396 998
397 999
399 999
4 114
40 521
400 999
404 0
405 999
407 18
408 999
41 999
411 961
412 999
42 23
421 999
422 999
424 999
425 999
426 0
427 999
429 989
43 999
430 711
431 999
432 999
434 999
435 999
436 905
437 999
440 999
441 999
442 999
443 999
450 999
451 999
457 999
458 999
459 0
460 999
461 999
462 999
463 998
464 999
465 11
466 999
472 9
473 999
475 0
476 999
477 999
478 999
482 999
483 999
486 912
487 999
489 2
490 999
494 8
495 999
497 8
498 999
499 76
5 999
50 999
500 999
503 140
504 999
505 176
506 999
51 992
510 997
511 997
514 999
515 999
518 999
519 999
520 0
521 999
522 999
523 999
526 999
527 999
529 3
530 999
531 0
532 999
534 999
535 999
537 999
538 999
54 939
541 12
542 999
543 0
544 999
545 999
546 999
549 990
55 999
550 999
551 925
552 999
554 999
555 999
556 0
557 998
56 3
560 999
561 999
563 999
564 999
566 10
567 999
569 25
57 999
570 999
573 999
574 999
578 243
579 999
582 999
583 15
586 999
587 999
588 198
589 999
590 999
591 999
598 995
599 997
602 24
603 999
604 0
605 999
607 167
608 999
611 23
612 999
614 932
615 999
616 998
617 999
622 1
623 999
625 17
626 999
628 999
629 36
633 999
634 999
635 989
636 999
637 2
638 999
640 140
641 999
642 27
643 999
645 915
646 999
648 999
649 999
651 999
652 999
653 918
654 999
655 611
656 999
657 999
658 999
659 999
660 999
662 998
663 999
665 986
666 999
668 999
669 989
674 942
675 921
676 930
677 999
679 1
680 999
685 999
686 999
688 140
689 999
69 999
693 173
694 999
696 999
697 999
699 999
70 1
700 999
703 1
704 999
705 991
706 999
707 1
708 999
71 999
710 987
711 999
713 990
714 999
717 988
718 999
72 999
721 999
722 999
723 999
724 999
726 991
727 999
730 999
731 999
732 174
733 999
76 0
77 999
78 20
79 999
8 999
80 276
81 999
82 30
83 999
84 1
85 999
86 999
87 999
89 999
9 922
90 999
91 120
92 999
94 999
95 999
98 9
99 999
10 988
108 0
109 999
11 999
110 184
111 999
114 996
115 554
122 992
123 972
13 999
134 953
135 0
138 111
139 999
14 997
141 218
142 999
143 0
144 997
148 0
149 999
15 19
154 992
155 999
156 17
157 999
16 999
173 16
174 999
18 148
182 2
183 999
184 99
185 999
189 949
19 999
190 999
198 999
199 991
201 3
202 999
203 986
204 999
208 0
209 999
21 0
212 999
213 67
215 28
216 999
22 992
221 25
222 999
226 0
227 998
231 126
232 999
234 999
235 922
239 7
24 1
240 999
244 999
245 19
25 999
252 0
253 943
255 219
256 999
258 999
259 997
261 998
262 999
263 796
264 999
269 999
27 219
270 0
272 946
273 999
28 999
281 0
282 999
284 0
285 998
287 998
288 999
290 989
291 4
30 10
308 922
309 999
31 999
311 219
312 992
32 0
33 999
336 856
337 992
35 0
355 2
356 999
358 2
359 999
36 949
368 0
369 997
37 4
38 999
380 0
381 953
386 0
387 999
389 0
39 216
390 953
395 4
396 999
40 999
41 943
410 1
411 999
419 998
42 999
420 6
429 1
430 999
442 0
443 998
448 13
449 999
450 19
451 999
453 3
454 999
457 999
458 933
459 860
46 0
460 999
469 29
47 998
470 999
471 0
472 993
476 996
477 191
48 174
481 0
482 998
484 999
485 999
49 999
491 0
492 999
493 2
494 999
508 999
509 948
511 998
512 691
513 985
514 999
519 997
520 558
522 990
523 999
525 987
526 998
529 0
530 999
537 997
538 999
540 2
541 995
547 0
548 993
550 999
551 998
552 0
553 999
556 3
557 999
558 402
559 999
566 0
567 999
57 999
573 999
574 998
575 1
576 999
578 5
579 999
58 1
582 899
583 999
584 3
585 999
586 0
587 998
590 2
591 999
592 992
593 999
595 148
596 999
597 936
598 999
601 0
602 998
611 4
612 998
623 3
624 999
625 992
626 999
633 999
634 999
639 19
640 999
645 0
646 999
648 992
649 999
659 0
660 999
667 14
668 999
669 148
670 999
676 19
677 999
678 11
679 999
681 0
682 999
688 3
689 998
692 148
693 999
698 0
699 147
7 999
700 23
701 999
702 10
703 999
704 0
705 999
72 4
723 4
724 999
726 953
727 951
728 993
729 999
73 999
731 999
732 999
739 673
74 146
740 953
745 851
746 999
75 999
753 3
754 999
762 135
763 999
772 0
773 992
780 999
781 999
783 999
784 999
8 985
81 2
82 999
88 133
89 999
90 180
91 999
92 993
93 999
1 264
10 499
100 499
101 499
102 499
103 204
104 499
105 499
106 499
107 456
108 499
109 497
110 499
112 499
113 203
116 0
117 499
118 499
119 499
120 499
121 499
122 155
123 499
124 460
125 499
126 498
127 499
13 0
130 499
131 499
132 499
133 499
135 498
136 499
137 499
138 499
14 499
141 499
142 499
143 499
144 499
146 499
147 499
149 499
15 444
150 499
154 499
155 499
156 499
157 499
158 20
159 499
16 499
160 491
161 499
162 449
163 499
164 499
165 499
166 28
167 499
168 495
169 499
17 66
171 499
172 499
173 496
174 499
175 499
176 499
178 36
179 499
18 499
181 499
182 499
183 499
184 499
185 34
186 499
187 499
188 499
189 37
19 499
190 499
194 223
195 499
196 449
197 499
198 28
199 499
2 499
20 499
204 496
205 499
206 64
207 499
21 499
214 499
215 499
217 499
218 499
22 499
220 499
221 499
222 499
223 499
224 6
225 499
226 499
227 499
228 499
229 499
23 499
233 499
234 499
235 456
236 499
237 499
238 499
24 499
240 499
241 499
243 24
244 499
245 67
246 499
247 499
248 499
249 499
25 12
250 499
253 499
254 499
258 499
259 499
26 499
260 499
261 499
263 499
264 488
266 499
267 499
268 495
269 499
27 499
270 491
271 499
272 499
273 499
274 87
275 499
276 88
277 499
278 497
279 499
28 499
280 499
281 499
282 491
283 499
284 499
285 499
288 499
289 499
29 499
291 499
292 499
294 499
295 499
297 483
298 499
299 494
30 499
300 499
304 499
305 499
306 469
307 499
309 499
31 70
310 499
311 499
312 499
314 499
315 499
316 64
317 499
318 499
319 499
32 499
320 154
321 499
324 499
325 499
326 499
327 499
329 499
33 23
330 499
331 78
332 499
335 499
336 499
338 499
339 499
34 499
340 134
341 499
344 499
345 499
346 4
347 499
350 499
351 499
352 197
353 499
355 499
356 499
36 499
360 498
361 499
362 182
363 499
364 488
365 499
366 145
367 499
368 495
369 499
37 499
370 499
371 499
372 461
373 499
374 422
375 499
377 15
378 499
379 499
380 499
383 499
384 499
385 26
386 499
388 499
389 499
39 45
392 499
393 499
394 499
395 499
396 79
397 499
398 499
399 499
40 499
400 499
401 499
402 488
403 499
406 499
407 499
408 499
409 499
41 486
410 499
411 499
412 217
413 499
414 499
415 499
416 499
417 499
418 499
419 499
42 499
420 14
421 499
423 499
424 499
426 499
427 499
428 297
429 499
430 499
431 499
432 188
433 499
434 15
435 499
436 492
437 499
438 499
439 499
440 499
441 499
442 499
443 499
444 482
445 499
447 482
448 499
449 71
45 499
450 499
451 499
452 499
453 495
454 499
455 182
456 499
457 499
458 499
459 499
46 499
460 499
461 191
462 499
463 498
464 499
467 499
468 499
469 498
47 498
470 499
472 499
473 499
474 23
475 499
476 499
477 499
479 499
48 499
480 499
482 499
483 499
484 70
485 499
486 210
487 499
488 95
489 499
490 6
491 499
492 493
493 499
494 189
495 499
497 499
498 499
499 24
5 209
50 499
500 499
503 499
504 499
509 459
51 499
510 499
512 311
513 499
515 499
516 499
517 233
518 499
520 10
521 499
522 499
523 499
524 499
525 499
526 59
527 499
529 499
53 177
530 456
533 499
534 499
535 103
536 499
538 499
539 499
54 499
541 487
542 499
543 168
544 499
546 490
547 499
549 483
55 499
550 497
553 499
554 499
555 499
556 499
557 499
558 499
56 499
560 15
561 499
563 499
564 499
566 496
567 499
568 499
569 499
571 492
572 49
573 28
574 499
577 55
578 499
58 1
581 499
582 499
583 499
584 499
585 499
586 499
587 499
588 499
589 499
59 499
590 499
591 499
592 499
593 68
594 499
595 43
596 499
597 499
598 499
599 499
6 499
60 70
600 499
601 480
602 499
603 499
604 499
605 486
606 499
608 499
609 499
61 499
610 499
611 499
612 499
613 499
614 66
615 499
616 73
617 499
618 499
619 499
620 499
621 499
622 499
623 499
624 499
625 499
628 499
629 499
630 497
631 499
632 499
633 499
636 0
637 490
639 471
640 499
642 123
643 499
644 485
645 499
646 32
647 499
648 499
649 499
65 499
651 499
652 499
653 467
654 499
655 17
656 499
658 499
659 499
66 499
661 499
662 499
663 499
664 499
665 20
666 499
667 499
668 499
67 499
671 499
672 499
673 499
674 499
675 303
676 499
677 499
678 499
679 210
68 499
680 499
681 499
682 499
685 0
686 43
687 496
688 499
689 499
690 499
691 499
692 499
693 456
694 499
695 66
696 499
697 499
698 499
699 499
7 497
70 385
700 499
701 499
702 499
705 118
706 499
707 116
708 499
71 499
711 499
712 499
713 5
714 499
715 499
716 499
717 4
718 499
719 499
72 491
720 499
721 499
722 499
723 247
724 499
725 83
726 499
727 57
728 499
729 4
73 499
730 499
731 497
732 499
733 473
734 499
735 4
736 468
76 0
77 499
78 442
79 499
8 499
80 499
81 499
82 473
83 499
85 64
86 499
88 86
89 499
9 499
90 499
91 499
93 499
94 499
95 499
96 499
97 499
98 499
99 499
1 9999
101 6187
102 9999
103 9999
104 9999
105 9999
106 9999
107 7
108 9993
109 9986
110 9999
111 9999
112 9999
114 151
115 9999
116 9955
117 9999
118 999
119 9999
12 8416
120 9999
121 9999
122 325
123 9999
124 7226
125 9999
126 9999
127 9999
128 9947
129 9999
13 9999
130 9999
131 9999
132 7033
133 9999
134 9999
135 9999
136 965
137 9999
138 6102
139 9999
14 9999
140 9973
141 9999
142 9969
143 9999
144 42
145 9999
146 225
147 9999
149 9999
15 9999
150 9999
151 5218
152 9999
154 9955
155 9999
156 7709
157 9999
158 9999
159 9999
16 9999
160 9659
161 9999
163 9999
164 9999
165 9999
166 9999
167 9948
168 9999
169 9999
17 9999
170 9999
171 9997
172 9999
173 9897
174 9999
175 9999
176 9999
178 9981
179 9999
180 9999
181 9999
182 9999
183 9999
185 9999
186 9999
187 54
188 9999
189 9999
190 9999
191 9758
192 9999
193 0
194 9986
195 187
196 9999
197 9983
198 9999
199 1377
2 9999
20 8538
200 9999
201 31
202 9999
203 7423
204 9999
205 5498
206 9999
207 8474
208 9999
209 9140
21 9999
210 9999
211 9999
212 9999
213 9999
214 9999
215 18
216 9999
217 1026
218 9999
219 6240
22 9999
220 9999
221 9999
222 9999
223 6949
224 9999
225 6429
226 9999
227 1443
228 9999
229 9999
23 9999
230 9999
231 247
232 9999
233 10
234 9999
235 9999
236 9999
238 905
239 9999
241 9999
242 9999
243 9982
244 9999
245 9999
246 9999
247 9999
248 9999
249 8893
25 3
250 9999
251 9999
252 9999
253 7207
254 9999
255 9679
256 9999
257 9999
258 9999
26 9999
260 284
261 9999
262 2
263 9999
264 9999
265 9999
266 9999
267 9999
268 1042
269 9999
270 9992
271 9999
272 9999
273 9999
274 10
275 9999
276 9997
277 9999
278 6183
279 9999
28 65
280 9999
281 9999
282 5317
283 9999
284 9129
285 9999
286 9999
287 9999
289 9999
29 9993
290 9999
291 672
292 9999
293 9999
294 9999
295 9717
296 9999
297 9999
298 9999
299 9999
3 277
300 9999
301 368
302 9999
303 9
304 9999
305 9999
306 9999
307 9999
308 9999
309 9999
31 0
310 9999
311 8143
312 9999
313 9999
314 9999
315 9999
316 9999
317 9999
318 9999
319 9999
32 9999
320 9999
321 295
322 9999
323 8658
324 9999
326 9999
327 9972
328 8371
329 9999
33 9992
331 9999
332 9999
333 5163
334 9999
336 9999
337 9999
339 9999
34 9999
340 9997
341 4
342 9999
343 8062
344 9999
348 9999
349 9999
35 7547
350 810
351 9999
352 9998
353 9999
354 218
355 9999
356 967
357 9999
359 9999
36 9999
360 9999
362 9624
363 9999
364 9999
365 9999
368 9999
369 9999
37 215
370 9999
371 9999
372 8745
373 9999
374 9999
375 9999
376 9999
377 9999
378 9999
379 9999
38 9999
381 9978
382 9999
383 1049
384 9999
385 8514
386 9999
387 9999
388 9999
389 9940
39 1377
390 9999
391 9999
392 9999
393 6051
394 9999
395 9999
396 9999
397 9915
398 9999
399 9648
4 9999
40 9999
400 9999
401 9749
402 9999
403 9999
404 9999
405 26
406 9999
407 9999
408 9999
409 4751
410 9999
411 9999
412 9999
413 9999
414 9999
415 9999
416 9999
418 9999
419 9999
42 9999
420 9993
421 9999
422 9571
423 9999
424 0
425 9999
426 9999
427 9999
429 328
43 9999
430 9999
432 9999
433 9999
434 9999
435 9999
436 9999
437 9999
438 38
439 9999
440 9999
441 9999
442 43
443 9999
444 9991
445 9999
446 2
447 9999
448 9999
449 9999
45 9999
450 9999
451 9999
452 5621
453 9999
454 8420
455 9999
456 6803
457 9999
458 9940
459 9999
46 9999
461 9999
462 9999
463 786
464 9999
465 8955
466 9999
467 9757
468 9999
47 9999
470 12
471 9999
472 9999
473 9999
474 9999
475 9999
476 9999
477 9999
478 9999
479 9999
48 9999
481 9977
482 9999
483 254
484 9999
485 9999
486 9999
487 594
488 9999
489 8337
49 9999
490 9999
493 0
494 9999
495 9169
496 9999
497 9999
498 9999
499 838
50 9999
500 9999
501 9999
502 9999
503 9999
504 9999
505 9529
506 9999
507 784
508 9999
509 9999
51 858
510 9999
511 9999
512 9999
513 9998
514 9999
516 9999
517 9999
519 3
52 9999
520 9999
521 9112
522 9999
523 5007
524 9999
525 4642
526 9999
527 9999
528 9999
529 253
53 9960
530 9999
531 5920
532 9999
533 9999
534 9999
536 9999
537 9999
539 10
54 9999
540 9999
541 6635
542 9999
543 29
544 9996
545 5032
546 9999
547 9999
548 9999
549 8802
550 9999
551 9913
552 9999
553 9925
554 9999
555 48
556 9994
557 9982
558 9999
56 52
560 8730
561 9999
562 9921
563 9999
564 9433
565 9999
567 9999
568 9993
569 9999
57 9999
570 9999
571 9999
572 9999
573 0
574 9999
575 9999
576 9999
577 9892
578 9999
579 9999
580 9999
581 10
582 9999
583 9978
584 9999
585 9999
586 9999
587 9999
588 9999
590 9960
591 9999
592 608
593 9999
594 9693
595 9999
596 2213
597 9999
598 9999
599 9999
60 9999
600 0
601 9999
602 721
603 9999
604 8825
605 9999
606 9999
607 9999
608 9999
609 9999
61 9999
610 9999
611 9999
612 9999
613 9999
615 9999
616 9999
617 9999
618 9999
619 6255
62 6309
620 9999
621 8431
622 9999
625 9999
626 9999
627 2
628 9999
629 1012
63 9999
630 9999
632 457
633 9999
634 9555
635 9999
636 9999
637 9999
638 238
639 9999
64 9999
641 6052
642 9999
643 5712
644 9999
645 9898
646 9999
647 9999
648 9999
65 9999
653 13
654 9999
655 9999
656 9999
657 9
658 9995
659 9922
66 48
660 9999
661 9983
662 9999
663 2016
664 9999
665 119
666 9999
667 8854
668 9999
669 9999
67 9999
670 9999
671 6096
672 9999
674 19
675 9998
676 9999
677 9999
678 769
679 9999
68 0
680 9999
681 9999
683 9999
684 9999
685 9999
686 9999
688 0
689 9999
69 9999
690 9999
691 9999
692 9999
693 9999
694 10
695 9999
70 3574
71 9999
72 328
73 9999
74 9999
75 9999
76 9999
77 9999
78 5776
79 9999
8 65
80 9998
81 9999
82 9999
83 9999
84 9999
85 9999
87 0
88 9977
89 9999
9 9999
90 9999
91 37
92 9999
93 9999
94 9999
95 9999
96 9999
97 5942
98 9999
1 9999
101 6187
102 9999
103 9999
104 9999
105 9999
106 9999
107 7
108 9993
109 9986
110 9999
111 9999
112 9999
114 151
115 9999
116 9955
117 9999
118 999
119 9999
12 8416
120 9999
121 9999
122 325
123 9999
124 7226
125 9999
126 9999
127 9999
128 9947
129 9999
13 9999
130 9999
131 9999
132 7033
133 9999
134 9999
135 9999
136 965
137 9999
138 6102
139 9999
14 9999
140 9973
141 9999
142 9969
143 9999
144 42
145 9999
146 225
147 9999
149 9999
15 9999
150 9999
151 5218
152 9999
154 9955
155 9999
156 7709
157 9999
158 9999
159 9999
16 9999
160 9659
161 9999
163 9999
164 9999
165 9999
166 9999
167 9948
168 9999
169 9999
17 9999
170 9999
171 9997
172 9999
173 9897
174 9999
175 9999
176 9999
178 9981
179 9999
180 9999
181 9999
182 9999
183 9999
185 9999
186 9999
187 54
188 9999
189 9999
190 9999
191 9758
192 9999
193 0
194 9986
195 187
196 9999
197 9983
198 9999
199 1377
2 9999
20 8538
200 9999
201 31
202 9999
203 7423
204 9999
205 5498
206 9999
207 8474
208 9999
209 9140
21 9999
210 9999
211 9999
212 9999
213 9999
214 9999
215 18
216 9999
217 1026
218 9999
219 6240
22 9999
220 9999
221 9999
222 9999
223 6949
224 9999
225 6429
226 9999
227 1443
228 9999
229 9999
23 9999
230 9999
231 247
232 9999
233 10
234 9999
235 9999
236 9999
238 905
239 9999
241 9999
242 9999
243 9982
244 9999
245 9999
246 9999
247 9999
248 9999
249 8893
25 3
250 9999
251 9999
252 9999
253 7207
254 9999
255 9679
256 9999
257 9999
258 9999
26 9999
260 284
261 9999
262 2
263 9999
264 9999
265 9999
266 9999
267 9999
268 1042
269 9999
270 9992
271 9999
272 9999
273 9999
274 10
275 9999
276 9997
277 9999
278 6183
279 9999
28 65
280 9999
281 9999
282 5317
283 9999
284 9129
285 9999
286 9999
287 9999
289 9999
29 9993
290 9999
291 672
292 9999
293 9999
294 9999
295 9717
296 9999
297 9999
298 9999
299 9999
3 277
300 9999
301 368
302 9999
303 9
304 9999
305 9999
306 9999
307 9999
308 9999
309 9999
31 0
310 9999
311 8143
312 9999
313 9999
314 9999
315 9999
316 9999
317 9999
318 9999
319 9999
32 9999
320 9999
321 295
322 9999
323 8658
324 9999
326 9999
327 9972
328 8371
329 9999
33 9992
331 9999
332 9999
333 5163
334 9999
336 9999
337 9999
339 9999
34 9999
340 9997
341 4
342 9999
343 8062
344 9999
348 9999
349 9999
35 7547
350 810
351 9999
352 9998
353 9999
354 218
355 9999
356 967
357 9999
359 9999
36 9999
360 9999
362 9624
363 9999
364 9999
365 9999
368 9999
369 9999
37 215
370 9999
371 9999
372 8745
373 9999
374 9999
375 9999
376 9999
377 9999
378 9999
379 9999
38 9999
381 9978
382 9999
383 1049
384 9999
385 8514
386 9999
387 9999
388 9999
389 9940
39 1377
390 9999
391 9999
392 9999
393 6051
394 9999
395 9999
396 9999
397 9915
398 9999
399 9648
4 9999
40 9999
400 9999
401 9749
402 9999
403 9999
404 9999
405 26
406 9999
407 9999
408 9999
409 4751
410 9999
411 9999
412 9999
413 9999
414 9999
415 9999
416 9999
418 9999
419 9999
42 9999
420 9993
421 9999
422 9571
423 9999
424 0
425 9999
426 9999
427 9999
429 328
43 9999
430 9999
432 9999
433 9999
434 9999
435 9999
436 9999
437 9999
438 38
439 9999
440 9999
441 9999
442 43
443 9999
444 9991
445 9999
446 2
447 9999
448 9999
449 9999
45 9999
450 9999
451 9999
452 5621
453 9999
454 8420
455 9999
456 6803
457 9999
458 9940
459 9999
46 9999
461 9999
462 9999
463 786
464 9999
465 8955
466 9999
467 9757
468 9999
47 9999
470 12
471 9999
472 9999
473 9999
474 9999
475 9999
476 9999
477 9999
478 9999
479 9999
48 9999
481 9977
482 9999
483 254
484 9999
485 9999
486 9999
487 594
488 9999
489 8337
49 9999
490 9999
493 0
494 9999
495 9169
496 9999
497 9999
498 9999
499 838
50 9999
500 9999
501 9999
502 9999
503 9999
504 9999
505 9529
506 9999
507 784
508 9999
509 9999
51 858
510 9999
511 9999
512 9999
513 9998
514 9999
516 9999
517 9999
519 3
52 9999
520 9999
521 9112
522 9999
523 5007
524 9999
525 4642
526 9999
527 9999
528 9999
529 253
53 9960
530 9999
531 5920
532 9999
533 9999
534 9999
536 9999
537 9999
539 10
54 9999
540 9999
541 6635
542 9999
543 29
544 9996
545 5032
546 9999
547 9999
548 9999
549 8802
550 9999
551 9913
552 9999
553 9925
554 9999
555 48
556 9994
557 9982
558 9999
56 52
560 8730
561 9999
562 9921
563 9999
564 9433
565 9999
567 9999
568 9993
569 9999
57 9999
570 9999
571 9999
572 9999
573 0
574 9999
575 9999
576 9999
577 9892
578 9999
579 9999
580 9999
581 10
582 9999
583 9978
584 9999
585 9999
586 9999
587 9999
588 9999
590 9960
591 9999
592 608
593 9999
594 9693
595 9999
596 2213
597 9999
598 9999
599 9999
60 9999
600 0
601 9999
602 721
603 9999
604 8825
605 9999
606 9999
607 9999
608 9999
609 9999
61 9999
610 9999
611 9999
612 9999
613 9999
615 9999
616 9999
617 9999
618 9999
619 6255
62 6309
620 9999
621 8431
622 9999
625 9999
626 9999
627 2
628 9999
629 1012
63 9999
630 9999
632 457
633 9999
634 9555
635 9999
636 9999
637 9999
638 238
639 9999
64 9999
641 6052
642 9999
643 5712
644 9999
645 9898
646 9999
647 9999
648 9999
65 9999
653 13
654 9999
655 9999
656 9999
657 9
658 9995
659 9922
66 48
660 9999
661 9983
662 9999
663 2016
664 9999
665 119
666 9999
667 8854
668 9999
669 9999
67 9999
670 9999
671 6096
672 9999
674 19
675 9998
676 9999
677 9999
678 769
679 9999
68 0
680 9999
681 9999
683 9999
684 9999
685 9999
686 9999
688 0
689 9999
69 9999
690 9999
691 9999
692 9999
693 9999
694 10
695 9999
70 3574
71 9999
72 328
73 9999
74 9999
75 9999
76 9999
77 9999
78 5776
79 9999
8 65
80 9998
81 9999
82 9999
83 9999
84 9999
85 9999
87 0
88 9977
89 9999
9 9999
90 9999
91 37
92 9999
93 9999
94 9999
95 9999
96 9999
97 5942
98 9999
