101 7
102 9999
103 0
104 9997
108 7
109 9999
136 9996
137 9999
138 0
139 9999
141 9999
142 9996
147 9999
148 9999
156 1180
157 9999
16 6491
168 0
169 9999
17 9996
172 1185
173 9999
175 9999
176 9617
182 1172
183 9999
187 58
188 9999
191 972
192 0
206 607
207 9999
211 0
212 9576
22 5
228 6
229 9999
23 9999
231 0
232 9972
234 9584
235 9187
244 0
245 9435
253 0
254 9999
266 969
267 9999
284 9974
285 9997
290 6
291 9999
292 0
293 9999
310 9995
311 9999
312 9999
313 9999
315 6491
316 31
323 0
324 9999
334 9
335 9999
350 9974
351 9999
354 9999
355 9999
361 0
362 9999
363 110
364 9999
381 9995
382 9999
387 9999
388 9953
39 0
390 49
391 9999
397 0
398 9999
40 9995
409 1308
410 9999
413 0
414 9999
423 0
424 9999
44 9999
443 0
444 9999
45 7
459 9586
46 0
460 9999
47 9967
476 0
477 9999
485 9999
486 9996
487 41
488 9999
492 0
493 0
50 0
51 9999
527 0
528 9999
531 6588
532 95
534 7200
535 1341
542 972
543 9
545 9440
546 9937
55 9997
56 9999
576 847
577 9999
628 0
629 0
638 0
639 9997
647 6
648 9999
658 9966
659 9998
660 8817
661 9999
671 1112
672 9999
673 4
674 9999
679 7
680 9997
681 407
682 9999
696 6414
697 0
698 43
699 9996
76 9674
77 9999
86 7
87 9999
89 9999
90 33
94 5
95 9999
101 7
102 9999
103 0
104 9997
108 7
109 9999
136 9996
137 9999
138 0
139 9999
141 9999
142 9996
147 9999
148 9999
156 1180
157 9999
16 6491
168 0
169 9999
17 9996
172 1185
173 9999
175 9999
176 9617
182 1172
183 9999
187 58
188 9999
191 972
192 0
206 607
207 9999
211 0
212 9576
22 5
228 6
229 9999
23 9999
231 0
232 9972
234 9584
235 9187
244 0
245 9435
253 0
254 9999
266 969
267 9999
284 9974
285 9997
290 6
291 9999
292 0
293 9999
310 9995
311 9999
312 9999
313 9999
315 6491
316 31
323 0
324 9999
334 9
335 9999
350 9974
351 9999
354 9999
355 9999
361 0
362 9999
363 110
364 9999
381 9995
382 9999
387 9999
388 9953
39 0
390 49
391 9999
397 0
398 9999
40 9995
409 1308
410 9999
413 0
414 9999
423 0
424 9999
44 9999
443 0
444 9999
45 7
459 9586
46 0
460 9999
47 9967
476 0
477 9999
485 9999
486 9996
487 41
488 9999
492 0
493 0
50 0
51 9999
527 0
528 9999
531 6588
532 95
534 7200
535 1341
542 972
543 9
545 9440
546 9937
55 9997
56 9999
576 847
577 9999
628 0
629 0
638 0
639 9997
647 6
648 9999
658 9966
659 9998
660 8817
661 9999
671 1112
672 9999
673 4
674 9999
679 7
680 9997
681 407
682 9999
696 6414
697 0
698 43
699 9996
76 9674
77 9999
86 7
87 9999
89 9999
90 33
94 5
95 9999
0 0
1 0
10 0
100 0
101 0
102 0
103 0
104 0
105 0
106 0
107 0
108 0
109 0
11 0
110 0
111 0
112 0
113 0
114 0
115 0
116 0
117 0
118 0
119 0
12 0
120 0
121 0
122 0
123 0
124 0
125 0
126 0
127 0
128 0
129 0
13 0
130 0
131 0
132 0
133 0
134 0
135 0
136 0
137 0
138 0
139 0
14 0
140 0
141 0
142 0
143 0
144 0
145 0
146 0
147 0
148 0
149 0
15 0
150 0
151 0
152 0
153 0
154 0
155 0
156 0
157 0
158 0
159 0
16 0
160 0
161 0
162 0
163 0
164 0
165 0
166 0
167 0
168 0
169 0
17 0
170 0
171 0
172 0
173 0
174 0
175 0
176 0
177 0
178 0
179 0
18 0
180 0
181 0
182 0
183 0
184 0
185 0
186 0
187 0
188 0
189 0
19 0
190 0
191 0
192 0
193 0
194 0
195 0
196 0
197 0
198 0
199 0
2 0
20 0
200 0
201 0
202 0
203 0
204 0
205 0
206 0
207 0
208 0
209 0
21 0
210 0
211 0
212 0
213 0
214 0
215 0
216 0
217 0
218 0
219 0
22 0
220 0
221 0
222 0
223 0
224 0
225 0
226 0
227 0
228 0
229 0
23 0
230 0
231 0
232 0
233 0
234 0
235 0
236 0
237 0
238 0
239 0
24 0
240 0
241 0
242 0
243 0
244 0
245 0
246 0
247 0
248 0
249 0
25 0
250 0
251 0
252 0
253 0
254 0
255 0
256 0
257 0
258 0
259 0
26 0
260 0
261 0
262 0
263 0
264 0
265 0
266 0
267 0
268 0
269 0
27 0
270 0
271 0
272 0
273 0
274 0
275 0
276 0
277 0
278 0
279 0
28 0
280 0
281 0
282 0
283 0
284 0
285 0
286 0
287 0
288 0
289 0
29 0
290 0
291 0
292 0
293 0
294 0
295 0
296 0
297 0
298 0
299 0
3 0
30 0
300 0
301 0
302 0
303 0
304 0
305 0
306 0
307 0
308 0
309 0
31 0
310 0
311 0
312 0
313 0
314 0
315 0
316 0
317 0
318 0
319 0
32 0
320 0
321 0
322 0
323 0
324 0
325 0
326 0
327 0
328 0
329 0
33 0
330 0
331 0
332 0
333 0
334 0
335 0
336 0
337 0
338 0
339 0
34 0
340 0
341 0
342 0
343 0
344 0
345 0
346 0
347 0
348 0
349 0
35 0
350 0
351 0
352 0
353 0
354 0
355 0
356 0
357 0
358 0
359 0
36 0
360 0
361 0
362 0
363 0
364 0
365 0
366 0
367 0
368 0
369 0
37 0
370 0
371 0
372 0
373 0
374 0
375 0
376 0
377 0
378 0
379 0
38 0
380 0
381 0
382 0
383 0
384 0
385 0
386 0
387 0
388 0
389 0
39 0
390 0
391 0
392 0
393 0
394 0
395 0
396 0
397 0
398 0
399 0
4 0
40 0
400 0
401 0
402 0
403 0
404 0
405 0
406 0
407 0
408 0
409 0
41 0
410 0
411 0
412 0
413 0
414 0
415 0
416 0
417 0
418 0
419 0
42 0
420 0
421 0
422 0
423 0
424 0
425 0
426 0
427 0
428 0
429 0
43 0
430 0
431 0
432 0
433 0
434 0
435 0
436 0
437 0
438 0
439 0
44 0
440 0
441 0
442 0
443 0
444 0
445 0
446 0
447 0
448 0
449 0
45 0
450 0
451 0
452 0
453 0
454 0
455 0
456 0
457 0
458 0
459 0
46 0
460 0
461 0
462 0
463 0
464 0
465 0
466 0
467 0
468 0
469 0
47 0
470 0
471 0
472 0
473 0
474 0
475 0
476 0
477 0
478 0
479 0
48 0
480 0
481 0
482 0
483 0
484 0
485 0
486 0
487 0
488 0
489 0
49 0
490 0
491 0
492 0
493 0
494 0
495 0
496 0
497 0
498 0
499 0
5 0
50 0
500 0
501 0
502 0
503 0
504 0
505 0
506 0
507 0
508 0
509 0
51 0
510 0
511 0
512 0
513 0
514 0
515 0
516 0
517 0
518 0
519 0
52 0
520 0
521 0
522 0
523 0
524 0
525 0
526 0
527 0
528 0
529 0
53 0
530 0
531 0
532 0
533 0
534 0
535 0
536 0
537 0
538 0
539 0
54 0
540 0
541 0
542 0
543 0
544 0
545 0
546 0
547 0
548 0
549 0
55 0
550 0
551 0
552 0
553 0
554 0
555 0
556 0
557 0
558 0
559 0
56 0
560 0
561 0
562 0
563 0
564 0
565 0
566 0
567 0
57 0
58 0
59 0
6 0
60 0
61 0
62 0
63 0
64 0
65 0
66 0
67 0
68 0
69 0
7 0
70 0
71 0
72 0
73 0
74 0
75 0
76 0
77 0
78 0
79 0
8 0
80 0
81 0
82 0
83 0
84 0
85 0
86 0
87 0
88 0
89 0
9 0
90 0
91 0
92 0
93 0
94 0
95 0
96 0
97 0
98 0
99 0
0 0
1 0
10 0
100 0
101 0
102 0
103 0
104 0
105 0
106 0
107 0
108 0
109 0
11 0
110 0
111 0
112 0
113 0
114 0
115 0
116 0
117 0
118 0
119 0
12 0
120 0
121 0
122 0
123 0
124 0
125 0
126 0
127 0
128 0
129 0
13 0
130 0
131 0
132 0
133 0
134 0
135 0
136 0
137 0
138 0
139 0
14 0
140 0
141 0
142 0
143 0
144 0
145 0
146 0
147 0
148 0
149 0
15 0
150 0
151 0
152 0
153 0
154 0
155 0
156 0
157 0
158 0
159 0
16 0
160 0
161 0
162 0
163 0
164 0
165 0
166 0
167 0
168 0
169 0
17 0
170 0
171 0
172 0
173 0
174 0
175 0
176 0
177 0
178 0
179 0
18 0
180 0
181 0
182 0
183 0
184 0
185 0
186 0
187 0
188 0
189 0
19 0
190 0
191 0
192 0
193 0
194 0
195 0
196 0
197 0
198 0
199 0
2 0
20 0
200 0
201 0
202 0
203 0
204 0
205 0
206 0
207 0
208 0
209 0
21 0
210 0
211 0
212 0
213 0
214 0
215 0
216 0
217 0
218 0
219 0
22 0
220 0
221 0
222 0
223 0
224 0
225 0
226 0
227 0
228 0
229 0
23 0
230 0
231 0
232 0
233 0
234 0
235 0
236 0
237 0
238 0
239 0
24 0
240 0
241 0
242 0
243 0
244 0
245 0
246 0
247 0
248 0
249 0
25 0
250 0
251 0
252 0
253 0
254 0
255 0
256 0
257 0
258 0
259 0
26 0
260 0
261 0
262 0
263 0
264 0
265 0
266 0
267 0
268 0
269 0
27 0
270 0
271 0
272 0
273 0
274 0
275 0
276 0
277 0
278 0
279 0
28 0
280 0
281 0
282 0
283 0
284 0
285 0
286 0
287 0
288 0
289 0
29 0
290 0
291 0
292 0
293 0
294 0
295 0
296 0
297 0
298 0
299 0
3 0
30 0
300 0
301 0
302 0
303 0
304 0
305 0
306 0
307 0
308 0
309 0
31 0
310 0
311 0
312 0
313 0
314 0
315 0
316 0
317 0
318 0
319 0
32 0
320 0
321 0
322 0
323 0
324 0
325 0
326 0
327 0
328 0
329 0
33 0
330 0
331 0
332 0
333 0
334 0
335 0
336 0
337 0
338 0
339 0
34 0
340 0
341 0
342 0
343 0
344 0
345 0
346 0
347 0
348 0
349 0
35 0
350 0
351 0
352 0
353 0
354 0
355 0
356 0
357 0
358 0
359 0
36 0
360 0
361 0
362 0
363 0
364 0
365 0
366 0
367 0
368 0
369 0
37 0
370 0
371 0
372 0
373 0
374 0
375 0
376 0
377 0
378 0
379 0
38 0
380 0
381 0
382 0
383 0
384 0
385 0
386 0
387 0
388 0
389 0
39 0
390 0
391 0
392 0
393 0
394 0
395 0
396 0
397 0
398 0
399 0
4 0
40 0
400 0
401 0
402 0
403 0
404 0
405 0
406 0
407 0
408 0
409 0
41 0
410 0
411 0
412 0
413 0
414 0
415 0
416 0
417 0
418 0
419 0
42 0
420 0
421 0
422 0
423 0
424 0
425 0
426 0
427 0
428 0
429 0
43 0
430 0
431 0
432 0
433 0
434 0
435 0
436 0
437 0
438 0
439 0
44 0
440 0
441 0
442 0
443 0
444 0
445 0
446 0
447 0
448 0
449 0
45 0
450 0
451 0
452 0
453 0
454 0
455 0
456 0
457 0
458 0
459 0
46 0
460 0
461 0
462 0
463 0
464 0
465 0
466 0
467 0
468 0
469 0
47 0
470 0
471 0
472 0
473 0
474 0
475 0
476 0
477 0
478 0
479 0
48 0
480 0
481 0
482 0
483 0
484 0
485 0
486 0
487 0
488 0
489 0
49 0
490 0
491 0
492 0
493 0
494 0
495 0
496 0
497 0
498 0
499 0
5 0
50 0
500 0
501 0
502 0
503 0
504 0
505 0
506 0
507 0
508 0
509 0
51 0
510 0
511 0
512 0
513 0
514 0
515 0
516 0
517 0
518 0
519 0
52 0
520 0
521 0
522 0
523 0
524 0
525 0
526 0
527 0
528 0
529 0
53 0
530 0
531 0
532 0
533 0
534 0
535 0
536 0
537 0
538 0
539 0
54 0
540 0
541 0
542 0
543 0
544 0
545 0
546 0
547 0
548 0
549 0
55 0
550 0
551 0
552 0
553 0
554 0
555 0
556 0
557 0
558 0
559 0
56 0
560 0
561 0
562 0
563 0
564 0
565 0
566 0
567 0
57 0
58 0
59 0
6 0
60 0
61 0
62 0
63 0
64 0
65 0
66 0
67 0
68 0
69 0
7 0
70 0
71 0
72 0
73 0
74 0
75 0
76 0
77 0
78 0
79 0
8 0
80 0
81 0
82 0
83 0
84 0
85 0
86 0
87 0
88 0
89 0
9 0
90 0
91 0
92 0
93 0
94 0
95 0
96 0
97 0
98 0
99 0
0 0
1 0
10 0
100 0
101 0
102 0
103 0
104 0
105 0
106 0
107 0
108 0
109 0
11 0
110 0
111 0
112 0
113 0
114 0
115 0
116 0
117 0
118 0
119 0
12 0
120 0
121 0
122 0
123 0
124 0
125 0
126 0
127 0
128 0
129 0
13 0
130 0
131 0
132 0
133 0
134 0
135 0
136 0
137 0
138 0
139 0
14 0
140 0
141 0
142 0
143 0
144 0
145 0
146 0
147 0
148 0
149 0
15 0
150 0
151 0
152 0
153 0
154 0
155 0
156 0
157 0
158 0
159 0
16 0
160 0
161 0
162 0
163 0
164 0
165 0
166 0
167 0
168 0
169 0
17 0
170 0
171 0
172 0
173 0
174 0
175 0
176 0
177 0
178 0
179 0
18 0
180 0
181 0
182 0
183 0
184 0
185 0
186 0
187 0
188 0
189 0
19 0
190 0
191 0
192 0
193 0
194 0
195 0
196 0
197 0
198 0
199 0
2 0
20 0
200 0
201 0
202 0
203 0
204 0
205 0
206 0
207 0
208 0
209 0
21 0
210 0
211 0
212 0
213 0
214 0
215 0
216 0
217 0
218 0
219 0
22 0
220 0
221 0
222 0
223 0
224 0
225 0
226 0
227 0
228 0
229 0
23 0
230 0
231 0
232 0
233 0
234 0
235 0
236 0
237 0
238 0
239 0
24 0
240 0
241 0
242 0
243 0
244 0
245 0
246 0
247 0
248 0
249 0
25 0
250 0
251 0
252 0
253 0
254 0
255 0
256 0
257 0
258 0
259 0
26 0
260 0
261 0
262 0
263 0
264 0
265 0
266 0
267 0
268 0
269 0
27 0
270 0
271 0
272 0
273 0
274 0
275 0
276 0
277 0
278 0
279 0
28 0
280 0
281 0
282 0
283 0
284 0
285 0
286 0
287 0
288 0
289 0
29 0
290 0
291 0
292 0
293 0
294 0
295 0
296 0
297 0
298 0
299 0
3 0
30 0
300 0
301 0
302 0
303 0
304 0
305 0
306 0
307 0
308 0
309 0
31 0
310 0
311 0
312 0
313 0
314 0
315 0
316 0
317 0
318 0
319 0
32 0
320 0
321 0
322 0
323 0
324 0
325 0
326 0
327 0
328 0
329 0
33 0
330 0
331 0
332 0
333 0
334 0
335 0
336 0
337 0
338 0
339 0
34 0
340 0
341 0
342 0
343 0
344 0
345 0
346 0
347 0
348 0
349 0
35 0
350 0
351 0
352 0
353 0
354 0
355 0
356 0
357 0
358 0
359 0
36 0
360 0
361 0
362 0
363 0
364 0
365 0
366 0
367 0
368 0
369 0
37 0
370 0
371 0
372 0
373 0
374 0
375 0
376 0
377 0
378 0
379 0
38 0
380 0
381 0
382 0
383 0
384 0
385 0
386 0
387 0
388 0
389 0
39 0
390 0
391 0
392 0
393 0
394 0
395 0
396 0
397 0
398 0
399 0
4 0
40 0
400 0
401 0
402 0
403 0
404 0
405 0
406 0
407 0
408 0
409 0
41 0
410 0
411 0
412 0
413 0
414 0
415 0
416 0
417 0
418 0
419 0
42 0
420 0
421 0
422 0
423 0
424 0
425 0
426 0
427 0
428 0
429 0
43 0
430 0
431 0
432 0
433 0
434 0
435 0
436 0
437 0
438 0
439 0
44 0
440 0
441 0
442 0
443 0
444 0
445 0
446 0
447 0
448 0
449 0
45 0
450 0
451 0
452 0
453 0
454 0
455 0
456 0
457 0
458 0
459 0
46 0
460 0
461 0
462 0
463 0
464 0
465 0
466 0
467 0
468 0
469 0
47 0
470 0
471 0
472 0
473 0
474 0
475 0
476 0
477 0
478 0
479 0
48 0
480 0
481 0
482 0
483 0
484 0
485 0
486 0
487 0
488 0
489 0
49 0
490 0
491 0
492 0
493 0
494 0
495 0
496 0
497 0
498 0
499 0
5 0
50 0
500 0
501 0
502 0
503 0
504 0
505 0
506 0
507 0
508 0
509 0
51 0
510 0
511 0
512 0
513 0
514 0
515 0
516 0
517 0
518 0
519 0
52 0
520 0
521 0
522 0
523 0
524 0
525 0
526 0
527 0
528 0
529 0
53 0
530 0
531 0
532 0
533 0
534 0
535 0
536 0
537 0
538 0
539 0
54 0
540 0
541 0
542 0
543 0
544 0
545 0
546 0
547 0
548 0
549 0
55 0
550 0
551 0
552 0
553 0
554 0
555 0
556 0
557 0
558 0
559 0
56 0
560 0
561 0
562 0
563 0
564 0
565 0
566 0
567 0
57 0
58 0
59 0
6 0
60 0
61 0
62 0
63 0
64 0
65 0
66 0
67 0
68 0
69 0
7 0
70 0
71 0
72 0
73 0
74 0
75 0
76 0
77 0
78 0
79 0
8 0
80 0
81 0
82 0
83 0
84 0
85 0
86 0
87 0
88 0
89 0
9 0
90 0
91 0
92 0
93 0
94 0
95 0
96 0
97 0
98 0
99 0
0 0
1 0
10 0
100 0
101 0
102 0
103 0
104 0
105 0
106 0
107 0
108 0
109 0
11 0
110 0
111 0
112 0
113 0
114 0
115 0
116 0
117 0
118 0
119 0
12 0
120 0
121 0
122 0
123 0
124 0
125 0
126 0
127 0
128 0
129 0
13 0
130 0
131 0
132 0
133 0
134 0
135 0
136 0
137 0
138 0
139 0
14 0
140 0
141 0
142 0
143 0
144 0
145 0
146 0
147 0
148 0
149 0
15 0
150 0
151 0
152 0
153 0
154 0
155 0
156 0
157 0
158 0
159 0
16 0
160 0
161 0
162 0
163 0
164 0
165 0
166 0
167 0
168 0
169 0
17 0
170 0
171 0
172 0
173 0
174 0
175 0
176 0
177 0
178 0
179 0
18 0
180 0
181 0
182 0
183 0
184 0
185 0
186 0
187 0
188 0
189 0
19 0
190 0
191 0
192 0
193 0
194 0
195 0
196 0
197 0
198 0
199 0
2 0
20 0
200 0
201 0
202 0
203 0
204 0
205 0
206 0
207 0
208 0
209 0
21 0
210 0
211 0
212 0
213 0
214 0
215 0
216 0
217 0
218 0
219 0
22 0
220 0
221 0
222 0
223 0
224 0
225 0
226 0
227 0
228 0
229 0
23 0
230 0
231 0
232 0
233 0
234 0
235 0
236 0
237 0
238 0
239 0
24 0
240 0
241 0
242 0
243 0
244 0
245 0
246 0
247 0
248 0
249 0
25 0
250 0
251 0
252 0
253 0
254 0
255 0
256 0
257 0
258 0
259 0
26 0
260 0
261 0
262 0
263 0
264 0
265 0
266 0
267 0
268 0
269 0
27 0
270 0
271 0
272 0
273 0
274 0
275 0
276 0
277 0
278 0
279 0
28 0
280 0
281 0
282 0
283 0
284 0
285 0
286 0
287 0
288 0
289 0
29 0
290 0
291 0
292 0
293 0
294 0
295 0
296 0
297 0
298 0
299 0
3 0
30 0
300 0
301 0
302 0
303 0
304 0
305 0
306 0
307 0
308 0
309 0
31 0
310 0
311 0
312 0
313 0
314 0
315 0
316 0
317 0
318 0
319 0
32 0
320 0
321 0
322 0
323 0
324 0
325 0
326 0
327 0
328 0
329 0
33 0
330 0
331 0
332 0
333 0
334 0
335 0
336 0
337 0
338 0
339 0
34 0
340 0
341 0
342 0
343 0
344 0
345 0
346 0
347 0
348 0
349 0
35 0
350 0
351 0
352 0
353 0
354 0
355 0
356 0
357 0
358 0
359 0
36 0
360 0
361 0
362 0
363 0
364 0
365 0
366 0
367 0
368 0
369 0
37 0
370 0
371 0
372 0
373 0
374 0
375 0
376 0
377 0
378 0
379 0
38 0
380 0
381 0
382 0
383 0
384 0
385 0
386 0
387 0
388 0
389 0
39 0
390 0
391 0
392 0
393 0
394 0
395 0
396 0
397 0
398 0
399 0
4 0
40 0
400 0
401 0
402 0
403 0
404 0
405 0
406 0
407 0
408 0
409 0
41 0
410 0
411 0
412 0
413 0
414 0
415 0
416 0
417 0
418 0
419 0
42 0
420 0
421 0
422 0
423 0
424 0
425 0
426 0
427 0
428 0
429 0
43 0
430 0
431 0
432 0
433 0
434 0
435 0
436 0
437 0
438 0
439 0
44 0
440 0
441 0
442 0
443 0
444 0
445 0
446 0
447 0
448 0
449 0
45 0
450 0
451 0
452 0
453 0
454 0
455 0
456 0
457 0
458 0
459 0
46 0
460 0
461 0
462 0
463 0
464 0
465 0
466 0
467 0
468 0
469 0
47 0
470 0
471 0
472 0
473 0
474 0
475 0
476 0
477 0
478 0
479 0
48 0
480 0
481 0
482 0
483 0
484 0
485 0
486 0
487 0
488 0
489 0
49 0
490 0
491 0
492 0
493 0
494 0
495 0
496 0
497 0
498 0
499 0
5 0
50 0
500 0
501 0
502 0
503 0
504 0
505 0
506 0
507 0
508 0
509 0
51 0
510 0
511 0
512 0
513 0
514 0
515 0
516 0
517 0
518 0
519 0
52 0
520 0
521 0
522 0
523 0
524 0
525 0
526 0
527 0
528 0
529 0
53 0
530 0
531 0
532 0
533 0
534 0
535 0
536 0
537 0
538 0
539 0
54 0
540 0
541 0
542 0
543 0
544 0
545 0
546 0
547 0
548 0
549 0
55 0
550 0
551 0
552 0
553 0
554 0
555 0
556 0
557 0
558 0
559 0
56 0
560 0
561 0
562 0
563 0
564 0
565 0
566 0
567 0
568 0
569 0
57 0
570 0
571 0
572 0
573 0
574 0
575 0
576 0
577 0
578 0
579 0
58 0
580 0
581 0
582 0
583 0
59 0
6 0
60 0
61 0
62 0
63 0
64 0
65 0
66 0
67 0
68 0
69 0
7 0
70 0
71 0
72 0
73 0
74 0
75 0
76 0
77 0
78 0
79 0
8 0
80 0
81 0
82 0
83 0
84 0
85 0
86 0
87 0
88 0
89 0
9 0
90 0
91 0
92 0
93 0
94 0
95 0
96 0
97 0
98 0
99 0
0 0
1 0
10 0
100 0
101 0
102 0
103 0
104 0
105 0
106 0
107 0
108 0
109 0
11 0
110 0
111 0
112 0
113 0
114 0
115 0
116 0
117 0
118 0
119 0
12 0
120 0
121 0
122 0
123 0
124 0
125 0
126 0
127 0
128 0
129 0
13 0
130 0
131 0
132 0
133 0
134 0
135 0
136 0
137 0
138 0
139 0
14 0
140 0
141 0
142 0
143 0
144 0
145 0
146 0
147 0
148 0
149 0
15 0
150 0
151 0
152 0
153 0
154 0
155 0
156 0
157 0
158 0
159 0
16 0
160 0
161 0
162 0
163 0
164 0
165 0
166 0
167 0
168 0
169 0
17 0
170 0
171 0
172 0
173 0
174 0
175 0
176 0
177 0
178 0
179 0
18 0
180 0
181 0
182 0
183 0
184 0
185 0
186 0
187 0
188 0
189 0
19 0
190 0
191 0
192 0
193 0
194 0
195 0
196 0
197 0
198 0
199 0
2 0
20 0
200 0
201 0
202 0
203 0
204 0
205 0
206 0
207 0
208 0
209 0
21 0
210 0
211 0
212 0
213 0
214 0
215 0
216 0
217 0
218 0
219 0
22 0
220 0
221 0
222 0
223 0
224 0
225 0
226 0
227 0
228 0
229 0
23 0
230 0
231 0
232 0
233 0
234 0
235 0
236 0
237 0
238 0
239 0
24 0
240 0
241 0
242 0
243 0
244 0
245 0
246 0
247 0
248 0
249 0
25 0
250 0
251 0
252 0
253 0
254 0
255 0
256 0
257 0
258 0
259 0
26 0
260 0
261 0
262 0
263 0
264 0
265 0
266 0
267 0
268 0
269 0
27 0
270 0
271 0
272 0
273 0
274 0
275 0
276 0
277 0
278 0
279 0
28 0
280 0
281 0
282 0
283 0
284 0
285 0
286 0
287 0
288 0
289 0
29 0
290 0
291 0
292 0
293 0
294 0
295 0
296 0
297 0
298 0
299 0
3 0
30 0
300 0
301 0
302 0
303 0
304 0
305 0
306 0
307 0
308 0
309 0
31 0
310 0
311 0
312 0
313 0
314 0
315 0
316 0
317 0
318 0
319 0
32 0
320 0
321 0
322 0
323 0
324 0
325 0
326 0
327 0
328 0
329 0
33 0
330 0
331 0
332 0
333 0
334 0
335 0
336 0
337 0
338 0
339 0
34 0
340 0
341 0
342 0
343 0
344 0
345 0
346 0
347 0
348 0
349 0
35 0
350 0
351 0
352 0
353 0
354 0
355 0
356 0
357 0
358 0
359 0
36 0
360 0
361 0
362 0
363 0
364 0
365 0
366 0
367 0
368 0
369 0
37 0
370 0
371 0
372 0
373 0
374 0
375 0
376 0
377 0
378 0
379 0
38 0
380 0
381 0
382 0
383 0
384 0
385 0
386 0
387 0
388 0
389 0
39 0
390 0
391 0
392 0
393 0
394 0
395 0
396 0
397 0
398 0
399 0
4 0
40 0
400 0
401 0
402 0
403 0
404 0
405 0
406 0
407 0
408 0
409 0
41 0
410 0
411 0
412 0
413 0
414 0
415 0
416 0
417 0
418 0
419 0
42 0
420 0
421 0
422 0
423 0
424 0
425 0
426 0
427 0
428 0
429 0
43 0
430 0
431 0
432 0
433 0
434 0
435 0
436 0
437 0
438 0
439 0
44 0
440 0
441 0
442 0
443 0
444 0
445 0
446 0
447 0
448 0
449 0
45 0
450 0
451 0
452 0
453 0
454 0
455 0
456 0
457 0
458 0
459 0
46 0
460 0
461 0
462 0
463 0
464 0
465 0
466 0
467 0
468 0
469 0
47 0
470 0
471 0
472 0
473 0
474 0
475 0
476 0
477 0
478 0
479 0
48 0
480 0
481 0
482 0
483 0
484 0
485 0
486 0
487 0
488 0
489 0
49 0
490 0
491 0
492 0
493 0
494 0
495 0
496 0
497 0
498 0
499 0
5 0
50 0
500 0
501 0
502 0
503 0
504 0
505 0
506 0
507 0
508 0
509 0
51 0
510 0
511 0
512 0
513 0
514 0
515 0
516 0
517 0
518 0
519 0
52 0
520 0
521 0
522 0
523 0
524 0
525 0
526 0
527 0
528 0
529 0
53 0
530 0
531 0
532 0
533 0
534 0
535 0
536 0
537 0
538 0
539 0
54 0
540 0
541 0
542 0
543 0
544 0
545 0
546 0
547 0
548 0
549 0
55 0
550 0
551 0
552 0
553 0
554 0
555 0
556 0
557 0
558 0
559 0
56 0
560 0
561 0
562 0
563 0
564 0
565 0
566 0
567 0
568 0
569 0
57 0
570 0
571 0
572 0
573 0
574 0
575 0
576 0
577 0
578 0
579 0
58 0
580 0
581 0
59 0
6 0
60 0
61 0
62 0
63 0
64 0
65 0
66 0
67 0
68 0
69 0
7 0
70 0
71 0
72 0
73 0
74 0
75 0
76 0
77 0
78 0
79 0
8 0
80 0
81 0
82 0
83 0
84 0
85 0
86 0
87 0
88 0
89 0
9 0
90 0
91 0
92 0
93 0
94 0
95 0
96 0
97 0
98 0
99 0
103 0
104 0
106 0
107 0
118 0
119 0
121 0
122 0
131 0
132 0
133 0
134 0
144 0
145 0
149 0
150 0
151 0
152 0
160 0
161 0
172 0
173 0
176 0
177 0
18 0
183 0
184 0
186 0
187 0
19 0
200 0
201 0
205 0
206 0
213 0
214 0
216 0
217 0
224 0
225 0
229 0
230 0
248 0
249 0
251 0
252 0
264 0
265 0
271 0
272 0
282 0
283 0
287 0
288 0
296 0
297 0
3 0
301 0
302 0
315 0
316 0
333 0
334 0
343 0
344 0
346 0
347 0
348 0
349 0
35 0
351 0
352 0
357 0
358 0
359 0
36 0
360 0
391 0
392 0
4 0
40 0
41 0
410 0
411 0
415 0
416 0
432 0
433 0
446 0
447 0
449 0
45 0
450 0
456 0
457 0
46 0
467 0
468 0
473 0
474 0
48 0
484 0
485 0
49 0
497 0
498 0
504 0
505 0
511 0
512 0
516 0
517 0
523 0
524 0
526 0
527 0
53 0
530 0
531 0
535 0
536 0
54 0
540 0
541 0
551 0
552 0
556 0
557 0
566 0
567 0
573 0
574 0
576 0
577 0
580 0
581 0
588 0
589 0
606 0
607 0
637 0
638 0
639 0
640 0
641 0
642 0
644 0
645 0
652 0
653 0
694 0
695 0
698 0
699 0
702 0
703 0
709 0
710 0
715 0
716 0
717 0
718 0
720 0
721 0
722 0
723 0
725 0
726 0
73 0
731 0
732 0
74 0
76 0
77 0
82 0
83 0
84 0
85 0
87 0
88 0
96 0
97 0
103 0
104 19
106 7
107 469
118 469
119 458
121 468
122 463
131 290
132 463
133 3
134 467
144 467
145 464
149 2
150 467
151 412
152 467
160 61
161 466
172 466
173 466
176 466
177 466
18 416
183 1
184 89
186 57
187 466
19 488
200 137
201 459
205 0
206 466
213 1
214 465
216 439
217 465
224 464
225 424
229 464
230 414
248 4
249 464
251 461
252 14
264 0
265 1
271 463
272 413
282 456
283 462
287 0
288 461
296 129
297 460
3 10
301 16
302 460
315 460
316 460
333 60
334 460
343 455
344 37
346 5
347 457
348 1
349 457
35 481
351 1
352 457
357 0
358 35
359 28
36 167
360 456
391 0
392 4
4 494
40 481
41 481
410 200
411 446
415 450
416 6
432 110
433 45
446 7
447 447
449 446
45 479
450 355
456 427
457 446
46 466
467 1
468 446
473 0
474 50
48 479
484 0
485 446
49 443
497 40
498 446
504 316
505 445
511 444
512 207
516 394
517 368
523 423
524 14
526 442
527 27
53 0
530 421
531 413
535 0
536 443
54 0
540 389
541 443
551 1
552 441
556 0
557 23
566 81
567 441
573 0
574 439
576 0
577 439
580 0
581 439
588 0
589 439
606 19
607 438
637 437
638 345
639 4
640 436
641 0
642 436
644 70
645 436
652 0
653 4
694 1
695 435
698 0
699 435
702 432
703 131
709 47
710 435
715 4
716 435
717 3
718 435
720 435
721 398
722 1
723 435
725 162
726 434
73 20
731 298
732 434
74 475
76 303
77 452
82 473
83 473
84 83
85 473
87 249
88 467
96 418
97 470
10 999
105 987
106 999
111 999
112 15
113 925
114 999
115 2
116 999
117 1
118 999
12 0
121 988
122 997
129 0
13 999
130 999
133 105
134 999
145 873
146 999
15 102
152 999
153 999
16 999
164 999
165 999
166 12
167 999
169 999
17 999
170 865
176 193
177 999
178 0
179 999
18 999
182 0
183 999
186 930
187 999
197 999
198 998
199 998
200 999
204 999
205 999
207 0
208 999
217 998
218 989
220 999
221 999
223 1
224 999
232 0
233 999
236 875
237 999
243 183
244 999
246 994
247 999
252 6
253 999
262 989
263 999
264 1
265 999
269 0
270 999
273 963
274 999
277 928
278 579
28 0
281 925
282 999
284 900
285 999
288 675
289 268
29 0
297 964
298 997
299 3
300 999
302 14
303 999
307 999
308 1
314 992
315 999
317 1
318 999
320 999
321 999
338 999
339 999
343 11
344 999
346 999
347 991
350 0
351 999
360 147
361 999
367 0
368 13
370 0
371 999
38 2
387 999
388 999
39 999
391 0
392 999
397 939
398 999
399 905
4 4
400 999
403 999
404 999
405 941
406 999
41 0
417 980
418 999
42 999
420 999
421 999
427 0
428 360
439 803
440 999
445 2
446 999
454 1
455 999
459 999
460 999
466 0
467 0
470 999
471 999
473 15
474 999
480 3
481 999
482 0
483 999
485 999
486 998
488 999
489 999
49 999
492 12
493 999
498 901
499 999
5 999
50 102
513 1
514 999
525 999
526 15
531 999
532 999
544 0
545 999
547 167
548 999
551 0
552 999
554 932
555 999
556 890
557 999
558 0
559 999
571 997
572 999
573 521
574 999
577 14
578 999
581 0
582 999
587 1
588 999
591 999
592 999
593 127
594 999
598 0
599 999
604 999
605 12
617 999
618 999
627 943
628 999
644 0
645 999
651 991
652 999
70 0
71 4
77 20
78 999
80 999
81 999
84 881
85 999
86 25
87 999
89 999
9 0
90 999
92 182
93 999
10 999
105 987
106 999
111 999
112 15
113 925
114 999
115 2
116 999
117 1
118 999
12 0
121 988
122 997
129 0
13 999
130 999
133 105
134 999
145 873
146 999
15 102
152 999
153 999
16 999
164 999
165 999
166 12
167 999
169 999
17 999
170 865
176 193
177 999
178 0
179 999
18 999
182 0
183 999
186 930
187 999
197 999
198 998
199 998
200 999
204 999
205 999
207 0
208 999
217 998
218 989
220 999
221 999
223 1
224 999
232 0
233 999
236 875
237 999
243 183
244 999
246 994
247 999
252 6
253 999
262 989
263 999
264 1
265 999
269 0
270 999
273 963
274 999
277 928
278 579
28 0
281 925
282 999
284 900
285 999
288 675
289 268
29 0
297 964
298 997
299 3
300 999
302 14
303 999
307 999
308 1
314 992
315 999
317 1
318 999
320 999
321 999
338 999
339 999
343 11
344 999
346 999
347 991
350 0
351 999
360 147
361 999
367 0
368 13
370 0
371 999
38 2
387 999
388 999
39 999
391 0
392 999
397 939
398 999
399 905
4 4
400 999
403 999
404 999
405 941
406 999
41 0
417 980
418 999
42 999
420 999
421 999
427 0
428 360
439 803
440 999
445 2
446 999
454 1
455 999
459 999
460 999
466 0
467 0
470 999
471 999
473 15
474 999
480 3
481 999
482 0
483 999
485 999
486 998
488 999
489 999
49 999
492 12
493 999
498 901
499 999
5 999
50 102
513 1
514 999
525 999
526 15
531 999
532 999
544 0
545 999
547 167
548 999
551 0
552 999
554 932
555 999
556 890
557 999
558 0
559 999
571 997
572 999
573 521
574 999
577 14
578 999
581 0
582 999
587 1
588 999
591 999
592 999
593 127
594 999
598 0
599 999
604 999
605 12
617 999
618 999
627 943
628 999
644 0
645 999
651 991
652 999
70 0
71 4
77 20
78 999
80 999
81 999
84 881
85 999
86 25
87 999
89 999
9 0
90 999
92 182
93 999
101 0
102 987
104 983
105 829
107 579
108 987
112 1
113 987
114 0
115 987
12 996
127 24
128 986
13 996
134 0
135 587
141 985
142 985
143 985
144 984
145 0
146 970
147 2
148 984
15 9
16 996
160 984
161 887
163 766
164 984
166 984
167 984
172 0
173 984
180 974
181 984
187 1
188 983
189 133
19 183
190 983
193 2
194 983
195 3
196 983
20 994
205 983
206 982
209 981
210 980
22 994
224 981
225 981
227 0
228 981
23 985
230 115
231 981
234 799
235 981
241 1
242 981
25 1
26 994
261 51
262 980
265 2
266 980
268 912
269 980
291 0
292 915
293 35
294 978
295 0
296 978
299 4
3 3
300 977
304 1
305 976
308 5
309 976
310 27
311 976
317 565
318 21
32 1
323 115
324 974
325 2
326 974
327 0
328 974
33 993
335 188
336 974
337 4
338 974
339 0
340 974
343 964
344 974
345 2
346 974
347 15
348 974
350 6
351 974
36 980
360 938
361 972
364 534
365 972
37 992
370 781
371 972
375 0
376 966
384 11
385 971
389 0
390 14
395 0
396 971
398 971
399 914
4 997
415 0
416 969
421 933
422 968
429 0
430 968
436 0
437 18
44 850
445 968
446 0
449 968
45 992
450 874
451 968
452 968
456 968
457 968
461 0
462 968
465 135
466 968
476 1
477 968
48 3
481 968
482 968
488 967
489 955
49 991
493 965
494 966
495 0
496 966
497 0
498 966
499 963
500 965
504 965
505 965
509 69
51 0
510 965
518 212
519 964
52 991
520 13
521 964
527 732
528 964
535 963
536 964
537 32
538 964
539 0
54 988
540 964
543 910
544 964
55 991
552 0
553 24
554 957
555 964
56 181
560 18
561 964
563 2
564 964
565 608
566 964
57 991
574 1
575 964
577 963
578 964
58 24
583 964
584 964
59 991
593 963
594 2
596 0
597 963
600 1
601 963
602 963
603 963
612 515
613 963
614 10
615 963
616 2
617 963
620 959
621 4
625 942
626 963
627 6
628 963
629 581
63 26
630 963
632 908
633 963
635 2
636 963
639 0
64 991
640 963
645 904
646 963
648 950
649 963
656 961
657 962
658 7
659 962
663 887
664 961
7 2
70 0
71 991
8 996
92 8
93 988
97 978
98 971
10 999
105 987
106 999
111 999
112 15
113 925
114 999
115 2
116 999
117 1
118 999
12 0
121 988
122 997
129 0
13 999
130 999
133 105
134 999
145 873
146 999
15 102
152 999
153 999
16 999
164 999
165 999
166 12
167 999
169 999
17 999
170 865
176 193
177 999
178 0
179 999
18 999
182 0
183 999
186 930
187 999
197 999
198 998
199 998
200 999
204 999
205 999
207 0
208 999
217 998
218 989
220 999
221 999
223 1
224 999
232 0
233 999
236 875
237 999
243 183
244 999
246 994
247 999
252 6
253 999
262 989
263 999
264 1
265 999
269 0
270 999
273 963
274 999
277 928
278 579
28 0
281 925
282 999
284 900
285 999
288 675
289 268
29 0
297 964
298 997
299 3
300 999
302 14
303 999
307 999
308 1
314 992
315 999
317 1
318 999
320 999
321 999
338 999
339 999
343 11
344 999
346 999
347 991
350 0
351 999
360 147
361 999
367 0
368 13
370 0
371 999
38 2
387 999
388 999
39 999
391 0
392 999
397 939
398 999
399 905
4 4
400 999
403 999
404 999
405 941
406 999
41 0
417 980
418 999
42 999
420 999
421 999
427 0
428 360
439 803
440 999
445 2
446 999
454 1
455 999
459 999
460 999
466 0
467 0
470 999
471 999
473 15
474 999
480 3
481 999
482 0
483 999
485 999
486 998
488 999
489 999
49 999
492 12
493 999
498 901
499 999
5 999
50 102
513 1
514 999
525 999
526 15
531 999
532 999
544 0
545 999
547 167
548 999
551 0
552 999
554 932
555 999
556 890
557 999
558 0
559 999
571 997
572 999
573 521
574 999
577 14
578 999
581 0
582 999
587 1
588 999
591 999
592 999
593 127
594 999
598 0
599 999
604 999
605 12
617 999
618 999
627 943
628 999
644 0
645 999
651 991
652 999
70 0
71 4
77 20
78 999
80 999
81 999
84 881
85 999
86 25
87 999
89 999
9 0
90 999
92 182
93 999
10 988
11 999
113 992
114 972
125 953
126 0
13 999
131 218
132 999
133 0
134 997
138 0
139 999
14 997
144 992
145 999
146 17
147 999
15 19
16 999
163 16
164 999
177 24
178 999
189 1
190 999
194 0
195 999
20 0
21 992
210 0
211 998
215 126
216 999
218 999
219 148
223 7
224 999
228 999
229 19
23 1
24 999
244 0
245 999
249 0
250 72
258 0
259 75
26 219
265 0
266 999
27 999
270 219
271 999
273 989
274 0
291 922
292 999
294 219
295 992
319 856
320 992
338 2
339 999
36 999
363 0
364 953
37 999
371 0
372 953
38 29
39 999
399 998
400 6
421 0
422 998
427 13
428 999
434 999
435 999
436 860
437 999
446 29
447 999
458 0
459 998
467 0
468 999
482 17
483 999
491 997
492 16
494 990
495 999
497 987
498 998
501 0
502 999
509 997
510 998
512 2
513 995
519 0
520 993
522 999
523 998
527 3
528 999
543 999
544 934
546 5
547 999
550 899
551 999
552 3
553 999
554 0
555 998
562 148
563 999
564 936
565 999
638 0
639 999
648 148
649 999
656 0
657 897
658 0
659 999
677 4
678 999
680 953
681 202
682 148
683 999
684 999
685 999
692 673
693 953
7 999
705 0
706 992
714 135
715 999
724 0
725 992
733 999
734 996
76 2
77 999
8 985
83 12
84 999
86 19
87 999
1 264
10 499
100 7
104 499
105 499
106 56
107 499
108 467
109 499
110 499
111 499
114 499
115 499
116 499
117 499
119 499
120 499
122 499
123 499
127 499
128 499
129 20
13 0
130 499
132 499
133 499
134 499
135 499
139 499
14 499
140 496
141 499
142 499
146 499
147 499
148 499
149 499
15 7
150 499
151 499
152 109
153 499
157 223
158 499
159 449
16 499
160 499
161 28
162 499
167 496
168 499
169 64
17 0
170 499
178 499
179 499
18 499
181 499
182 499
183 499
184 499
187 499
188 499
189 89
19 499
190 499
193 499
194 499
195 8
196 499
198 499
199 499
2 499
20 499
204 499
205 499
208 34
209 499
21 45
213 499
214 499
216 488
217 499
219 499
22 499
220 499
221 495
222 499
223 491
224 499
225 499
226 499
228 88
229 499
230 448
231 499
232 499
233 499
234 491
235 499
236 497
237 499
239 499
240 499
242 106
243 499
244 23
245 499
246 470
247 499
248 0
249 499
25 499
252 499
253 499
254 469
255 499
257 499
258 499
26 499
261 499
262 499
263 495
264 499
265 499
266 499
27 70
270 499
271 499
272 496
273 499
278 499
279 499
28 499
281 499
282 499
283 134
284 499
287 499
288 499
289 4
290 499
293 499
294 499
297 499
298 499
30 499
302 66
303 499
304 97
305 499
306 10
307 499
31 499
310 499
311 499
313 499
314 499
318 499
319 499
320 499
321 499
324 499
325 499
328 499
329 499
330 499
331 499
332 499
333 499
334 499
335 499
336 499
337 499
340 499
341 499
343 217
344 499
345 499
346 499
347 499
348 499
349 182
35 498
350 499
353 499
354 499
357 0
358 499
359 499
36 89
360 499
362 15
363 499
364 492
365 499
366 499
367 499
369 499
37 499
370 499
371 482
372 499
376 499
377 499
378 495
379 499
38 499
380 182
381 499
382 499
383 499
384 499
385 499
386 191
387 499
388 498
389 499
39 498
392 499
393 499
394 58
395 499
396 499
397 499
399 499
40 499
400 499
402 499
403 499
406 70
407 499
408 210
409 499
410 95
411 499
412 6
413 499
417 243
418 499
42 499
422 499
423 499
428 243
429 499
43 499
431 311
432 499
434 499
435 499
436 233
437 499
440 3
441 499
442 499
443 499
446 456
447 499
45 177
450 499
451 103
453 499
454 499
456 487
457 499
46 499
462 483
463 448
465 499
466 499
467 499
468 499
469 499
47 199
470 499
471 88
472 499
473 15
474 499
476 499
477 18
478 34
479 499
48 499
480 157
481 499
486 55
487 499
49 1
490 499
491 499
492 499
493 499
494 217
495 499
496 499
497 499
498 499
499 499
5 209
50 499
500 499
501 499
503 499
504 499
505 477
506 499
508 499
509 499
51 70
510 486
511 499
513 499
514 499
515 499
516 499
517 498
518 499
52 499
520 499
521 499
522 499
523 499
524 499
525 499
526 499
527 499
530 499
531 499
532 497
533 499
534 499
535 499
540 471
541 499
542 499
543 499
544 499
545 499
547 499
548 499
549 497
550 499
551 499
552 499
553 467
554 499
555 17
556 499
558 455
559 499
560 499
561 499
562 178
563 499
564 499
565 499
568 499
569 499
572 210
573 499
574 499
575 499
58 499
580 499
581 499
582 499
583 499
586 499
587 499
588 1
589 499
59 499
590 490
591 499
594 116
595 499
598 438
599 499
6 499
600 499
601 499
602 499
603 499
604 499
605 499
607 499
608 499
609 499
610 499
612 4
613 499
614 88
615 499
617 494
618 66
63 0
64 499
65 442
66 499
67 499
68 499
69 473
7 497
70 499
74 86
75 499
76 499
77 499
8 499
82 81
83 499
84 499
85 499
86 199
87 499
89 486
9 499
90 499
94 0
95 499
96 499
97 499
99 499
1 277
10 165
100 9999
105 9999
106 9986
107 9999
108 9999
109 965
11 9999
110 9999
111 911
112 9999
113 9973
114 9999
115 9969
116 9999
117 42
118 9999
12 9999
121 9999
122 9999
124 9955
125 9999
126 91
127 9999
128 57
129 9999
13 9999
130 9999
131 9999
132 9999
133 9999
134 9948
135 9999
136 9999
137 9999
138 9997
139 9999
140 526
141 9999
142 73
143 9999
144 1394
145 9999
146 9999
147 9999
148 9999
149 9999
151 9999
152 9999
153 54
154 9999
155 9999
156 9999
157 6107
158 9999
159 6921
16 9999
160 9999
162 9903
163 9983
164 1377
165 9999
166 31
167 9999
168 7423
169 9999
17 9999
171 8474
172 9999
174 9999
175 9999
176 18
177 9999
178 300
179 9999
180 6240
181 9999
182 9999
183 9999
184 6949
185 9999
186 6429
187 9999
188 1443
189 9999
19 6428
190 9726
191 9999
194 9999
195 9999
197 4
198 9999
2 9999
20 9999
200 9999
201 9999
202 9982
203 9999
204 9999
205 9999
206 9999
207 9999
208 5
209 9999
21 3
210 9143
211 9999
215 14
216 9999
218 1
219 9999
22 9999
220 9999
221 9999
222 1042
223 9999
224 9992
225 9999
226 9990
227 9999
228 1038
229 9999
230 9999
231 9999
232 9979
233 9999
234 9999
235 9999
237 9972
238 9999
24 65
240 9999
241 9999
242 9717
243 9999
244 9999
245 9999
246 9999
247 9999
249 9
25 9993
250 9999
251 9990
252 9999
253 9999
254 9999
255 4997
256 9999
257 27
258 9999
259 9999
260 9999
261 39
262 9999
263 8658
264 9999
266 9999
267 9551
27 0
272 1129
273 9999
274 9997
275 9999
277 8062
278 9999
28 9999
282 885
283 9999
284 0
285 9999
286 967
287 9999
289 9999
290 9999
292 9624
293 9999
294 958
295 9999
297 9999
298 9999
299 6632
300 9999
301 9999
302 9999
303 9999
304 9999
305 9999
306 9999
307 831
308 9999
31 9679
310 9999
311 9999
313 9999
314 9999
315 9999
316 9999
317 9999
318 9999
319 1
32 9999
320 9999
321 9999
322 9999
324 12
325 9992
326 9999
327 9999
33 1377
330 895
331 9999
332 9999
333 9999
334 9999
335 9999
337 9999
338 9999
339 43
34 9999
340 9999
343 9999
344 9999
348 9999
349 9999
350 9999
351 9999
352 38
353 9999
354 9999
355 9999
358 0
359 9999
36 31
360 9999
361 9999
362 5621
363 9999
364 8420
365 9999
366 6803
367 9999
37 9999
370 9999
371 9999
372 786
373 9999
374 8955
375 9999
376 9757
377 9999
379 12
38 700
380 9999
381 9999
382 9999
383 9967
384 9999
385 9999
386 9999
387 9795
388 9999
39 9999
391 9999
392 9999
393 594
394 9999
395 8337
396 9999
399 0
40 9999
400 9999
401 9169
402 9999
403 9999
404 9999
405 838
406 9999
407 9999
408 9999
409 9999
41 9999
410 9999
411 9529
412 9999
413 784
414 9999
415 9999
416 9999
417 9999
418 9999
42 858
420 9999
421 9999
426 5007
427 9999
428 4642
429 9999
43 9999
430 9999
431 9999
432 253
433 9999
434 5920
435 9999
436 9999
437 9999
439 9999
440 9999
443 6635
444 9999
445 29
446 9996
447 5032
448 9999
449 9999
450 9999
451 17
452 9999
453 36
454 9999
455 317
456 9999
457 9999
458 9999
461 8730
462 9999
463 9921
464 9999
465 9433
466 9999
468 710
469 9999
470 9999
471 9999
472 9999
473 9999
474 9999
475 9999
476 9892
477 9999
478 9999
479 9999
482 9999
483 9999
484 9999
485 9999
487 1
488 9999
489 39
49 9999
490 9999
491 14
492 9999
494 9999
495 9999
498 46
499 9999
50 9999
500 9999
501 9999
502 9999
503 9999
504 9999
505 9999
507 9999
508 9999
509 9999
51 6309
510 9999
511 6255
512 9999
516 166
517 9999
52 9999
520 109
521 9999
523 9999
524 9999
527 6052
528 9999
529 774
53 9999
530 9999
531 5
532 9999
533 9999
534 9999
538 13
539 9999
54 9999
540 9999
541 9999
542 9
543 9995
544 778
545 9999
546 191
547 9999
548 9517
549 9999
551 9971
552 9999
553 161
554 9999
557 9986
558 9999
559 6791
560 9999
561 9999
562 9999
564 9999
565 9999
567 0
568 9999
569 15
57 3574
570 9999
58 9999
59 328
6 65
60 9999
61 9999
62 9999
63 9999
64 9999
66 9999
67 952
68 9999
69 9999
7 9999
73 37
74 9999
75 9999
76 9999
77 9999
78 9999
79 8915
80 9999
82 6187
83 9999
84 9999
85 9999
86 9999
87 9999
88 7
89 9993
90 139
91 9999
92 70
93 9999
94 151
95 9999
96 9955
97 9999
99 9999
1 277
10 165
100 9999
105 9999
106 9986
107 9999
108 9999
109 965
11 9999
110 9999
111 911
112 9999
113 9973
114 9999
115 9969
116 9999
117 42
118 9999
12 9999
121 9999
122 9999
124 9955
125 9999
126 91
127 9999
128 57
129 9999
13 9999
130 9999
131 9999
132 9999
133 9999
134 9948
135 9999
136 9999
137 9999
138 9997
139 9999
140 526
141 9999
142 73
143 9999
144 1394
145 9999
146 9999
147 9999
148 9999
149 9999
151 9999
152 9999
153 54
154 9999
155 9999
156 9999
157 6107
158 9999
159 6921
16 9999
160 9999
162 9903
163 9983
164 1377
165 9999
166 31
167 9999
168 7423
169 9999
17 9999
171 8474
172 9999
174 9999
175 9999
176 18
177 9999
178 300
179 9999
180 6240
181 9999
182 9999
183 9999
184 6949
185 9999
186 6429
187 9999
188 1443
189 9999
19 6428
190 9726
191 9999
194 9999
195 9999
197 4
198 9999
2 9999
20 9999
200 9999
201 9999
202 9982
203 9999
204 9999
205 9999
206 9999
207 9999
208 5
209 9999
21 3
210 9143
211 9999
215 14
216 9999
218 1
219 9999
22 9999
220 9999
221 9999
222 1042
223 9999
224 9992
225 9999
226 9990
227 9999
228 1038
229 9999
230 9999
231 9999
232 9979
233 9999
234 9999
235 9999
237 9972
238 9999
24 65
240 9999
241 9999
242 9717
243 9999
244 9999
245 9999
246 9999
247 9999
249 9
25 9993
250 9999
251 9990
252 9999
253 9999
254 9999
255 4997
256 9999
257 27
258 9999
259 9999
260 9999
261 39
262 9999
263 8658
264 9999
266 9999
267 9551
27 0
272 1129
273 9999
274 9997
275 9999
277 8062
278 9999
28 9999
282 885
283 9999
284 0
285 9999
286 967
287 9999
289 9999
290 9999
292 9624
293 9999
294 958
295 9999
297 9999
298 9999
299 6632
300 9999
301 9999
302 9999
303 9999
304 9999
305 9999
306 9999
307 831
308 9999
31 9679
310 9999
311 9999
313 9999
314 9999
315 9999
316 9999
317 9999
318 9999
319 1
32 9999
320 9999
321 9999
322 9999
324 12
325 9992
326 9999
327 9999
33 1377
330 895
331 9999
332 9999
333 9999
334 9999
335 9999
337 9999
338 9999
339 43
34 9999
340 9999
343 9999
344 9999
348 9999
349 9999
350 9999
351 9999
352 38
353 9999
354 9999
355 9999
358 0
359 9999
36 31
360 9999
361 9999
362 5621
363 9999
364 8420
365 9999
366 6803
367 9999
37 9999
370 9999
371 9999
372 786
373 9999
374 8955
375 9999
376 9757
377 9999
379 12
38 700
380 9999
381 9999
382 9999
383 9967
384 9999
385 9999
386 9999
387 9795
388 9999
39 9999
391 9999
392 9999
393 594
394 9999
395 8337
396 9999
399 0
40 9999
400 9999
401 9169
402 9999
403 9999
404 9999
405 838
406 9999
407 9999
408 9999
409 9999
41 9999
410 9999
411 9529
412 9999
413 784
414 9999
415 9999
416 9999
417 9999
418 9999
42 858
420 9999
421 9999
426 5007
427 9999
428 4642
429 9999
43 9999
430 9999
431 9999
432 253
433 9999
434 5920
435 9999
436 9999
437 9999
439 9999
440 9999
443 6635
444 9999
445 29
446 9996
447 5032
448 9999
449 9999
450 9999
451 17
452 9999
453 36
454 9999
455 317
456 9999
457 9999
458 9999
461 8730
462 9999
463 9921
464 9999
465 9433
466 9999
468 710
469 9999
470 9999
471 9999
472 9999
473 9999
474 9999
475 9999
476 9892
477 9999
478 9999
479 9999
482 9999
483 9999
484 9999
485 9999
487 1
488 9999
489 39
49 9999
490 9999
491 14
492 9999
494 9999
495 9999
498 46
499 9999
50 9999
500 9999
501 9999
502 9999
503 9999
504 9999
505 9999
507 9999
508 9999
509 9999
51 6309
510 9999
511 6255
512 9999
516 166
517 9999
52 9999
520 109
521 9999
523 9999
524 9999
527 6052
528 9999
529 774
53 9999
530 9999
531 5
532 9999
533 9999
534 9999
538 13
539 9999
54 9999
540 9999
541 9999
542 9
543 9995
544 778
545 9999
546 191
547 9999
548 9517
549 9999
551 9971
552 9999
553 161
554 9999
557 9986
558 9999
559 6791
560 9999
561 9999
562 9999
564 9999
565 9999
567 0
568 9999
569 15
57 3574
570 9999
58 9999
59 328
6 65
60 9999
61 9999
62 9999
63 9999
64 9999
66 9999
67 952
68 9999
69 9999
7 9999
73 37
74 9999
75 9999
76 9999
77 9999
78 9999
79 8915
80 9999
82 6187
83 9999
84 9999
85 9999
86 9999
87 9999
88 7
89 9993
90 139
91 9999
92 70
93 9999
94 151
95 9999
96 9955
97 9999
99 9999
