100 0
101 9997
105 7
106 9999
133 9996
134 9999
135 0
136 9999
138 9999
139 9996
144 9999
145 9999
153 92
154 9999
16 6491
165 0
166 9999
169 1185
17 9996
170 9999
179 1172
180 9999
202 607
203 9999
207 0
208 9576
224 6
225 9999
227 0
228 9972
230 9584
231 9187
240 0
241 9435
249 0
250 9999
262 969
263 9999
280 9974
281 9997
287 0
288 9999
305 9995
306 9999
307 9999
308 9999
310 6491
311 31
318 0
319 9999
329 9
330 9999
345 9974
346 9999
349 9999
350 9999
356 0
357 9999
358 110
359 9999
376 9995
377 9999
382 9999
383 9953
385 49
386 9999
39 0
392 0
393 9999
40 9995
404 1308
405 9999
408 0
409 9999
438 0
439 9999
44 9999
45 7
46 0
47 9967
471 0
472 9999
480 9999
481 9996
482 41
483 9999
487 0
488 0
51 7
52 9999
529 7200
530 1341
537 972
538 9
540 9440
541 9937
571 847
572 9999
633 0
634 9997
642 6
643 9999
653 9966
654 9998
655 8817
656 9999
666 1112
667 9999
668 4
669 9999
674 7
675 9997
676 407
677 9999
691 6414
692 0
693 43
694 9996
74 9674
75 9999
84 7
85 9999
87 9999
88 33
98 7
99 9999
100 0
101 9997
105 7
106 9999
133 9996
134 9999
135 0
136 9999
138 9999
139 9996
144 9999
145 9999
153 92
154 9999
16 6491
165 0
166 9999
169 1185
17 9996
170 9999
179 1172
180 9999
202 607
203 9999
207 0
208 9576
224 6
225 9999
227 0
228 9972
230 9584
231 9187
240 0
241 9435
249 0
250 9999
262 969
263 9999
280 9974
281 9997
287 0
288 9999
305 9995
306 9999
307 9999
308 9999
310 6491
311 31
318 0
319 9999
329 9
330 9999
345 9974
346 9999
349 9999
350 9999
356 0
357 9999
358 110
359 9999
376 9995
377 9999
382 9999
383 9953
385 49
386 9999
39 0
392 0
393 9999
40 9995
404 1308
405 9999
408 0
409 9999
438 0
439 9999
44 9999
45 7
46 0
47 9967
471 0
472 9999
480 9999
481 9996
482 41
483 9999
487 0
488 0
51 7
52 9999
529 7200
530 1341
537 972
538 9
540 9440
541 9937
571 847
572 9999
633 0
634 9997
642 6
643 9999
653 9966
654 9998
655 8817
656 9999
666 1112
667 9999
668 4
669 9999
674 7
675 9997
676 407
677 9999
691 6414
692 0
693 43
694 9996
74 9674
75 9999
84 7
85 9999
87 9999
88 33
98 7
99 9999
0 0
1 0
10 0
100 0
101 0
102 0
103 0
104 0
105 0
106 0
107 0
108 0
109 0
11 0
110 0
111 0
112 0
113 0
114 0
115 0
116 0
117 0
118 0
119 0
12 0
120 0
121 0
122 0
123 0
124 0
125 0
126 0
127 0
128 0
129 0
13 0
130 0
131 0
132 0
133 0
134 0
135 0
136 0
137 0
138 0
139 0
14 0
140 0
141 0
142 0
143 0
144 0
145 0
146 0
147 0
148 0
149 0
15 0
150 0
151 0
152 0
153 0
154 0
155 0
156 0
157 0
158 0
159 0
16 0
160 0
161 0
162 0
163 0
164 0
165 0
166 0
167 0
168 0
169 0
17 0
170 0
171 0
172 0
173 0
174 0
175 0
176 0
177 0
178 0
179 0
18 0
180 0
181 0
182 0
183 0
184 0
185 0
186 0
187 0
188 0
189 0
19 0
190 0
191 0
192 0
193 0
194 0
195 0
196 0
197 0
198 0
199 0
2 0
20 0
200 0
201 0
202 0
203 0
204 0
205 0
206 0
207 0
208 0
209 0
21 0
210 0
211 0
212 0
213 0
214 0
215 0
216 0
217 0
218 0
219 0
22 0
220 0
221 0
222 0
223 0
224 0
225 0
226 0
227 0
228 0
229 0
23 0
230 0
231 0
232 0
233 0
234 0
235 0
236 0
237 0
238 0
239 0
24 0
240 0
241 0
242 0
243 0
244 0
245 0
246 0
247 0
248 0
249 0
25 0
250 0
251 0
252 0
253 0
254 0
255 0
256 0
257 0
258 0
259 0
26 0
260 0
261 0
262 0
263 0
264 0
265 0
266 0
267 0
268 0
269 0
27 0
270 0
271 0
272 0
273 0
274 0
275 0
276 0
277 0
278 0
279 0
28 0
280 0
281 0
282 0
283 0
284 0
285 0
286 0
287 0
288 0
289 0
29 0
290 0
291 0
292 0
293 0
294 0
295 0
296 0
297 0
298 0
299 0
3 0
30 0
300 0
301 0
302 0
303 0
304 0
305 0
306 0
307 0
308 0
309 0
31 0
310 0
311 0
312 0
313 0
314 0
315 0
316 0
317 0
318 0
319 0
32 0
320 0
321 0
322 0
323 0
324 0
325 0
326 0
327 0
328 0
329 0
33 0
330 0
331 0
332 0
333 0
334 0
335 0
336 0
337 0
338 0
339 0
34 0
340 0
341 0
342 0
343 0
344 0
345 0
346 0
347 0
348 0
349 0
35 0
350 0
351 0
352 0
353 0
354 0
355 0
356 0
357 0
358 0
359 0
36 0
360 0
361 0
362 0
363 0
364 0
365 0
366 0
367 0
368 0
369 0
37 0
370 0
371 0
372 0
373 0
374 0
375 0
376 0
377 0
378 0
379 0
38 0
380 0
381 0
382 0
383 0
384 0
385 0
386 0
387 0
388 0
389 0
39 0
390 0
391 0
392 0
393 0
394 0
395 0
396 0
397 0
398 0
399 0
4 0
40 0
400 0
401 0
402 0
403 0
404 0
405 0
406 0
407 0
408 0
409 0
41 0
410 0
411 0
412 0
413 0
414 0
415 0
416 0
417 0
418 0
419 0
42 0
420 0
421 0
422 0
423 0
424 0
425 0
426 0
427 0
428 0
429 0
43 0
430 0
431 0
432 0
433 0
434 0
435 0
436 0
437 0
438 0
439 0
44 0
440 0
441 0
442 0
443 0
444 0
445 0
446 0
447 0
448 0
449 0
45 0
450 0
451 0
452 0
453 0
454 0
455 0
456 0
457 0
458 0
459 0
46 0
460 0
461 0
462 0
463 0
464 0
465 0
466 0
467 0
468 0
469 0
47 0
470 0
471 0
472 0
473 0
474 0
475 0
476 0
477 0
478 0
479 0
48 0
480 0
481 0
482 0
483 0
484 0
485 0
486 0
487 0
488 0
489 0
49 0
490 0
491 0
492 0
493 0
494 0
495 0
496 0
497 0
498 0
499 0
5 0
50 0
500 0
501 0
502 0
503 0
504 0
505 0
506 0
507 0
508 0
509 0
51 0
510 0
511 0
512 0
513 0
514 0
515 0
516 0
517 0
518 0
519 0
52 0
520 0
521 0
522 0
523 0
524 0
525 0
526 0
527 0
528 0
529 0
53 0
530 0
531 0
532 0
533 0
534 0
535 0
536 0
537 0
538 0
539 0
54 0
540 0
541 0
55 0
56 0
57 0
58 0
59 0
6 0
60 0
61 0
62 0
63 0
64 0
65 0
66 0
67 0
68 0
69 0
7 0
70 0
71 0
72 0
73 0
74 0
75 0
76 0
77 0
78 0
79 0
8 0
80 0
81 0
82 0
83 0
84 0
85 0
86 0
87 0
88 0
89 0
9 0
90 0
91 0
92 0
93 0
94 0
95 0
96 0
97 0
98 0
99 0
0 0
1 0
10 0
100 0
101 0
102 0
103 0
104 0
105 0
106 0
107 0
108 0
109 0
11 0
110 0
111 0
112 0
113 0
114 0
115 0
116 0
117 0
118 0
119 0
12 0
120 0
121 0
122 0
123 0
124 0
125 0
126 0
127 0
128 0
129 0
13 0
130 0
131 0
132 0
133 0
134 0
135 0
136 0
137 0
138 0
139 0
14 0
140 0
141 0
142 0
143 0
144 0
145 0
146 0
147 0
148 0
149 0
15 0
150 0
151 0
152 0
153 0
154 0
155 0
156 0
157 0
158 0
159 0
16 0
160 0
161 0
162 0
163 0
164 0
165 0
166 0
167 0
168 0
169 0
17 0
170 0
171 0
172 0
173 0
174 0
175 0
176 0
177 0
178 0
179 0
18 0
180 0
181 0
182 0
183 0
184 0
185 0
186 0
187 0
188 0
189 0
19 0
190 0
191 0
192 0
193 0
194 0
195 0
196 0
197 0
198 0
199 0
2 0
20 0
200 0
201 0
202 0
203 0
204 0
205 0
206 0
207 0
208 0
209 0
21 0
210 0
211 0
212 0
213 0
214 0
215 0
216 0
217 0
218 0
219 0
22 0
220 0
221 0
222 0
223 0
224 0
225 0
226 0
227 0
228 0
229 0
23 0
230 0
231 0
232 0
233 0
234 0
235 0
236 0
237 0
238 0
239 0
24 0
240 0
241 0
242 0
243 0
244 0
245 0
246 0
247 0
248 0
249 0
25 0
250 0
251 0
252 0
253 0
254 0
255 0
256 0
257 0
258 0
259 0
26 0
260 0
261 0
262 0
263 0
264 0
265 0
266 0
267 0
268 0
269 0
27 0
270 0
271 0
272 0
273 0
274 0
275 0
276 0
277 0
278 0
279 0
28 0
280 0
281 0
282 0
283 0
284 0
285 0
286 0
287 0
288 0
289 0
29 0
290 0
291 0
292 0
293 0
294 0
295 0
296 0
297 0
298 0
299 0
3 0
30 0
300 0
301 0
302 0
303 0
304 0
305 0
306 0
307 0
308 0
309 0
31 0
310 0
311 0
312 0
313 0
314 0
315 0
316 0
317 0
318 0
319 0
32 0
320 0
321 0
322 0
323 0
324 0
325 0
326 0
327 0
328 0
329 0
33 0
330 0
331 0
332 0
333 0
334 0
335 0
336 0
337 0
338 0
339 0
34 0
340 0
341 0
342 0
343 0
344 0
345 0
346 0
347 0
348 0
349 0
35 0
350 0
351 0
352 0
353 0
354 0
355 0
356 0
357 0
358 0
359 0
36 0
360 0
361 0
362 0
363 0
364 0
365 0
366 0
367 0
368 0
369 0
37 0
370 0
371 0
372 0
373 0
374 0
375 0
376 0
377 0
378 0
379 0
38 0
380 0
381 0
382 0
383 0
384 0
385 0
386 0
387 0
388 0
389 0
39 0
390 0
391 0
392 0
393 0
394 0
395 0
396 0
397 0
398 0
399 0
4 0
40 0
400 0
401 0
402 0
403 0
404 0
405 0
406 0
407 0
408 0
409 0
41 0
410 0
411 0
412 0
413 0
414 0
415 0
416 0
417 0
418 0
419 0
42 0
420 0
421 0
422 0
423 0
424 0
425 0
426 0
427 0
428 0
429 0
43 0
430 0
431 0
432 0
433 0
434 0
435 0
436 0
437 0
438 0
439 0
44 0
440 0
441 0
442 0
443 0
444 0
445 0
446 0
447 0
448 0
449 0
45 0
450 0
451 0
452 0
453 0
454 0
455 0
456 0
457 0
458 0
459 0
46 0
460 0
461 0
462 0
463 0
464 0
465 0
466 0
467 0
468 0
469 0
47 0
470 0
471 0
472 0
473 0
474 0
475 0
476 0
477 0
478 0
479 0
48 0
480 0
481 0
482 0
483 0
484 0
485 0
486 0
487 0
488 0
489 0
49 0
490 0
491 0
492 0
493 0
494 0
495 0
496 0
497 0
498 0
499 0
5 0
50 0
500 0
501 0
502 0
503 0
504 0
505 0
506 0
507 0
508 0
509 0
51 0
510 0
511 0
512 0
513 0
514 0
515 0
516 0
517 0
518 0
519 0
52 0
520 0
521 0
522 0
523 0
524 0
525 0
526 0
527 0
528 0
529 0
53 0
530 0
531 0
532 0
533 0
534 0
535 0
536 0
537 0
538 0
539 0
54 0
540 0
541 0
55 0
56 0
57 0
58 0
59 0
6 0
60 0
61 0
62 0
63 0
64 0
65 0
66 0
67 0
68 0
69 0
7 0
70 0
71 0
72 0
73 0
74 0
75 0
76 0
77 0
78 0
79 0
8 0
80 0
81 0
82 0
83 0
84 0
85 0
86 0
87 0
88 0
89 0
9 0
90 0
91 0
92 0
93 0
94 0
95 0
96 0
97 0
98 0
99 0
0 0
1 0
10 0
100 0
101 0
102 0
103 0
104 0
105 0
106 0
107 0
108 0
109 0
11 0
110 0
111 0
112 0
113 0
114 0
115 0
116 0
117 0
118 0
119 0
12 0
120 0
121 0
122 0
123 0
124 0
125 0
126 0
127 0
128 0
129 0
13 0
130 0
131 0
132 0
133 0
134 0
135 0
136 0
137 0
138 0
139 0
14 0
140 0
141 0
142 0
143 0
144 0
145 0
146 0
147 0
148 0
149 0
15 0
150 0
151 0
152 0
153 0
154 0
155 0
156 0
157 0
158 0
159 0
16 0
160 0
161 0
162 0
163 0
164 0
165 0
166 0
167 0
168 0
169 0
17 0
170 0
171 0
172 0
173 0
174 0
175 0
176 0
177 0
178 0
179 0
18 0
180 0
181 0
182 0
183 0
184 0
185 0
186 0
187 0
188 0
189 0
19 0
190 0
191 0
192 0
193 0
194 0
195 0
196 0
197 0
198 0
199 0
2 0
20 0
200 0
201 0
202 0
203 0
204 0
205 0
206 0
207 0
208 0
209 0
21 0
210 0
211 0
212 0
213 0
214 0
215 0
216 0
217 0
218 0
219 0
22 0
220 0
221 0
222 0
223 0
224 0
225 0
226 0
227 0
228 0
229 0
23 0
230 0
231 0
232 0
233 0
234 0
235 0
236 0
237 0
238 0
239 0
24 0
240 0
241 0
242 0
243 0
244 0
245 0
246 0
247 0
248 0
249 0
25 0
250 0
251 0
252 0
253 0
254 0
255 0
256 0
257 0
258 0
259 0
26 0
260 0
261 0
262 0
263 0
264 0
265 0
266 0
267 0
268 0
269 0
27 0
270 0
271 0
272 0
273 0
274 0
275 0
276 0
277 0
278 0
279 0
28 0
280 0
281 0
282 0
283 0
284 0
285 0
286 0
287 0
288 0
289 0
29 0
290 0
291 0
292 0
293 0
294 0
295 0
296 0
297 0
298 0
299 0
3 0
30 0
300 0
301 0
302 0
303 0
304 0
305 0
306 0
307 0
308 0
309 0
31 0
310 0
311 0
312 0
313 0
314 0
315 0
316 0
317 0
318 0
319 0
32 0
320 0
321 0
322 0
323 0
324 0
325 0
326 0
327 0
328 0
329 0
33 0
330 0
331 0
332 0
333 0
334 0
335 0
336 0
337 0
338 0
339 0
34 0
340 0
341 0
342 0
343 0
344 0
345 0
346 0
347 0
348 0
349 0
35 0
350 0
351 0
352 0
353 0
354 0
355 0
356 0
357 0
358 0
359 0
36 0
360 0
361 0
362 0
363 0
364 0
365 0
366 0
367 0
368 0
369 0
37 0
370 0
371 0
372 0
373 0
374 0
375 0
376 0
377 0
378 0
379 0
38 0
380 0
381 0
382 0
383 0
384 0
385 0
386 0
387 0
388 0
389 0
39 0
390 0
391 0
392 0
393 0
394 0
395 0
396 0
397 0
398 0
399 0
4 0
40 0
400 0
401 0
402 0
403 0
404 0
405 0
406 0
407 0
408 0
409 0
41 0
410 0
411 0
412 0
413 0
414 0
415 0
416 0
417 0
418 0
419 0
42 0
420 0
421 0
422 0
423 0
424 0
425 0
426 0
427 0
428 0
429 0
43 0
430 0
431 0
432 0
433 0
434 0
435 0
436 0
437 0
438 0
439 0
44 0
440 0
441 0
442 0
443 0
444 0
445 0
446 0
447 0
448 0
449 0
45 0
450 0
451 0
452 0
453 0
454 0
455 0
456 0
457 0
458 0
459 0
46 0
460 0
461 0
462 0
463 0
464 0
465 0
466 0
467 0
468 0
469 0
47 0
470 0
471 0
472 0
473 0
474 0
475 0
476 0
477 0
478 0
479 0
48 0
480 0
481 0
482 0
483 0
484 0
485 0
486 0
487 0
488 0
489 0
49 0
490 0
491 0
492 0
493 0
494 0
495 0
496 0
497 0
498 0
499 0
5 0
50 0
500 0
501 0
502 0
503 0
504 0
505 0
506 0
507 0
508 0
509 0
51 0
510 0
511 0
512 0
513 0
514 0
515 0
516 0
517 0
518 0
519 0
52 0
520 0
521 0
522 0
523 0
524 0
525 0
526 0
527 0
528 0
529 0
53 0
530 0
531 0
532 0
533 0
534 0
535 0
536 0
537 0
538 0
539 0
54 0
540 0
541 0
55 0
56 0
57 0
58 0
59 0
6 0
60 0
61 0
62 0
63 0
64 0
65 0
66 0
67 0
68 0
69 0
7 0
70 0
71 0
72 0
73 0
74 0
75 0
76 0
77 0
78 0
79 0
8 0
80 0
81 0
82 0
83 0
84 0
85 0
86 0
87 0
88 0
89 0
9 0
90 0
91 0
92 0
93 0
94 0
95 0
96 0
97 0
98 0
99 0
0 0
1 0
10 0
100 0
101 0
102 0
103 0
104 0
105 0
106 0
107 0
108 0
109 0
11 0
110 0
111 0
112 0
113 0
114 0
115 0
116 0
117 0
118 0
119 0
12 0
120 0
121 0
122 0
123 0
124 0
125 0
126 0
127 0
128 0
129 0
13 0
130 0
131 0
132 0
133 0
134 0
135 0
136 0
137 0
138 0
139 0
14 0
140 0
141 0
142 0
143 0
144 0
145 0
146 0
147 0
148 0
149 0
15 0
150 0
151 0
152 0
153 0
154 0
155 0
156 0
157 0
158 0
159 0
16 0
160 0
161 0
162 0
163 0
164 0
165 0
166 0
167 0
168 0
169 0
17 0
170 0
171 0
172 0
173 0
174 0
175 0
176 0
177 0
178 0
179 0
18 0
180 0
181 0
182 0
183 0
184 0
185 0
186 0
187 0
188 0
189 0
19 0
190 0
191 0
192 0
193 0
194 0
195 0
196 0
197 0
198 0
199 0
2 0
20 0
200 0
201 0
202 0
203 0
204 0
205 0
206 0
207 0
208 0
209 0
21 0
210 0
211 0
212 0
213 0
214 0
215 0
216 0
217 0
218 0
219 0
22 0
220 0
221 0
222 0
223 0
224 0
225 0
226 0
227 0
228 0
229 0
23 0
230 0
231 0
232 0
233 0
234 0
235 0
236 0
237 0
238 0
239 0
24 0
240 0
241 0
242 0
243 0
244 0
245 0
246 0
247 0
248 0
249 0
25 0
250 0
251 0
252 0
253 0
254 0
255 0
256 0
257 0
258 0
259 0
26 0
260 0
261 0
262 0
263 0
264 0
265 0
266 0
267 0
268 0
269 0
27 0
270 0
271 0
272 0
273 0
274 0
275 0
276 0
277 0
278 0
279 0
28 0
280 0
281 0
282 0
283 0
284 0
285 0
286 0
287 0
288 0
289 0
29 0
290 0
291 0
292 0
293 0
294 0
295 0
296 0
297 0
298 0
299 0
3 0
30 0
300 0
301 0
302 0
303 0
304 0
305 0
306 0
307 0
308 0
309 0
31 0
310 0
311 0
312 0
313 0
314 0
315 0
316 0
317 0
318 0
319 0
32 0
320 0
321 0
322 0
323 0
324 0
325 0
326 0
327 0
328 0
329 0
33 0
330 0
331 0
332 0
333 0
334 0
335 0
336 0
337 0
338 0
339 0
34 0
340 0
341 0
342 0
343 0
344 0
345 0
346 0
347 0
348 0
349 0
35 0
350 0
351 0
352 0
353 0
354 0
355 0
356 0
357 0
358 0
359 0
36 0
360 0
361 0
362 0
363 0
364 0
365 0
366 0
367 0
368 0
369 0
37 0
370 0
371 0
372 0
373 0
374 0
375 0
376 0
377 0
378 0
379 0
38 0
380 0
381 0
382 0
383 0
384 0
385 0
386 0
387 0
388 0
389 0
39 0
390 0
391 0
392 0
393 0
394 0
395 0
396 0
397 0
398 0
399 0
4 0
40 0
400 0
401 0
402 0
403 0
404 0
405 0
406 0
407 0
408 0
409 0
41 0
410 0
411 0
412 0
413 0
414 0
415 0
416 0
417 0
418 0
419 0
42 0
420 0
421 0
422 0
423 0
424 0
425 0
426 0
427 0
428 0
429 0
43 0
430 0
431 0
432 0
433 0
434 0
435 0
436 0
437 0
438 0
439 0
44 0
440 0
441 0
442 0
443 0
444 0
445 0
446 0
447 0
448 0
449 0
45 0
450 0
451 0
452 0
453 0
454 0
455 0
456 0
457 0
458 0
459 0
46 0
460 0
461 0
462 0
463 0
464 0
465 0
466 0
467 0
468 0
469 0
47 0
470 0
471 0
472 0
473 0
474 0
475 0
476 0
477 0
478 0
479 0
48 0
480 0
481 0
482 0
483 0
484 0
485 0
486 0
487 0
488 0
489 0
49 0
490 0
491 0
492 0
493 0
494 0
495 0
496 0
497 0
498 0
499 0
5 0
50 0
500 0
501 0
502 0
503 0
504 0
505 0
506 0
507 0
508 0
509 0
51 0
510 0
511 0
512 0
513 0
514 0
515 0
516 0
517 0
518 0
519 0
52 0
520 0
521 0
522 0
523 0
524 0
525 0
526 0
527 0
528 0
529 0
53 0
530 0
531 0
532 0
533 0
534 0
535 0
536 0
537 0
538 0
539 0
54 0
540 0
541 0
542 0
543 0
544 0
545 0
546 0
547 0
55 0
56 0
57 0
58 0
59 0
6 0
60 0
61 0
62 0
63 0
64 0
65 0
66 0
67 0
68 0
69 0
7 0
70 0
71 0
72 0
73 0
74 0
75 0
76 0
77 0
78 0
79 0
8 0
80 0
81 0
82 0
83 0
84 0
85 0
86 0
87 0
88 0
89 0
9 0
90 0
91 0
92 0
93 0
94 0
95 0
96 0
97 0
98 0
99 0
0 0
1 0
10 0
100 0
101 0
102 0
103 0
104 0
105 0
106 0
107 0
108 0
109 0
11 0
110 0
111 0
112 0
113 0
114 0
115 0
116 0
117 0
118 0
119 0
12 0
120 0
121 0
122 0
123 0
124 0
125 0
126 0
127 0
128 0
129 0
13 0
130 0
131 0
132 0
133 0
134 0
135 0
136 0
137 0
138 0
139 0
14 0
140 0
141 0
142 0
143 0
144 0
145 0
146 0
147 0
148 0
149 0
15 0
150 0
151 0
152 0
153 0
154 0
155 0
156 0
157 0
158 0
159 0
16 0
160 0
161 0
162 0
163 0
164 0
165 0
166 0
167 0
168 0
169 0
17 0
170 0
171 0
172 0
173 0
174 0
175 0
176 0
177 0
178 0
179 0
18 0
180 0
181 0
182 0
183 0
184 0
185 0
186 0
187 0
188 0
189 0
19 0
190 0
191 0
192 0
193 0
194 0
195 0
196 0
197 0
198 0
199 0
2 0
20 0
200 0
201 0
202 0
203 0
204 0
205 0
206 0
207 0
208 0
209 0
21 0
210 0
211 0
212 0
213 0
214 0
215 0
216 0
217 0
218 0
219 0
22 0
220 0
221 0
222 0
223 0
224 0
225 0
226 0
227 0
228 0
229 0
23 0
230 0
231 0
232 0
233 0
234 0
235 0
236 0
237 0
238 0
239 0
24 0
240 0
241 0
242 0
243 0
244 0
245 0
246 0
247 0
248 0
249 0
25 0
250 0
251 0
252 0
253 0
254 0
255 0
256 0
257 0
258 0
259 0
26 0
260 0
261 0
262 0
263 0
264 0
265 0
266 0
267 0
268 0
269 0
27 0
270 0
271 0
272 0
273 0
274 0
275 0
276 0
277 0
278 0
279 0
28 0
280 0
281 0
282 0
283 0
284 0
285 0
286 0
287 0
288 0
289 0
29 0
290 0
291 0
292 0
293 0
294 0
295 0
296 0
297 0
298 0
299 0
3 0
30 0
300 0
301 0
302 0
303 0
304 0
305 0
306 0
307 0
308 0
309 0
31 0
310 0
311 0
312 0
313 0
314 0
315 0
316 0
317 0
318 0
319 0
32 0
320 0
321 0
322 0
323 0
324 0
325 0
326 0
327 0
328 0
329 0
33 0
330 0
331 0
332 0
333 0
334 0
335 0
336 0
337 0
338 0
339 0
34 0
340 0
341 0
342 0
343 0
344 0
345 0
346 0
347 0
348 0
349 0
35 0
350 0
351 0
352 0
353 0
354 0
355 0
356 0
357 0
358 0
359 0
36 0
360 0
361 0
362 0
363 0
364 0
365 0
366 0
367 0
368 0
369 0
37 0
370 0
371 0
372 0
373 0
374 0
375 0
376 0
377 0
378 0
379 0
38 0
380 0
381 0
382 0
383 0
384 0
385 0
386 0
387 0
388 0
389 0
39 0
390 0
391 0
392 0
393 0
394 0
395 0
396 0
397 0
398 0
399 0
4 0
40 0
400 0
401 0
402 0
403 0
404 0
405 0
406 0
407 0
408 0
409 0
41 0
410 0
411 0
412 0
413 0
414 0
415 0
416 0
417 0
418 0
419 0
42 0
420 0
421 0
422 0
423 0
424 0
425 0
426 0
427 0
428 0
429 0
43 0
430 0
431 0
432 0
433 0
434 0
435 0
436 0
437 0
438 0
439 0
44 0
440 0
441 0
442 0
443 0
444 0
445 0
446 0
447 0
448 0
449 0
45 0
450 0
451 0
452 0
453 0
454 0
455 0
456 0
457 0
458 0
459 0
46 0
460 0
461 0
462 0
463 0
464 0
465 0
466 0
467 0
468 0
469 0
47 0
470 0
471 0
472 0
473 0
474 0
475 0
476 0
477 0
478 0
479 0
48 0
480 0
481 0
482 0
483 0
484 0
485 0
486 0
487 0
488 0
489 0
49 0
490 0
491 0
492 0
493 0
494 0
495 0
496 0
497 0
498 0
499 0
5 0
50 0
500 0
501 0
502 0
503 0
504 0
505 0
506 0
507 0
508 0
509 0
51 0
510 0
511 0
512 0
513 0
514 0
515 0
516 0
517 0
518 0
519 0
52 0
520 0
521 0
522 0
523 0
524 0
525 0
526 0
527 0
528 0
529 0
53 0
530 0
531 0
532 0
533 0
534 0
535 0
536 0
537 0
538 0
539 0
54 0
540 0
541 0
55 0
56 0
57 0
58 0
59 0
6 0
60 0
61 0
62 0
63 0
64 0
65 0
66 0
67 0
68 0
69 0
7 0
70 0
71 0
72 0
73 0
74 0
75 0
76 0
77 0
78 0
79 0
8 0
80 0
81 0
82 0
83 0
84 0
85 0
86 0
87 0
88 0
89 0
9 0
90 0
91 0
92 0
93 0
94 0
95 0
96 0
97 0
98 0
99 0
109 0
110 0
117 0
118 0
133 0
134 0
135 0
136 0
161 0
162 0
163 0
164 0
18 0
184 0
185 0
19 0
193 0
194 0
222 0
223 0
236 0
237 0
263 0
264 0
276 0
277 0
28 0
289 0
29 0
290 0
3 0
305 0
306 0
31 0
312 0
313 0
315 0
316 0
32 0
325 0
326 0
327 0
328 0
34 0
35 0
36 0
37 0
371 0
372 0
379 0
380 0
384 0
385 0
39 0
395 0
396 0
398 0
399 0
4 0
40 0
408 0
409 0
42 0
421 0
422 0
43 0
435 0
436 0
443 0
444 0
448 0
449 0
450 0
451 0
460 0
461 0
497 0
498 0
500 0
501 0
506 0
507 0
508 0
509 0
53 0
530 0
531 0
54 0
552 0
553 0
556 0
557 0
564 0
565 0
575 0
576 0
583 0
584 0
597 0
598 0
604 0
605 0
616 0
617 0
621 0
622 0
645 0
646 0
652 0
653 0
658 0
659 0
661 0
662 0
666 0
667 0
674 0
675 0
678 0
679 0
682 0
683 0
688 0
689 0
694 0
695 0
707 0
708 0
709 0
710 0
712 0
713 0
714 0
715 0
78 0
79 0
84 0
85 0
90 0
91 0
98 0
99 0
109 0
110 17
117 466
118 466
133 461
134 465
135 4
136 466
161 64
162 464
163 128
164 464
18 416
184 462
185 389
19 488
193 460
194 77
222 2
223 455
236 0
237 31
263 452
264 1
276 281
277 31
28 3
289 0
29 486
290 449
3 10
305 440
306 449
31 103
312 52
313 448
315 422
316 79
32 486
325 444
326 185
327 7
328 445
34 484
35 462
36 467
37 484
371 435
372 444
379 3
380 444
384 347
385 158
39 209
395 444
396 444
398 75
399 444
4 494
40 69
408 427
409 384
42 475
421 2
422 442
43 465
435 0
436 441
443 131
444 441
448 441
449 436
450 0
451 441
460 435
461 7
497 0
498 440
500 440
501 433
506 440
507 440
508 438
509 440
53 0
530 57
531 436
54 473
552 8
553 434
556 0
557 8
564 1
565 408
575 433
576 433
583 433
584 433
597 0
598 371
604 126
605 424
616 433
617 433
621 0
622 433
645 425
646 431
652 0
653 403
658 431
659 430
661 1
662 430
666 0
667 405
674 12
675 430
678 429
679 429
682 10
683 430
688 429
689 430
694 408
695 104
707 0
708 426
709 0
710 430
712 429
713 430
714 3
715 430
78 474
79 5
84 6
85 474
90 473
91 474
98 0
99 472
10 999
103 502
104 993
109 999
110 15
111 925
112 999
114 1
115 999
12 0
120 0
121 13
126 0
127 999
13 999
130 55
131 999
142 873
143 999
149 999
15 102
150 999
16 999
161 999
162 999
163 12
164 999
166 999
167 865
17 999
173 193
174 999
175 0
176 999
179 0
18 999
180 999
184 0
185 0
195 998
196 999
200 999
201 999
203 0
204 999
213 998
214 989
216 999
217 999
232 875
233 999
239 183
240 999
242 994
243 999
248 6
249 999
259 0
260 999
266 992
267 999
270 963
271 999
278 925
279 999
281 900
282 999
294 964
295 997
296 3
297 999
299 0
300 999
311 992
312 999
314 1
315 999
318 981
319 999
335 999
336 999
340 11
341 999
343 999
344 991
347 0
348 999
357 147
358 999
364 0
365 13
367 0
368 999
384 999
385 999
393 939
394 999
395 905
396 999
399 999
4 4
400 999
401 941
402 999
413 2
414 999
416 999
417 999
423 0
424 356
437 0
438 3
44 0
441 2
442 999
45 18
450 1
451 999
455 999
456 999
465 999
466 999
468 15
469 999
475 3
476 999
477 0
478 999
48 999
480 999
481 998
484 999
485 999
487 12
488 999
49 102
493 901
494 999
5 999
508 1
509 999
520 924
521 15
526 999
527 999
539 0
540 999
542 167
543 999
548 932
549 999
550 890
551 999
552 0
553 999
565 997
566 999
567 521
568 999
571 1
572 999
575 999
576 11
580 1
581 999
584 999
585 999
586 127
587 999
591 0
592 999
597 999
598 12
610 524
611 999
620 943
621 999
635 1
636 999
641 999
642 999
645 991
646 999
69 0
70 4
78 999
79 999
82 881
83 999
84 25
85 999
87 999
88 999
9 0
90 182
91 999
10 999
103 502
104 993
109 999
110 15
111 925
112 999
114 1
115 999
12 0
120 0
121 13
126 0
127 999
13 999
130 55
131 999
142 873
143 999
149 999
15 102
150 999
16 999
161 999
162 999
163 12
164 999
166 999
167 865
17 999
173 193
174 999
175 0
176 999
179 0
18 999
180 999
184 0
185 0
195 998
196 999
200 999
201 999
203 0
204 999
213 998
214 989
216 999
217 999
232 875
233 999
239 183
240 999
242 994
243 999
248 6
249 999
259 0
260 999
266 992
267 999
270 963
271 999
278 925
279 999
281 900
282 999
294 964
295 997
296 3
297 999
299 0
300 999
311 992
312 999
314 1
315 999
318 981
319 999
335 999
336 999
340 11
341 999
343 999
344 991
347 0
348 999
357 147
358 999
364 0
365 13
367 0
368 999
384 999
385 999
393 939
394 999
395 905
396 999
399 999
4 4
400 999
401 941
402 999
413 2
414 999
416 999
417 999
423 0
424 356
437 0
438 3
44 0
441 2
442 999
45 18
450 1
451 999
455 999
456 999
465 999
466 999
468 15
469 999
475 3
476 999
477 0
478 999
48 999
480 999
481 998
484 999
485 999
487 12
488 999
49 102
493 901
494 999
5 999
508 1
509 999
520 924
521 15
526 999
527 999
539 0
540 999
542 167
543 999
548 932
549 999
550 890
551 999
552 0
553 999
565 997
566 999
567 521
568 999
571 1
572 999
575 999
576 11
580 1
581 999
584 999
585 999
586 127
587 999
591 0
592 999
597 999
598 12
610 524
611 999
620 943
621 999
635 1
636 999
641 999
642 999
645 991
646 999
69 0
70 4
78 999
79 999
82 881
83 999
84 25
85 999
87 999
88 999
9 0
90 182
91 999
107 943
108 987
111 846
112 987
114 822
115 986
116 0
117 986
12 996
120 1
121 986
122 47
123 986
124 30
125 986
128 0
129 986
13 996
136 7
137 985
143 40
144 984
15 9
158 971
159 981
16 996
161 15
162 981
166 981
167 834
170 964
171 980
176 0
177 980
183 7
184 980
187 979
188 979
190 979
191 825
195 900
196 979
20 631
207 0
208 978
209 3
21 996
210 978
216 974
217 975
219 975
220 975
223 2
224 975
232 974
233 973
235 11
236 974
245 974
246 974
247 901
248 974
25 12
253 0
254 7
256 0
257 974
26 996
260 910
261 974
262 562
263 974
265 962
266 947
27 2
270 4
271 974
273 3
274 974
275 11
276 974
279 2
28 996
280 974
286 973
287 974
289 967
290 955
292 561
293 973
3 3
308 971
309 971
313 971
314 905
320 971
321 788
338 871
339 823
342 0
343 970
347 970
348 12
35 996
350 15
351 970
354 969
355 857
357 970
358 970
36 996
361 23
362 970
368 0
369 8
37 6
371 970
372 970
377 14
378 970
38 995
381 0
382 970
393 6
394 970
4 997
41 0
42 140
423 933
424 966
425 0
426 966
445 29
446 966
447 494
448 966
449 418
450 966
455 0
456 966
459 2
46 894
460 966
461 5
462 966
463 42
464 964
467 964
468 964
47 994
475 0
476 964
477 964
478 964
482 20
483 964
485 0
486 964
487 3
488 964
49 993
50 993
500 515
501 964
503 0
504 964
505 4
506 962
508 0
509 964
51 993
510 964
511 964
52 993
520 964
521 964
522 1
523 964
533 964
534 964
535 78
536 964
547 964
548 964
549 25
550 964
559 0
56 102
560 964
567 957
568 964
57 991
572 0
573 964
586 30
587 964
589 955
590 964
599 21
600 962
606 0
607 962
610 844
611 962
629 962
630 962
635 855
636 962
640 962
641 962
646 30
647 961
65 0
651 840
652 955
658 0
659 961
66 989
67 1
68 990
7 2
71 910
72 975
74 831
75 989
76 142
77 989
8 996
84 0
85 0
89 2
90 989
93 0
94 157
95 4
96 988
10 999
103 502
104 993
109 999
110 15
111 925
112 999
114 1
115 999
12 0
120 0
121 13
126 0
127 999
13 999
130 55
131 999
142 873
143 999
149 999
15 102
150 999
16 999
161 999
162 999
163 12
164 999
166 999
167 865
17 999
173 193
174 999
175 0
176 999
179 0
18 999
180 999
184 0
185 0
195 998
196 999
200 999
201 999
203 0
204 999
213 998
214 989
216 999
217 999
232 875
233 999
239 183
240 999
242 994
243 999
248 6
249 999
259 0
260 999
266 992
267 999
270 963
271 999
278 925
279 999
281 900
282 999
294 964
295 997
296 3
297 999
299 0
300 999
311 992
312 999
314 1
315 999
318 981
319 999
335 999
336 999
340 11
341 999
343 999
344 991
347 0
348 999
357 147
358 999
364 0
365 13
367 0
368 999
384 999
385 999
393 939
394 999
395 905
396 999
399 999
4 4
400 999
401 941
402 999
413 2
414 999
416 999
417 999
423 0
424 356
437 0
438 3
44 0
441 2
442 999
45 18
450 1
451 999
455 999
456 999
465 999
466 999
468 15
469 999
475 3
476 999
477 0
478 999
48 999
480 999
481 998
484 999
485 999
487 12
488 999
49 102
493 901
494 999
5 999
508 1
509 999
520 924
521 15
526 999
527 999
539 0
540 999
542 167
543 999
548 932
549 999
550 890
551 999
552 0
553 999
565 997
566 999
567 521
568 999
571 1
572 999
575 999
576 11
580 1
581 999
584 999
585 999
586 127
587 999
591 0
592 999
597 999
598 12
610 524
611 999
620 943
621 999
635 1
636 999
641 999
642 999
645 991
646 999
69 0
70 4
78 999
79 999
82 881
83 999
84 25
85 999
87 999
88 999
9 0
90 182
91 999
10 988
109 992
11 999
110 972
127 218
128 999
129 0
130 997
134 0
135 999
140 992
141 999
158 16
159 999
172 24
173 999
18 0
184 1
185 999
189 0
19 992
190 999
205 0
206 998
210 126
211 999
213 999
214 148
218 7
219 999
223 999
224 19
239 998
240 999
251 0
252 75
258 0
259 999
263 29
264 999
266 989
267 0
284 922
285 999
287 219
288 992
312 856
313 992
33 999
331 2
332 999
34 999
356 0
357 953
364 0
365 953
414 0
415 998
420 13
421 999
427 999
428 999
429 860
430 999
440 999
441 29
450 0
451 998
459 0
460 999
474 17
475 999
483 997
484 16
486 990
487 999
489 987
490 998
493 0
494 999
501 997
502 998
504 2
505 995
511 0
512 993
514 999
515 998
535 999
536 934
538 5
539 999
543 952
544 999
546 993
547 135
554 148
555 999
556 936
557 999
630 0
631 999
647 0
648 10
649 0
650 999
668 4
669 999
671 953
672 202
673 148
674 999
675 999
676 999
683 673
684 953
7 999
705 135
706 999
715 0
716 992
724 999
725 996
79 12
8 985
80 999
82 19
83 999
1 264
10 499
100 499
101 499
103 0
104 198
107 499
108 499
109 499
110 499
112 499
113 499
115 499
116 499
120 499
121 499
122 20
123 499
125 499
126 499
127 499
128 499
13 0
132 499
133 496
134 499
135 499
139 499
14 499
140 499
141 499
142 499
143 499
144 499
145 37
146 499
15 7
150 223
151 499
152 449
153 499
154 28
155 499
16 499
160 496
161 499
162 64
163 499
17 0
171 499
172 499
174 499
175 499
176 499
177 499
18 499
180 499
181 499
182 89
183 499
186 499
187 499
188 8
189 499
19 499
191 499
192 499
197 499
198 499
2 499
20 499
201 34
202 499
206 499
207 499
21 45
211 499
212 499
213 49
214 499
215 491
216 499
217 499
218 499
22 499
220 88
221 499
222 448
223 499
224 499
225 499
226 491
227 499
228 497
229 499
231 499
232 499
234 106
235 499
236 23
237 499
238 470
239 499
240 0
241 499
244 499
245 499
246 469
247 499
249 77
25 499
250 499
252 499
253 499
254 495
255 499
256 499
257 499
26 499
261 499
262 499
263 496
264 499
269 499
27 70
270 499
272 499
273 499
274 134
275 499
278 499
279 499
28 499
280 4
281 499
284 499
285 499
288 499
289 499
298 499
299 499
30 499
301 499
302 499
306 499
307 499
308 499
309 499
31 499
312 499
313 499
316 499
317 499
318 499
319 499
320 499
321 499
322 499
323 499
324 499
325 499
328 499
329 499
331 217
332 499
333 499
334 499
335 499
336 499
337 182
338 499
341 499
342 499
345 0
346 499
347 499
348 499
35 498
350 15
351 499
352 8
353 499
354 499
355 499
357 499
358 499
36 89
363 499
364 499
365 495
366 499
367 182
368 499
369 499
37 499
370 499
371 499
372 499
374 498
375 499
378 499
379 499
38 499
380 58
381 499
382 499
383 499
385 499
386 499
388 499
389 499
39 498
392 70
393 499
394 210
395 499
396 95
397 499
398 6
399 499
40 499
403 243
404 499
408 499
409 499
416 311
417 499
419 499
42 499
420 499
421 233
422 499
425 3
426 499
427 499
428 499
43 499
431 456
432 499
435 499
436 103
438 499
439 499
441 487
442 499
45 15
450 499
451 499
452 499
453 499
454 499
455 499
457 15
458 499
46 499
460 499
461 18
462 34
463 499
464 157
465 499
47 199
470 55
471 499
475 499
476 499
477 499
478 499
479 499
48 499
480 499
481 499
482 499
483 499
484 499
486 499
487 499
489 453
49 1
490 499
491 499
492 499
494 499
495 499
497 499
498 499
499 66
5 209
50 499
500 499
502 499
503 499
504 499
505 499
506 499
507 499
51 70
511 499
512 499
513 467
514 499
515 499
516 499
52 499
521 471
522 499
523 499
524 499
525 485
526 499
527 32
528 499
529 497
530 499
531 499
532 499
533 467
534 499
535 17
536 499
538 455
539 499
540 499
541 499
542 178
543 499
544 499
545 499
548 499
549 499
552 210
553 499
554 499
555 499
560 499
561 499
562 499
563 499
566 495
567 499
568 499
569 499
573 116
574 499
577 5
578 499
579 499
58 499
580 499
581 4
582 499
583 499
584 499
586 83
587 499
589 499
59 499
590 499
592 88
593 499
595 494
596 66
6 499
63 0
64 499
66 499
67 499
68 473
69 499
7 497
73 86
74 499
76 43
77 499
78 499
79 499
8 499
81 499
82 499
85 42
86 499
9 499
90 0
91 499
92 499
93 499
95 499
96 7
1 277
10 165
102 9999
103 9986
104 9994
105 9999
106 9910
107 9999
108 9999
109 9999
11 9999
110 967
111 9999
112 5300
113 9999
116 9999
117 9999
119 9955
12 9999
120 9999
121 91
122 9999
123 57
124 9999
125 9999
126 9999
127 9999
128 9999
129 9557
13 9999
130 9999
131 9999
132 9999
133 0
134 9993
135 9999
136 9999
138 9981
139 9999
140 9999
141 9999
142 9999
143 9999
145 9999
146 9999
147 54
148 9999
149 9999
150 9999
151 6107
152 9999
155 9903
156 9983
157 1377
158 9999
159 31
16 8538
160 9999
161 7423
162 9999
164 8474
165 9999
167 9999
168 9999
17 9999
170 9999
171 9953
172 6240
173 9999
174 9999
175 9999
176 6949
177 9999
178 6429
179 9999
18 6428
180 1443
181 9999
182 9726
183 9999
186 9999
187 9999
19 9999
191 9999
192 9999
193 9982
194 9999
195 9999
196 9999
197 9999
198 9999
199 5
2 9999
20 3
200 9999
201 9143
202 9999
206 14
207 9999
209 1
21 9999
210 9999
211 9999
212 9999
213 1042
214 9999
215 9992
216 9999
217 9990
218 9999
219 1038
220 9999
221 9999
222 9999
223 5317
224 9999
225 9129
226 9999
227 9972
228 9999
230 9999
231 9999
232 9717
233 9999
234 9999
235 9999
236 9999
237 9999
240 9990
241 9999
242 9999
243 9999
244 25
245 9999
246 9
247 9999
248 9999
249 9999
25 8888
250 39
251 9999
252 8658
253 9999
255 9999
256 9551
26 9999
261 1129
262 9999
263 9997
264 9999
266 8062
267 9999
27 9992
271 885
272 9999
273 0
274 9999
275 967
276 9999
278 9999
279 9999
28 9999
281 9624
282 9999
285 9999
286 9999
287 6632
288 9999
289 9999
290 9999
291 9999
292 9999
293 9999
294 9999
297 9999
298 9999
30 9679
300 9999
301 9999
302 9999
303 9999
304 9999
305 9999
306 1
307 9999
308 9999
309 9999
31 9999
311 12
312 9992
313 9999
314 9999
317 895
318 9999
319 9999
32 1377
320 9999
321 9999
322 9999
324 9999
325 9999
326 43
327 9999
33 9999
333 9999
334 9999
335 9999
336 9999
338 9999
339 9999
340 9954
341 9999
342 0
343 9999
344 9999
345 9999
347 8420
348 9999
349 6803
35 31
350 9999
353 9999
354 9999
355 786
356 9999
357 8955
358 9999
359 9757
36 9999
360 9999
362 12
363 9999
364 9999
365 9999
366 9967
367 9999
368 9999
369 9999
37 700
370 9795
371 9999
374 9972
375 9999
38 9999
380 9169
381 9999
382 9999
383 9999
384 838
385 9999
386 9999
387 9999
388 9999
389 9999
39 9999
390 9529
391 9999
392 784
393 9999
394 9999
395 9999
396 9999
397 9999
399 9999
40 9999
400 9999
405 5007
406 9999
407 4642
408 9999
409 9999
41 858
410 9999
411 253
412 9999
414 9999
415 9999
417 9999
418 9999
42 9999
420 6635
421 9999
422 29
423 9996
424 5032
425 9999
426 8802
427 9999
428 9913
429 9999
430 9925
431 9999
432 48
433 9994
437 9921
438 9999
439 9433
440 9999
442 710
443 9999
444 9999
445 9999
446 9999
447 9999
448 9999
449 9999
450 637
451 9999
453 9999
454 9999
456 8
457 9994
458 9788
459 9999
460 9993
461 9999
462 9986
463 9999
464 2213
465 9999
466 9999
467 9999
470 46
471 9999
472 9999
473 9999
474 9982
475 9999
476 9999
477 9999
478 9999
479 9999
48 9999
480 6255
481 9999
485 166
486 9999
489 109
49 9999
490 9999
492 9999
493 9999
496 6052
497 9999
499 5
50 6309
500 9999
501 9999
502 9999
506 13
507 9999
508 9999
509 9999
51 9999
510 9
511 9995
512 778
513 9999
515 9517
516 9999
518 9971
519 9999
52 9999
520 161
521 9999
524 9986
525 9999
526 6791
527 9999
528 9999
529 9999
53 9999
531 9998
532 9999
534 9998
535 9999
536 51
537 9999
56 3574
57 9999
58 328
59 9999
6 65
60 9999
61 9999
62 9999
63 9999
65 9999
66 952
67 9999
68 9999
7 9999
72 37
73 9999
74 9999
75 9999
76 9999
77 9999
78 8915
79 9999
81 15
82 9999
83 9999
84 9999
85 7
86 9993
87 139
88 9999
89 70
90 9999
91 151
92 9999
93 9955
94 9999
96 9999
97 9999
1 277
10 165
102 9999
103 9986
104 9994
105 9999
106 9910
107 9999
108 9999
109 9999
11 9999
110 967
111 9999
112 5300
113 9999
116 9999
117 9999
119 9955
12 9999
120 9999
121 91
122 9999
123 57
124 9999
125 9999
126 9999
127 9999
128 9999
129 9557
13 9999
130 9999
131 9999
132 9999
133 0
134 9993
135 9999
136 9999
138 9981
139 9999
140 9999
141 9999
142 9999
143 9999
145 9999
146 9999
147 54
148 9999
149 9999
150 9999
151 6107
152 9999
155 9903
156 9983
157 1377
158 9999
159 31
16 8538
160 9999
161 7423
162 9999
164 8474
165 9999
167 9999
168 9999
17 9999
170 9999
171 9953
172 6240
173 9999
174 9999
175 9999
176 6949
177 9999
178 6429
179 9999
18 6428
180 1443
181 9999
182 9726
183 9999
186 9999
187 9999
19 9999
191 9999
192 9999
193 9982
194 9999
195 9999
196 9999
197 9999
198 9999
199 5
2 9999
20 3
200 9999
201 9143
202 9999
206 14
207 9999
209 1
21 9999
210 9999
211 9999
212 9999
213 1042
214 9999
215 9992
216 9999
217 9990
218 9999
219 1038
220 9999
221 9999
222 9999
223 5317
224 9999
225 9129
226 9999
227 9972
228 9999
230 9999
231 9999
232 9717
233 9999
234 9999
235 9999
236 9999
237 9999
240 9990
241 9999
242 9999
243 9999
244 25
245 9999
246 9
247 9999
248 9999
249 9999
25 8888
250 39
251 9999
252 8658
253 9999
255 9999
256 9551
26 9999
261 1129
262 9999
263 9997
264 9999
266 8062
267 9999
27 9992
271 885
272 9999
273 0
274 9999
275 967
276 9999
278 9999
279 9999
28 9999
281 9624
282 9999
285 9999
286 9999
287 6632
288 9999
289 9999
290 9999
291 9999
292 9999
293 9999
294 9999
297 9999
298 9999
30 9679
300 9999
301 9999
302 9999
303 9999
304 9999
305 9999
306 1
307 9999
308 9999
309 9999
31 9999
311 12
312 9992
313 9999
314 9999
317 895
318 9999
319 9999
32 1377
320 9999
321 9999
322 9999
324 9999
325 9999
326 43
327 9999
33 9999
333 9999
334 9999
335 9999
336 9999
338 9999
339 9999
340 9954
341 9999
342 0
343 9999
344 9999
345 9999
347 8420
348 9999
349 6803
35 31
350 9999
353 9999
354 9999
355 786
356 9999
357 8955
358 9999
359 9757
36 9999
360 9999
362 12
363 9999
364 9999
365 9999
366 9967
367 9999
368 9999
369 9999
37 700
370 9795
371 9999
374 9972
375 9999
38 9999
380 9169
381 9999
382 9999
383 9999
384 838
385 9999
386 9999
387 9999
388 9999
389 9999
39 9999
390 9529
391 9999
392 784
393 9999
394 9999
395 9999
396 9999
397 9999
399 9999
40 9999
400 9999
405 5007
406 9999
407 4642
408 9999
409 9999
41 858
410 9999
411 253
412 9999
414 9999
415 9999
417 9999
418 9999
42 9999
420 6635
421 9999
422 29
423 9996
424 5032
425 9999
426 8802
427 9999
428 9913
429 9999
430 9925
431 9999
432 48
433 9994
437 9921
438 9999
439 9433
440 9999
442 710
443 9999
444 9999
445 9999
446 9999
447 9999
448 9999
449 9999
450 637
451 9999
453 9999
454 9999
456 8
457 9994
458 9788
459 9999
460 9993
461 9999
462 9986
463 9999
464 2213
465 9999
466 9999
467 9999
470 46
471 9999
472 9999
473 9999
474 9982
475 9999
476 9999
477 9999
478 9999
479 9999
48 9999
480 6255
481 9999
485 166
486 9999
489 109
49 9999
490 9999
492 9999
493 9999
496 6052
497 9999
499 5
50 6309
500 9999
501 9999
502 9999
506 13
507 9999
508 9999
509 9999
51 9999
510 9
511 9995
512 778
513 9999
515 9517
516 9999
518 9971
519 9999
52 9999
520 161
521 9999
524 9986
525 9999
526 6791
527 9999
528 9999
529 9999
53 9999
531 9998
532 9999
534 9998
535 9999
536 51
537 9999
56 3574
57 9999
58 328
59 9999
6 65
60 9999
61 9999
62 9999
63 9999
65 9999
66 952
67 9999
68 9999
7 9999
72 37
73 9999
74 9999
75 9999
76 9999
77 9999
78 8915
79 9999
81 15
82 9999
83 9999
84 9999
85 7
86 9993
87 139
88 9999
89 70
90 9999
91 151
92 9999
93 9955
94 9999
96 9999
97 9999
10 3
11 489
12 0
120 0
121 446
122 1
123 442
13 430
152 23
