10 9999
104 5
105 9999
109 0
110 9999
111 8
112 9999
113 59
114 9999
116 59
117 9999
119 7
120 9999
123 88
124 9999
126 9674
127 9999
128 9974
129 9999
134 114
135 9999
14 0
140 92
141 9999
15 9999
151 9996
152 9999
153 0
154 9999
156 9999
157 9996
162 9999
163 9999
170 843
171 9999
172 9576
173 9999
18 6491
184 0
185 9999
188 9969
189 9999
19 9999
191 9999
192 9967
199 1172
200 9999
203 0
204 9999
205 58
206 9999
209 972
210 58
212 9937
213 9997
214 0
215 9999
216 0
217 9999
226 607
227 9999
230 9952
231 9681
232 0
233 9576
238 9999
239 9979
25 5
250 6
251 9999
253 0
254 9972
255 6
256 9999
26 9999
267 0
268 9435
276 0
277 9999
28 7
282 47
283 9999
287 9
288 9999
29 9999
292 0
293 0
296 0
297 9999
298 0
299 9974
304 9601
305 9969
313 9999
314 9912
316 6
317 9999
318 0
319 9999
323 9
324 9999
325 84
326 9999
330 9973
331 9999
333 5
334 9999
335 0
336 9435
337 0
338 9996
340 3
341 9999
342 88
343 9999
348 0
349 9999
353 0
354 9999
364 9
365 9999
371 9440
372 9999
379 43
380 9999
381 6
382 9999
386 9999
387 9999
393 0
394 9999
395 1335
396 9999
398 6359
399 9999
40 0
400 9
401 9999
402 58
403 9999
408 0
409 9977
41 9997
410 9181
411 9999
412 0
413 9999
414 3
415 9999
417 9995
418 9999
422 790
423 9999
424 9997
425 9999
427 9977
428 9999
429 9995
43 0
430 9999
436 9999
437 9999
44 9995
448 1308
449 9999
452 0
453 9999
456 0
457 9434
462 0
463 9999
466 73
467 9999
469 6951
470 9999
474 58
475 9997
476 3
477 9999
48 9999
482 0
483 9999
484 0
485 9999
49 7
493 0
494 9998
497 88
498 9999
499 58
5 9997
50 0
500 9999
501 0
502 9999
505 9
506 9999
51 9967
513 9997
514 9999
520 0
521 9999
524 0
525 9999
527 0
528 9999
529 4
530 9999
531 5
532 9999
538 0
539 0
54 0
546 0
547 9999
55 9999
566 48
567 9999
568 972
569 9999
570 0
571 9999
575 0
576 9999
578 9262
579 9999
580 846
581 9999
582 9625
583 9999
584 763
585 9999
59 9997
591 0
592 9440
595 9440
596 9937
6 9999
60 9999
600 7
601 9999
603 6379
604 9619
605 0
606 9997
618 9997
619 574
621 9576
622 9999
628 9940
629 9999
63 0
636 8
637 9971
64 9999
642 0
643 9999
674 9998
675 9999
681 6400
682 9944
684 0
685 9997
693 9999
694 9999
698 0
699 9999
702 114
703 9999
704 9998
705 9999
709 114
710 9999
713 4
714 9999
715 5
716 9999
718 9966
719 9998
72 9971
720 8817
721 9999
723 9150
724 58
727 1111
728 9999
73 9993
730 9399
731 9999
733 1112
734 9999
735 4
736 9999
741 7
742 9997
743 9903
744 9999
745 9264
746 9999
749 1204
750 9999
755 3
756 9999
757 0
758 9999
759 0
760 9999
764 43
765 9996
78 2
79 9999
80 95
81 9999
83 9674
84 9999
85 9999
86 9999
87 8
88 9968
89 711
9 9995
90 9999
93 0
94 9999
95 0
96 9999
97 0
98 9999
10 9999
104 5
105 9999
109 0
110 9999
111 8
112 9999
113 59
114 9999
116 59
117 9999
119 7
120 9999
123 88
124 9999
126 9674
127 9999
128 9974
129 9999
134 114
135 9999
14 0
140 92
141 9999
15 9999
151 9996
152 9999
153 0
154 9999
156 9999
157 9996
162 9999
163 9999
170 843
171 9999
172 9576
173 9999
18 6491
184 0
185 9999
188 9969
189 9999
19 9999
191 9999
192 9967
199 1172
200 9999
203 0
204 9999
205 58
206 9999
209 972
210 58
212 9937
213 9997
214 0
215 9999
216 0
217 9999
226 607
227 9999
230 9952
231 9681
232 0
233 9576
238 9999
239 9979
25 5
250 6
251 9999
253 0
254 9972
255 6
256 9999
26 9999
267 0
268 9435
276 0
277 9999
28 7
282 47
283 9999
287 9
288 9999
29 9999
292 0
293 0
296 0
297 9999
298 0
299 9974
304 9601
305 9969
313 9999
314 9912
316 6
317 9999
318 0
319 9999
323 9
324 9999
325 84
326 9999
330 9973
331 9999
333 5
334 9999
335 0
336 9435
337 0
338 9996
340 3
341 9999
342 88
343 9999
348 0
349 9999
353 0
354 9999
364 9
365 9999
371 9440
372 9999
379 43
380 9999
381 6
382 9999
386 9999
387 9999
393 0
394 9999
395 1335
396 9999
398 6359
399 9999
40 0
400 9
401 9999
402 58
403 9999
408 0
409 9977
41 9997
410 9181
411 9999
412 0
413 9999
414 3
415 9999
417 9995
418 9999
422 790
423 9999
424 9997
425 9999
427 9977
428 9999
429 9995
43 0
430 9999
436 9999
437 9999
44 9995
448 1308
449 9999
452 0
453 9999
456 0
457 9434
462 0
463 9999
466 73
467 9999
469 6951
470 9999
474 58
475 9997
476 3
477 9999
48 9999
482 0
483 9999
484 0
485 9999
49 7
493 0
494 9998
497 88
498 9999
499 58
5 9997
50 0
500 9999
501 0
502 9999
505 9
506 9999
51 9967
513 9997
514 9999
520 0
521 9999
524 0
525 9999
527 0
528 9999
529 4
530 9999
531 5
532 9999
538 0
539 0
54 0
546 0
547 9999
55 9999
566 48
567 9999
568 972
569 9999
570 0
571 9999
575 0
576 9999
578 9262
579 9999
580 846
581 9999
582 9625
583 9999
584 763
585 9999
59 9997
591 0
592 9440
595 9440
596 9937
6 9999
60 9999
600 7
601 9999
603 6379
604 9619
605 0
606 9997
618 9997
619 574
621 9576
622 9999
628 9940
629 9999
63 0
636 8
637 9971
64 9999
642 0
643 9999
674 9998
675 9999
681 6400
682 9944
684 0
685 9997
693 9999
694 9999
698 0
699 9999
702 114
703 9999
704 9998
705 9999
709 114
710 9999
713 4
714 9999
715 5
716 9999
718 9966
719 9998
72 9971
720 8817
721 9999
723 9150
724 58
727 1111
728 9999
73 9993
730 9399
731 9999
733 1112
734 9999
735 4
736 9999
741 7
742 9997
743 9903
744 9999
745 9264
746 9999
749 1204
750 9999
755 3
756 9999
757 0
758 9999
759 0
760 9999
764 43
765 9996
78 2
79 9999
80 95
81 9999
83 9674
84 9999
85 9999
86 9999
87 8
88 9968
89 711
9 9995
90 9999
93 0
94 9999
95 0
96 9999
97 0
98 9999
0 0
1 0
10 0
100 0
101 0
102 0
103 0
104 0
105 0
106 0
107 0
108 0
109 0
11 0
110 0
111 0
112 0
113 0
114 0
115 0
116 0
117 0
118 0
119 0
12 0
120 0
121 0
122 0
123 0
124 0
125 0
126 0
127 0
128 0
129 0
13 0
130 0
131 0
132 0
133 0
134 0
135 0
136 0
137 0
138 0
139 0
14 0
140 0
141 0
142 0
143 0
144 0
145 0
146 0
147 0
148 0
149 0
15 0
150 0
151 0
152 0
153 0
154 0
155 0
156 0
157 0
158 0
159 0
16 0
160 0
161 0
162 0
163 0
164 0
165 0
166 0
167 0
168 0
169 0
17 0
170 0
171 0
172 0
173 0
174 0
175 0
176 0
177 0
178 0
179 0
18 0
180 0
181 0
182 0
183 0
184 0
185 0
186 0
187 0
188 0
189 0
19 0
190 0
191 0
192 0
193 0
194 0
195 0
196 0
197 0
198 0
199 0
2 0
20 0
200 0
201 0
202 0
203 0
204 0
205 0
206 0
207 0
208 0
209 0
21 0
210 0
211 0
212 0
213 0
214 0
215 0
216 0
217 0
218 0
219 0
22 0
220 0
221 0
222 0
223 0
224 0
225 0
226 0
227 0
228 0
229 0
23 0
230 0
231 0
232 0
233 0
234 0
235 0
236 0
237 0
238 0
239 0
24 0
240 0
241 0
242 0
243 0
244 0
245 0
246 0
247 0
248 0
249 0
25 0
250 0
251 0
252 0
253 0
254 0
255 0
256 0
257 0
258 0
259 0
26 0
260 0
261 0
262 0
263 0
264 0
265 0
266 0
267 0
268 0
269 0
27 0
270 0
271 0
272 0
273 0
274 0
275 0
276 0
277 0
278 0
279 0
28 0
280 0
281 0
282 0
283 0
284 0
285 0
286 0
287 0
288 0
289 0
29 0
290 0
291 0
292 0
293 0
294 0
295 0
296 0
297 0
298 0
299 0
3 0
30 0
300 0
301 0
302 0
303 0
304 0
305 0
306 0
307 0
308 0
309 0
31 0
310 0
311 0
312 0
313 0
314 0
315 0
316 0
317 0
318 0
319 0
32 0
320 0
321 0
322 0
323 0
324 0
325 0
326 0
327 0
328 0
329 0
33 0
330 0
331 0
332 0
333 0
334 0
335 0
336 0
337 0
338 0
339 0
34 0
340 0
341 0
342 0
343 0
344 0
345 0
346 0
347 0
348 0
349 0
35 0
350 0
351 0
352 0
353 0
354 0
355 0
356 0
357 0
358 0
359 0
36 0
360 0
361 0
362 0
363 0
364 0
365 0
366 0
367 0
368 0
369 0
37 0
370 0
371 0
372 0
373 0
374 0
375 0
376 0
377 0
378 0
379 0
38 0
380 0
381 0
382 0
383 0
384 0
385 0
386 0
387 0
388 0
389 0
39 0
390 0
391 0
392 0
393 0
394 0
395 0
396 0
397 0
398 0
399 0
4 0
40 0
400 0
401 0
402 0
403 0
404 0
405 0
406 0
407 0
408 0
409 0
41 0
410 0
411 0
412 0
413 0
414 0
415 0
416 0
417 0
418 0
419 0
42 0
420 0
421 0
422 0
423 0
424 0
425 0
426 0
427 0
428 0
429 0
43 0
430 0
431 0
432 0
433 0
434 0
435 0
436 0
437 0
438 0
439 0
44 0
440 0
441 0
442 0
443 0
444 0
445 0
446 0
447 0
448 0
449 0
45 0
450 0
451 0
452 0
453 0
454 0
455 0
456 0
457 0
458 0
459 0
46 0
460 0
461 0
462 0
463 0
464 0
465 0
466 0
467 0
468 0
469 0
47 0
470 0
471 0
472 0
473 0
474 0
475 0
476 0
477 0
478 0
479 0
48 0
480 0
481 0
482 0
483 0
484 0
485 0
486 0
487 0
488 0
489 0
49 0
490 0
491 0
492 0
493 0
494 0
495 0
496 0
497 0
498 0
499 0
5 0
50 0
500 0
501 0
502 0
503 0
504 0
505 0
506 0
507 0
508 0
509 0
51 0
510 0
511 0
512 0
513 0
514 0
515 0
516 0
517 0
518 0
519 0
52 0
520 0
521 0
522 0
523 0
524 0
525 0
526 0
527 0
528 0
529 0
53 0
530 0
531 0
532 0
533 0
534 0
535 0
536 0
537 0
538 0
539 0
54 0
540 0
541 0
542 0
543 0
544 0
545 0
546 0
547 0
548 0
549 0
55 0
550 0
551 0
552 0
553 0
554 0
555 0
556 0
557 0
558 0
559 0
56 0
560 0
561 0
562 0
563 0
564 0
565 0
566 0
567 0
568 0
569 0
57 0
570 0
571 0
572 0
573 0
574 0
575 0
576 0
577 0
578 0
579 0
58 0
580 0
581 0
582 0
583 0
584 0
585 0
586 0
587 0
588 0
589 0
59 0
590 0
591 0
592 0
593 0
594 0
595 0
596 0
597 0
598 0
599 0
6 0
60 0
600 0
601 0
602 0
603 0
604 0
605 0
606 0
607 0
608 0
609 0
61 0
610 0
611 0
612 0
613 0
614 0
615 0
616 0
617 0
618 0
619 0
62 0
620 0
621 0
622 0
623 0
624 0
625 0
626 0
627 0
628 0
629 0
63 0
630 0
631 0
632 0
633 0
634 0
635 0
636 0
637 0
638 0
639 0
64 0
640 0
641 0
642 0
643 0
644 0
645 0
646 0
647 0
648 0
649 0
65 0
650 0
651 0
652 0
653 0
654 0
655 0
656 0
657 0
658 0
659 0
66 0
660 0
661 0
662 0
663 0
664 0
665 0
666 0
667 0
668 0
669 0
67 0
670 0
671 0
672 0
673 0
674 0
675 0
676 0
677 0
678 0
679 0
68 0
680 0
681 0
682 0
683 0
684 0
685 0
686 0
687 0
688 0
689 0
69 0
690 0
691 0
692 0
693 0
694 0
695 0
696 0
697 0
698 0
699 0
7 0
70 0
700 0
701 0
702 0
703 0
71 0
72 0
73 0
74 0
75 0
76 0
77 0
78 0
79 0
8 0
80 0
81 0
82 0
83 0
84 0
85 0
86 0
87 0
88 0
89 0
9 0
90 0
91 0
92 0
93 0
94 0
95 0
96 0
97 0
98 0
99 0
0 0
1 0
10 0
100 0
101 0
102 0
103 0
104 0
105 0
106 0
107 0
108 0
109 0
11 0
110 0
111 0
112 0
113 0
114 0
115 0
116 0
117 0
118 0
119 0
12 0
120 0
121 0
122 0
123 0
124 0
125 0
126 0
127 0
128 0
129 0
13 0
130 0
131 0
132 0
133 0
134 0
135 0
136 0
137 0
138 0
139 0
14 0
140 0
141 0
142 0
143 0
144 0
145 0
146 0
147 0
148 0
149 0
15 0
150 0
151 0
152 0
153 0
154 0
155 0
156 0
157 0
158 0
159 0
16 0
160 0
161 0
162 0
163 0
164 0
165 0
166 0
167 0
168 0
169 0
17 0
170 0
171 0
172 0
173 0
174 0
175 0
176 0
177 0
178 0
179 0
18 0
180 0
181 0
182 0
183 0
184 0
185 0
186 0
187 0
188 0
189 0
19 0
190 0
191 0
192 0
193 0
194 0
195 0
196 0
197 0
198 0
199 0
2 0
20 0
200 0
201 0
202 0
203 0
204 0
205 0
206 0
207 0
208 0
209 0
21 0
210 0
211 0
212 0
213 0
214 0
215 0
216 0
217 0
218 0
219 0
22 0
220 0
221 0
222 0
223 0
224 0
225 0
226 0
227 0
228 0
229 0
23 0
230 0
231 0
232 0
233 0
234 0
235 0
236 0
237 0
238 0
239 0
24 0
240 0
241 0
242 0
243 0
244 0
245 0
246 0
247 0
248 0
249 0
25 0
250 0
251 0
252 0
253 0
254 0
255 0
256 0
257 0
258 0
259 0
26 0
260 0
261 0
262 0
263 0
264 0
265 0
266 0
267 0
268 0
269 0
27 0
270 0
271 0
272 0
273 0
274 0
275 0
276 0
277 0
278 0
279 0
28 0
280 0
281 0
282 0
283 0
284 0
285 0
286 0
287 0
288 0
289 0
29 0
290 0
291 0
292 0
293 0
294 0
295 0
296 0
297 0
298 0
299 0
3 0
30 0
300 0
301 0
302 0
303 0
304 0
305 0
306 0
307 0
308 0
309 0
31 0
310 0
311 0
312 0
313 0
314 0
315 0
316 0
317 0
318 0
319 0
32 0
320 0
321 0
322 0
323 0
324 0
325 0
326 0
327 0
328 0
329 0
33 0
330 0
331 0
332 0
333 0
334 0
335 0
336 0
337 0
338 0
339 0
34 0
340 0
341 0
342 0
343 0
344 0
345 0
346 0
347 0
348 0
349 0
35 0
350 0
351 0
352 0
353 0
354 0
355 0
356 0
357 0
358 0
359 0
36 0
360 0
361 0
362 0
363 0
364 0
365 0
366 0
367 0
368 0
369 0
37 0
370 0
371 0
372 0
373 0
374 0
375 0
376 0
377 0
378 0
379 0
38 0
380 0
381 0
382 0
383 0
384 0
385 0
386 0
387 0
388 0
389 0
39 0
390 0
391 0
392 0
393 0
394 0
395 0
396 0
397 0
398 0
399 0
4 0
40 0
400 0
401 0
402 0
403 0
404 0
405 0
406 0
407 0
408 0
409 0
41 0
410 0
411 0
412 0
413 0
414 0
415 0
416 0
417 0
418 0
419 0
42 0
420 0
421 0
422 0
423 0
424 0
425 0
426 0
427 0
428 0
429 0
43 0
430 0
431 0
432 0
433 0
434 0
435 0
436 0
437 0
438 0
439 0
44 0
440 0
441 0
442 0
443 0
444 0
445 0
446 0
447 0
448 0
449 0
45 0
450 0
451 0
452 0
453 0
454 0
455 0
456 0
457 0
458 0
459 0
46 0
460 0
461 0
462 0
463 0
464 0
465 0
466 0
467 0
468 0
469 0
47 0
470 0
471 0
472 0
473 0
474 0
475 0
476 0
477 0
478 0
479 0
48 0
480 0
481 0
482 0
483 0
484 0
485 0
486 0
487 0
488 0
489 0
49 0
490 0
491 0
492 0
493 0
494 0
495 0
496 0
497 0
498 0
499 0
5 0
50 0
500 0
501 0
502 0
503 0
504 0
505 0
506 0
507 0
508 0
509 0
51 0
510 0
511 0
512 0
513 0
514 0
515 0
516 0
517 0
518 0
519 0
52 0
520 0
521 0
522 0
523 0
524 0
525 0
526 0
527 0
528 0
529 0
53 0
530 0
531 0
532 0
533 0
534 0
535 0
536 0
537 0
538 0
539 0
54 0
540 0
541 0
542 0
543 0
544 0
545 0
546 0
547 0
548 0
549 0
55 0
550 0
551 0
552 0
553 0
554 0
555 0
556 0
557 0
558 0
559 0
56 0
560 0
561 0
562 0
563 0
564 0
565 0
566 0
567 0
568 0
569 0
57 0
570 0
571 0
572 0
573 0
574 0
575 0
576 0
577 0
578 0
579 0
58 0
580 0
581 0
582 0
583 0
584 0
585 0
586 0
587 0
588 0
589 0
59 0
590 0
591 0
592 0
593 0
594 0
595 0
596 0
597 0
598 0
599 0
6 0
60 0
600 0
601 0
602 0
603 0
604 0
605 0
606 0
607 0
608 0
609 0
61 0
610 0
611 0
612 0
613 0
614 0
615 0
616 0
617 0
618 0
619 0
62 0
620 0
621 0
622 0
623 0
624 0
625 0
626 0
627 0
628 0
629 0
63 0
630 0
631 0
632 0
633 0
634 0
635 0
636 0
637 0
638 0
639 0
64 0
640 0
641 0
642 0
643 0
644 0
645 0
646 0
647 0
648 0
649 0
65 0
650 0
651 0
652 0
653 0
654 0
655 0
656 0
657 0
658 0
659 0
66 0
660 0
661 0
662 0
663 0
664 0
665 0
666 0
667 0
668 0
669 0
67 0
670 0
671 0
672 0
673 0
674 0
675 0
676 0
677 0
678 0
679 0
68 0
680 0
681 0
682 0
683 0
684 0
685 0
686 0
687 0
688 0
689 0
69 0
690 0
691 0
692 0
693 0
694 0
695 0
696 0
697 0
698 0
699 0
7 0
70 0
700 0
701 0
702 0
703 0
71 0
72 0
73 0
74 0
75 0
76 0
77 0
78 0
79 0
8 0
80 0
81 0
82 0
83 0
84 0
85 0
86 0
87 0
88 0
89 0
9 0
90 0
91 0
92 0
93 0
94 0
95 0
96 0
97 0
98 0
99 0
0 0
1 0
10 0
100 0
101 0
102 0
103 0
104 0
105 0
106 0
107 0
108 0
109 0
11 0
110 0
111 0
112 0
113 0
114 0
115 0
116 0
117 0
118 0
119 0
12 0
120 0
121 0
122 0
123 0
124 0
125 0
126 0
127 0
128 0
129 0
13 0
130 0
131 0
132 0
133 0
134 0
135 0
136 0
137 0
138 0
139 0
14 0
140 0
141 0
142 0
143 0
144 0
145 0
146 0
147 0
148 0
149 0
15 0
150 0
151 0
152 0
153 0
154 0
155 0
156 0
157 0
158 0
159 0
16 0
160 0
161 0
162 0
163 0
164 0
165 0
166 0
167 0
168 0
169 0
17 0
170 0
171 0
172 0
173 0
174 0
175 0
176 0
177 0
178 0
179 0
18 0
180 0
181 0
182 0
183 0
184 0
185 0
186 0
187 0
188 0
189 0
19 0
190 0
191 0
192 0
193 0
194 0
195 0
196 0
197 0
198 0
199 0
2 0
20 0
200 0
201 0
202 0
203 0
204 0
205 0
206 0
207 0
208 0
209 0
21 0
210 0
211 0
212 0
213 0
214 0
215 0
216 0
217 0
218 0
219 0
22 0
220 0
221 0
222 0
223 0
224 0
225 0
226 0
227 0
228 0
229 0
23 0
230 0
231 0
232 0
233 0
234 0
235 0
236 0
237 0
238 0
239 0
24 0
240 0
241 0
242 0
243 0
244 0
245 0
246 0
247 0
248 0
249 0
25 0
250 0
251 0
252 0
253 0
254 0
255 0
256 0
257 0
258 0
259 0
26 0
260 0
261 0
262 0
263 0
264 0
265 0
266 0
267 0
268 0
269 0
27 0
270 0
271 0
272 0
273 0
274 0
275 0
276 0
277 0
278 0
279 0
28 0
280 0
281 0
282 0
283 0
284 0
285 0
286 0
287 0
288 0
289 0
29 0
290 0
291 0
292 0
293 0
294 0
295 0
296 0
297 0
298 0
299 0
3 0
30 0
300 0
301 0
302 0
303 0
304 0
305 0
306 0
307 0
308 0
309 0
31 0
310 0
311 0
312 0
313 0
314 0
315 0
316 0
317 0
318 0
319 0
32 0
320 0
321 0
322 0
323 0
324 0
325 0
326 0
327 0
328 0
329 0
33 0
330 0
331 0
332 0
333 0
334 0
335 0
336 0
337 0
338 0
339 0
34 0
340 0
341 0
342 0
343 0
344 0
345 0
346 0
347 0
348 0
349 0
35 0
350 0
351 0
352 0
353 0
354 0
355 0
356 0
357 0
358 0
359 0
36 0
360 0
361 0
362 0
363 0
364 0
365 0
366 0
367 0
368 0
369 0
37 0
370 0
371 0
372 0
373 0
374 0
375 0
376 0
377 0
378 0
379 0
38 0
380 0
381 0
382 0
383 0
384 0
385 0
386 0
387 0
388 0
389 0
39 0
390 0
391 0
392 0
393 0
394 0
395 0
396 0
397 0
398 0
399 0
4 0
40 0
400 0
401 0
402 0
403 0
404 0
405 0
406 0
407 0
408 0
409 0
41 0
410 0
411 0
412 0
413 0
414 0
415 0
416 0
417 0
418 0
419 0
42 0
420 0
421 0
422 0
423 0
424 0
425 0
426 0
427 0
428 0
429 0
43 0
430 0
431 0
432 0
433 0
434 0
435 0
436 0
437 0
438 0
439 0
44 0
440 0
441 0
442 0
443 0
444 0
445 0
446 0
447 0
448 0
449 0
45 0
450 0
451 0
452 0
453 0
454 0
455 0
456 0
457 0
458 0
459 0
46 0
460 0
461 0
462 0
463 0
464 0
465 0
466 0
467 0
468 0
469 0
47 0
470 0
471 0
472 0
473 0
474 0
475 0
476 0
477 0
478 0
479 0
48 0
480 0
481 0
482 0
483 0
484 0
485 0
486 0
487 0
488 0
489 0
49 0
490 0
491 0
492 0
493 0
494 0
495 0
496 0
497 0
498 0
499 0
5 0
50 0
500 0
501 0
502 0
503 0
504 0
505 0
506 0
507 0
508 0
509 0
51 0
510 0
511 0
512 0
513 0
514 0
515 0
516 0
517 0
518 0
519 0
52 0
520 0
521 0
522 0
523 0
524 0
525 0
526 0
527 0
528 0
529 0
53 0
530 0
531 0
532 0
533 0
534 0
535 0
536 0
537 0
538 0
539 0
54 0
540 0
541 0
542 0
543 0
544 0
545 0
546 0
547 0
548 0
549 0
55 0
550 0
551 0
552 0
553 0
554 0
555 0
556 0
557 0
558 0
559 0
56 0
560 0
561 0
562 0
563 0
564 0
565 0
566 0
567 0
568 0
569 0
57 0
570 0
571 0
572 0
573 0
574 0
575 0
576 0
577 0
578 0
579 0
58 0
580 0
581 0
582 0
583 0
584 0
585 0
586 0
587 0
588 0
589 0
59 0
590 0
591 0
592 0
593 0
594 0
595 0
596 0
597 0
598 0
599 0
6 0
60 0
600 0
601 0
602 0
603 0
604 0
605 0
606 0
607 0
608 0
609 0
61 0
610 0
611 0
612 0
613 0
614 0
615 0
616 0
617 0
618 0
619 0
62 0
620 0
621 0
622 0
623 0
624 0
625 0
626 0
627 0
628 0
629 0
63 0
630 0
631 0
632 0
633 0
634 0
635 0
636 0
637 0
638 0
639 0
64 0
640 0
641 0
642 0
643 0
644 0
645 0
646 0
647 0
648 0
649 0
65 0
650 0
651 0
652 0
653 0
654 0
655 0
656 0
657 0
658 0
659 0
66 0
660 0
661 0
662 0
663 0
664 0
665 0
666 0
667 0
668 0
669 0
67 0
670 0
671 0
672 0
673 0
674 0
675 0
676 0
677 0
678 0
679 0
68 0
680 0
681 0
682 0
683 0
684 0
685 0
686 0
687 0
688 0
689 0
69 0
690 0
691 0
692 0
693 0
694 0
695 0
696 0
697 0
698 0
699 0
7 0
70 0
700 0
701 0
702 0
703 0
71 0
72 0
73 0
74 0
75 0
76 0
77 0
78 0
79 0
8 0
80 0
81 0
82 0
83 0
84 0
85 0
86 0
87 0
88 0
89 0
9 0
90 0
91 0
92 0
93 0
94 0
95 0
96 0
97 0
98 0
99 0
0 0
1 0
10 0
100 0
101 0
102 0
103 0
104 0
105 0
106 0
107 0
108 0
109 0
11 0
110 0
111 0
112 0
113 0
114 0
115 0
116 0
117 0
118 0
119 0
12 0
120 0
121 0
122 0
123 0
124 0
125 0
126 0
127 0
128 0
129 0
13 0
130 0
131 0
132 0
133 0
134 0
135 0
136 0
137 0
138 0
139 0
14 0
140 0
141 0
142 0
143 0
144 0
145 0
146 0
147 0
148 0
149 0
15 0
150 0
151 0
152 0
153 0
154 0
155 0
156 0
157 0
158 0
159 0
16 0
160 0
161 0
162 0
163 0
164 0
165 0
166 0
167 0
168 0
169 0
17 0
170 0
171 0
172 0
173 0
174 0
175 0
176 0
177 0
178 0
179 0
18 0
180 0
181 0
182 0
183 0
184 0
185 0
186 0
187 0
188 0
189 0
19 0
190 0
191 0
192 0
193 0
194 0
195 0
196 0
197 0
198 0
199 0
2 0
20 0
200 0
201 0
202 0
203 0
204 0
205 0
206 0
207 0
208 0
209 0
21 0
210 0
211 0
212 0
213 0
214 0
215 0
216 0
217 0
218 0
219 0
22 0
220 0
221 0
222 0
223 0
224 0
225 0
226 0
227 0
228 0
229 0
23 0
230 0
231 0
232 0
233 0
234 0
235 0
236 0
237 0
238 0
239 0
24 0
240 0
241 0
242 0
243 0
244 0
245 0
246 0
247 0
248 0
249 0
25 0
250 0
251 0
252 0
253 0
254 0
255 0
256 0
257 0
258 0
259 0
26 0
260 0
261 0
262 0
263 0
264 0
265 0
266 0
267 0
268 0
269 0
27 0
270 0
271 0
272 0
273 0
274 0
275 0
276 0
277 0
278 0
279 0
28 0
280 0
281 0
282 0
283 0
284 0
285 0
286 0
287 0
288 0
289 0
29 0
290 0
291 0
292 0
293 0
294 0
295 0
296 0
297 0
298 0
299 0
3 0
30 0
300 0
301 0
302 0
303 0
304 0
305 0
306 0
307 0
308 0
309 0
31 0
310 0
311 0
312 0
313 0
314 0
315 0
316 0
317 0
318 0
319 0
32 0
320 0
321 0
322 0
323 0
324 0
325 0
326 0
327 0
328 0
329 0
33 0
330 0
331 0
332 0
333 0
334 0
335 0
336 0
337 0
338 0
339 0
34 0
340 0
341 0
342 0
343 0
344 0
345 0
346 0
347 0
348 0
349 0
35 0
350 0
351 0
352 0
353 0
354 0
355 0
356 0
357 0
358 0
359 0
36 0
360 0
361 0
362 0
363 0
364 0
365 0
366 0
367 0
368 0
369 0
37 0
370 0
371 0
372 0
373 0
374 0
375 0
376 0
377 0
378 0
379 0
38 0
380 0
381 0
382 0
383 0
384 0
385 0
386 0
387 0
388 0
389 0
39 0
390 0
391 0
392 0
393 0
394 0
395 0
396 0
397 0
398 0
399 0
4 0
40 0
400 0
401 0
402 0
403 0
404 0
405 0
406 0
407 0
408 0
409 0
41 0
410 0
411 0
412 0
413 0
414 0
415 0
416 0
417 0
418 0
419 0
42 0
420 0
421 0
422 0
423 0
424 0
425 0
426 0
427 0
428 0
429 0
43 0
430 0
431 0
432 0
433 0
434 0
435 0
436 0
437 0
438 0
439 0
44 0
440 0
441 0
442 0
443 0
444 0
445 0
446 0
447 0
448 0
449 0
45 0
450 0
451 0
452 0
453 0
454 0
455 0
456 0
457 0
458 0
459 0
46 0
460 0
461 0
462 0
463 0
464 0
465 0
466 0
467 0
468 0
469 0
47 0
470 0
471 0
472 0
473 0
474 0
475 0
476 0
477 0
478 0
479 0
48 0
480 0
481 0
482 0
483 0
484 0
485 0
486 0
487 0
488 0
489 0
49 0
490 0
491 0
492 0
493 0
494 0
495 0
496 0
497 0
498 0
499 0
5 0
50 0
500 0
501 0
502 0
503 0
504 0
505 0
506 0
507 0
508 0
509 0
51 0
510 0
511 0
512 0
513 0
514 0
515 0
516 0
517 0
518 0
519 0
52 0
520 0
521 0
522 0
523 0
524 0
525 0
526 0
527 0
528 0
529 0
53 0
530 0
531 0
532 0
533 0
534 0
535 0
536 0
537 0
538 0
539 0
54 0
540 0
541 0
542 0
543 0
544 0
545 0
546 0
547 0
548 0
549 0
55 0
550 0
551 0
552 0
553 0
554 0
555 0
556 0
557 0
558 0
559 0
56 0
560 0
561 0
562 0
563 0
564 0
565 0
566 0
567 0
568 0
569 0
57 0
570 0
571 0
572 0
573 0
574 0
575 0
576 0
577 0
578 0
579 0
58 0
580 0
581 0
582 0
583 0
584 0
585 0
586 0
587 0
588 0
589 0
59 0
590 0
591 0
592 0
593 0
594 0
595 0
596 0
597 0
598 0
599 0
6 0
60 0
600 0
601 0
602 0
603 0
604 0
605 0
606 0
607 0
608 0
609 0
61 0
610 0
611 0
612 0
613 0
614 0
615 0
616 0
617 0
618 0
619 0
62 0
620 0
621 0
622 0
623 0
624 0
625 0
626 0
627 0
628 0
629 0
63 0
630 0
631 0
632 0
633 0
634 0
635 0
636 0
637 0
638 0
639 0
64 0
640 0
641 0
642 0
643 0
644 0
645 0
646 0
647 0
648 0
649 0
65 0
650 0
651 0
652 0
653 0
654 0
655 0
656 0
657 0
658 0
659 0
66 0
660 0
661 0
662 0
663 0
664 0
665 0
666 0
667 0
668 0
669 0
67 0
670 0
671 0
672 0
673 0
674 0
675 0
676 0
677 0
678 0
679 0
68 0
680 0
681 0
682 0
683 0
684 0
685 0
686 0
687 0
688 0
689 0
69 0
690 0
691 0
692 0
693 0
694 0
695 0
696 0
697 0
698 0
699 0
7 0
70 0
700 0
701 0
702 0
703 0
704 0
705 0
706 0
707 0
708 0
709 0
71 0
710 0
711 0
712 0
713 0
714 0
715 0
716 0
717 0
718 0
719 0
72 0
720 0
721 0
722 0
723 0
724 0
725 0
73 0
74 0
75 0
76 0
77 0
78 0
79 0
8 0
80 0
81 0
82 0
83 0
84 0
85 0
86 0
87 0
88 0
89 0
9 0
90 0
91 0
92 0
93 0
94 0
95 0
96 0
97 0
98 0
99 0
0 0
1 0
10 0
100 0
101 0
102 0
103 0
104 0
105 0
106 0
107 0
108 0
109 0
11 0
110 0
111 0
112 0
113 0
114 0
115 0
116 0
117 0
118 0
119 0
12 0
120 0
121 0
122 0
123 0
124 0
125 0
126 0
127 0
128 0
129 0
13 0
130 0
131 0
132 0
133 0
134 0
135 0
136 0
137 0
138 0
139 0
14 0
140 0
141 0
142 0
143 0
144 0
145 0
146 0
147 0
148 0
149 0
15 0
150 0
151 0
152 0
153 0
154 0
155 0
156 0
157 0
158 0
159 0
16 0
160 0
161 0
162 0
163 0
164 0
165 0
166 0
167 0
168 0
169 0
17 0
170 0
171 0
172 0
173 0
174 0
175 0
176 0
177 0
178 0
179 0
18 0
180 0
181 0
182 0
183 0
184 0
185 0
186 0
187 0
188 0
189 0
19 0
190 0
191 0
192 0
193 0
194 0
195 0
196 0
197 0
198 0
199 0
2 0
20 0
200 0
201 0
202 0
203 0
204 0
205 0
206 0
207 0
208 0
209 0
21 0
210 0
211 0
212 0
213 0
214 0
215 0
216 0
217 0
218 0
219 0
22 0
220 0
221 0
222 0
223 0
224 0
225 0
226 0
227 0
228 0
229 0
23 0
230 0
231 0
232 0
233 0
234 0
235 0
236 0
237 0
238 0
239 0
24 0
240 0
241 0
242 0
243 0
244 0
245 0
246 0
247 0
248 0
249 0
25 0
250 0
251 0
252 0
253 0
254 0
255 0
256 0
257 0
258 0
259 0
26 0
260 0
261 0
262 0
263 0
264 0
265 0
266 0
267 0
268 0
269 0
27 0
270 0
271 0
272 0
273 0
274 0
275 0
276 0
277 0
278 0
279 0
28 0
280 0
281 0
282 0
283 0
284 0
285 0
286 0
287 0
288 0
289 0
29 0
290 0
291 0
292 0
293 0
294 0
295 0
296 0
297 0
298 0
299 0
3 0
30 0
300 0
301 0
302 0
303 0
304 0
305 0
306 0
307 0
308 0
309 0
31 0
310 0
311 0
312 0
313 0
314 0
315 0
316 0
317 0
318 0
319 0
32 0
320 0
321 0
322 0
323 0
324 0
325 0
326 0
327 0
328 0
329 0
33 0
330 0
331 0
332 0
333 0
334 0
335 0
336 0
337 0
338 0
339 0
34 0
340 0
341 0
342 0
343 0
344 0
345 0
346 0
347 0
348 0
349 0
35 0
350 0
351 0
352 0
353 0
354 0
355 0
356 0
357 0
358 0
359 0
36 0
360 0
361 0
362 0
363 0
364 0
365 0
366 0
367 0
368 0
369 0
37 0
370 0
371 0
372 0
373 0
374 0
375 0
376 0
377 0
378 0
379 0
38 0
380 0
381 0
382 0
383 0
384 0
385 0
386 0
387 0
388 0
389 0
39 0
390 0
391 0
392 0
393 0
394 0
395 0
396 0
397 0
398 0
399 0
4 0
40 0
400 0
401 0
402 0
403 0
404 0
405 0
406 0
407 0
408 0
409 0
41 0
410 0
411 0
412 0
413 0
414 0
415 0
416 0
417 0
418 0
419 0
42 0
420 0
421 0
422 0
423 0
424 0
425 0
426 0
427 0
428 0
429 0
43 0
430 0
431 0
432 0
433 0
434 0
435 0
436 0
437 0
438 0
439 0
44 0
440 0
441 0
442 0
443 0
444 0
445 0
446 0
447 0
448 0
449 0
45 0
450 0
451 0
452 0
453 0
454 0
455 0
456 0
457 0
458 0
459 0
46 0
460 0
461 0
462 0
463 0
464 0
465 0
466 0
467 0
468 0
469 0
47 0
470 0
471 0
472 0
473 0
474 0
475 0
476 0
477 0
478 0
479 0
48 0
480 0
481 0
482 0
483 0
484 0
485 0
486 0
487 0
488 0
489 0
49 0
490 0
491 0
492 0
493 0
494 0
495 0
496 0
497 0
498 0
499 0
5 0
50 0
500 0
501 0
502 0
503 0
504 0
505 0
506 0
507 0
508 0
509 0
51 0
510 0
511 0
512 0
513 0
514 0
515 0
516 0
517 0
518 0
519 0
52 0
520 0
521 0
522 0
523 0
524 0
525 0
526 0
527 0
528 0
529 0
53 0
530 0
531 0
532 0
533 0
534 0
535 0
536 0
537 0
538 0
539 0
54 0
540 0
541 0
542 0
543 0
544 0
545 0
546 0
547 0
548 0
549 0
55 0
550 0
551 0
552 0
553 0
554 0
555 0
556 0
557 0
558 0
559 0
56 0
560 0
561 0
562 0
563 0
564 0
565 0
566 0
567 0
568 0
569 0
57 0
570 0
571 0
572 0
573 0
574 0
575 0
576 0
577 0
578 0
579 0
58 0
580 0
581 0
582 0
583 0
584 0
585 0
586 0
587 0
588 0
589 0
59 0
590 0
591 0
592 0
593 0
594 0
595 0
596 0
597 0
598 0
599 0
6 0
60 0
600 0
601 0
602 0
603 0
604 0
605 0
606 0
607 0
608 0
609 0
61 0
610 0
611 0
612 0
613 0
614 0
615 0
616 0
617 0
618 0
619 0
62 0
620 0
621 0
622 0
623 0
624 0
625 0
626 0
627 0
628 0
629 0
63 0
630 0
631 0
632 0
633 0
634 0
635 0
636 0
637 0
638 0
639 0
64 0
640 0
641 0
642 0
643 0
644 0
645 0
646 0
647 0
648 0
649 0
65 0
650 0
651 0
652 0
653 0
654 0
655 0
656 0
657 0
658 0
659 0
66 0
660 0
661 0
662 0
663 0
664 0
665 0
666 0
667 0
668 0
669 0
67 0
670 0
671 0
672 0
673 0
674 0
675 0
676 0
677 0
678 0
679 0
68 0
680 0
681 0
682 0
683 0
684 0
685 0
686 0
687 0
688 0
689 0
69 0
690 0
691 0
692 0
693 0
694 0
695 0
696 0
697 0
698 0
699 0
7 0
70 0
700 0
701 0
702 0
703 0
704 0
705 0
706 0
707 0
708 0
709 0
71 0
710 0
711 0
712 0
713 0
714 0
715 0
716 0
717 0
718 0
719 0
72 0
720 0
721 0
722 0
723 0
73 0
74 0
75 0
76 0
77 0
78 0
79 0
8 0
80 0
81 0
82 0
83 0
84 0
85 0
86 0
87 0
88 0
89 0
9 0
90 0
91 0
92 0
93 0
94 0
95 0
96 0
97 0
98 0
99 0
103 0
104 0
105 0
106 0
108 0
109 0
110 0
111 0
114 0
115 0
120 0
121 0
128 0
129 0
135 0
136 0
140 0
141 0
15 0
150 0
151 0
155 0
156 0
158 0
159 0
16 0
163 0
164 0
166 0
167 0
172 0
173 0
174 0
175 0
178 0
179 0
18 0
181 0
182 0
185 0
186 0
19 0
196 0
197 0
198 0
199 0
2 0
201 0
202 0
204 0
205 0
211 0
212 0
214 0
215 0
218 0
219 0
222 0
223 0
225 0
226 0
229 0
230 0
231 0
232 0
24 0
242 0
243 0
246 0
247 0
25 0
260 0
261 0
264 0
265 0
270 0
271 0
275 0
276 0
284 0
285 0
289 0
290 0
3 0
30 0
300 0
301 0
302 0
303 0
304 0
305 0
308 0
309 0
31 0
312 0
313 0
318 0
319 0
322 0
323 0
324 0
325 0
336 0
337 0
340 0
341 0
342 0
343 0
344 0
345 0
348 0
349 0
35 0
351 0
352 0
358 0
359 0
36 0
367 0
368 0
377 0
378 0
379 0
380 0
382 0
383 0
39 0
40 0
400 0
401 0
405 0
406 0
409 0
41 0
410 0
412 0
413 0
414 0
415 0
416 0
417 0
42 0
421 0
422 0
428 0
429 0
43 0
434 0
435 0
438 0
439 0
44 0
441 0
442 0
443 0
444 0
448 0
449 0
452 0
453 0
46 0
461 0
462 0
47 0
48 0
480 0
481 0
483 0
484 0
49 0
491 0
492 0
494 0
495 0
498 0
499 0
5 0
500 0
501 0
502 0
503 0
504 0
505 0
506 0
507 0
512 0
513 0
518 0
519 0
521 0
522 0
526 0
527 0
528 0
529 0
531 0
532 0
533 0
534 0
537 0
538 0
539 0
540 0
541 0
542 0
546 0
547 0
548 0
549 0
55 0
552 0
553 0
557 0
558 0
56 0
562 0
563 0
57 0
574 0
575 0
577 0
578 0
579 0
58 0
580 0
583 0
584 0
585 0
586 0
589 0
590 0
592 0
593 0
596 0
597 0
599 0
6 0
60 0
600 0
606 0
607 0
61 0
614 0
615 0
619 0
62 0
620 0
621 0
622 0
623 0
624 0
63 0
641 0
642 0
644 0
645 0
652 0
653 0
657 0
658 0
663 0
664 0
665 0
666 0
668 0
669 0
680 0
681 0
683 0
684 0
69 0
695 0
696 0
697 0
698 0
699 0
70 0
700 0
702 0
703 0
704 0
705 0
707 0
708 0
711 0
712 0
717 0
718 0
722 0
723 0
727 0
728 0
730 0
731 0
733 0
734 0
735 0
736 0
738 0
739 0
743 0
744 0
746 0
747 0
749 0
750 0
754 0
755 0
758 0
759 0
777 0
778 0
779 0
780 0
781 0
782 0
785 0
786 0
790 0
791 0
86 0
87 0
88 0
89 0
91 0
92 0
94 0
95 0
96 0
97 0
103 0
104 471
105 5
106 471
108 381
109 471
110 3
111 471
114 469
115 19
120 467
121 467
128 467
129 467
135 2
136 466
140 8
141 466
15 487
150 465
151 457
155 5
156 465
158 0
159 465
16 487
163 0
164 20
166 464
167 461
172 465
173 465
174 0
175 465
178 433
179 465
18 432
181 461
182 26
185 465
186 465
19 487
196 464
197 385
198 0
199 463
2 495
201 27
202 464
204 464
205 464
211 221
212 464
214 464
215 464
218 0
219 441
222 367
223 461
225 0
226 462
229 0
230 442
231 0
232 462
24 487
242 414
243 169
246 439
247 94
25 485
260 1
261 460
264 123
265 458
270 450
271 457
275 443
276 458
284 412
285 458
289 9
290 458
3 495
30 485
300 1
301 458
302 91
303 458
304 458
305 457
308 2
309 456
31 485
312 0
313 1
318 424
319 456
322 31
323 456
324 456
325 456
336 422
337 452
340 8
341 456
342 21
343 456
344 427
345 456
348 366
349 438
35 482
351 456
352 430
358 432
359 107
36 483
367 367
368 453
377 62
378 453
379 43
380 453
382 113
383 453
39 14
40 480
400 423
401 452
405 24
406 451
409 0
41 101
410 80
412 0
413 451
414 435
415 451
416 451
417 451
42 479
421 451
422 451
428 0
429 420
43 48
434 450
435 450
438 141
439 449
44 479
441 444
442 449
443 57
444 449
448 214
449 408
452 341
453 449
46 448
461 8
462 449
47 420
48 54
480 435
481 443
483 141
484 447
49 478
491 447
492 447
494 0
495 447
498 447
499 447
5 346
500 13
501 446
502 442
503 446
504 174
505 446
506 446
507 446
512 0
513 40
518 444
519 442
521 446
522 446
526 390
527 442
528 8
529 445
531 0
532 442
533 1
534 444
537 444
538 444
539 14
540 444
541 13
542 444
546 384
547 444
548 240
549 444
55 475
552 0
553 444
557 444
558 443
56 475
562 0
563 83
57 3
574 0
575 443
577 419
578 443
579 410
58 475
580 443
583 0
584 441
585 443
586 443
589 443
590 393
592 351
593 12
596 87
597 442
599 441
6 489
60 475
600 3
606 442
607 442
61 16
614 29
615 440
619 442
62 320
620 442
621 20
622 442
623 212
624 440
63 475
641 439
642 439
644 1
645 439
652 355
653 422
657 439
658 436
663 439
664 438
665 65
666 438
668 437
669 438
680 432
681 438
683 0
684 438
69 1
695 0
696 178
697 64
698 438
699 81
70 474
700 438
702 381
703 123
704 373
705 438
707 4
708 437
711 437
712 437
717 436
718 437
722 124
723 386
727 328
728 437
730 33
731 437
733 407
734 437
735 5
736 437
738 430
739 193
743 9
744 437
746 436
747 436
749 414
750 436
754 7
755 436
758 2
759 430
777 0
778 436
779 23
780 436
781 32
782 436
785 435
786 435
790 434
791 435
86 473
87 185
88 447
89 473
91 469
92 461
94 194
95 472
96 3
97 472
10 3
100 999
102 999
103 999
104 265
105 999
106 999
107 999
11 999
111 998
112 999
113 999
114 999
118 999
119 910
12 138
120 999
121 999
124 1
125 999
128 999
129 999
13 999
130 10
131 999
133 4
134 999
135 20
136 999
139 0
140 999
143 105
144 999
149 0
15 941
150 999
151 999
152 999
156 1
157 999
158 0
159 999
16 999
161 2
162 999
165 999
166 999
168 14
169 999
17 999
171 924
172 0
175 999
176 68
178 999
179 999
18 999
180 27
181 999
182 0
183 999
185 999
186 991
189 426
190 999
192 999
193 999
194 0
195 999
197 999
198 13
199 17
200 999
201 992
202 999
203 0
204 999
214 999
215 998
216 998
217 999
219 999
220 999
222 999
223 999
225 999
226 999
227 0
228 999
231 998
232 994
235 987
236 999
237 4
238 999
240 999
241 999
243 1
244 999
252 958
253 999
254 999
255 999
26 0
260 103
261 999
262 881
263 999
264 999
265 999
266 926
267 999
268 20
269 999
27 992
270 0
271 998
273 667
274 999
275 6
276 999
279 994
280 998
281 11
282 999
283 947
284 999
285 3
286 999
287 0
288 999
289 999
290 999
295 466
296 999
297 2
298 999
300 999
301 467
303 992
304 581
307 991
308 999
31 999
310 988
311 999
313 999
314 171
319 942
32 999
320 999
321 0
322 999
325 995
326 999
327 1
328 999
329 912
330 999
332 14
333 999
336 999
337 999
341 6
342 999
345 993
346 999
348 955
349 999
351 999
352 999
353 981
354 999
358 999
359 999
368 999
369 993
370 999
371 999
372 3
373 999
374 13
375 999
378 11
379 999
38 2
380 0
381 999
383 903
384 999
386 18
387 999
388 945
389 999
39 999
390 0
391 999
4 114
40 521
400 998
401 999
403 999
404 999
408 0
409 999
41 999
411 18
412 999
415 961
416 999
42 23
425 999
426 999
427 1
428 999
429 998
43 999
430 999
431 17
432 999
434 999
435 999
436 899
437 999
438 999
439 999
440 905
441 999
444 999
445 999
446 999
447 999
450 999
451 999
455 999
456 999
462 999
463 999
464 0
465 999
466 999
467 999
468 998
469 999
470 11
471 999
477 9
478 999
480 0
481 999
482 999
483 999
487 999
488 999
491 912
492 999
494 999
495 999
496 998
497 999
5 999
50 999
500 8
501 999
503 8
504 999
505 76
506 999
509 140
51 992
510 999
511 176
512 999
516 997
517 997
520 999
521 999
524 999
525 999
526 0
527 999
528 999
529 999
532 999
533 999
535 3
536 999
537 175
538 999
539 999
54 939
540 999
541 237
542 999
544 999
545 999
548 12
549 999
55 999
550 0
551 999
552 999
553 999
556 990
557 999
558 925
559 999
56 3
561 999
562 999
563 0
564 998
567 999
568 999
57 999
570 999
571 999
573 997
574 999
577 25
578 999
581 999
582 999
586 243
587 999
588 1
589 999
594 999
595 999
596 198
597 999
598 999
599 999
606 995
607 997
608 0
609 998
610 999
611 999
612 0
613 999
615 167
616 999
619 23
620 999
622 999
623 999
624 998
625 999
630 1
631 999
633 17
634 999
636 999
637 36
641 999
642 999
643 989
644 999
645 2
646 999
648 140
649 999
650 27
651 999
653 915
654 999
655 1
656 999
657 999
658 999
660 999
661 999
662 918
663 999
664 611
665 999
666 999
667 999
668 999
669 999
671 998
672 999
674 986
675 999
677 999
678 989
681 998
682 999
687 997
688 1
69 999
694 999
695 999
697 140
698 999
70 17
702 173
703 999
705 999
706 999
708 999
709 999
71 999
712 1
713 999
714 991
715 999
716 1
717 999
719 987
72 999
720 999
722 990
723 999
724 403
725 999
727 988
728 999
729 948
730 999
732 1
733 999
734 999
735 999
737 991
738 999
740 0
741 999
743 174
744 999
76 984
77 999
79 988
8 999
80 999
81 276
82 999
83 30
84 999
85 1
86 999
87 999
88 999
9 999
90 999
91 999
92 120
93 999
95 999
96 999
99 9
10 3
100 999
102 999
103 999
104 265
105 999
106 999
107 999
11 999
111 998
112 999
113 999
114 999
118 999
119 910
12 138
120 999
121 999
124 1
125 999
128 999
129 999
13 999
130 10
131 999
133 4
134 999
135 20
136 999
139 0
140 999
143 105
144 999
149 0
15 941
150 999
151 999
152 999
156 1
157 999
158 0
159 999
16 999
161 2
162 999
165 999
166 999
168 14
169 999
17 999
171 924
172 0
175 999
176 68
178 999
179 999
18 999
180 27
181 999
182 0
183 999
185 999
186 991
189 426
190 999
192 999
193 999
194 0
195 999
197 999
198 13
199 17
200 999
201 992
202 999
203 0
204 999
214 999
215 998
216 998
217 999
219 999
220 999
222 999
223 999
225 999
226 999
227 0
228 999
231 998
232 994
235 987
236 999
237 4
238 999
240 999
241 999
243 1
244 999
252 958
253 999
254 999
255 999
26 0
260 103
261 999
262 881
263 999
264 999
265 999
266 926
267 999
268 20
269 999
27 992
270 0
271 998
273 667
274 999
275 6
276 999
279 994
280 998
281 11
282 999
283 947
284 999
285 3
286 999
287 0
288 999
289 999
290 999
295 466
296 999
297 2
298 999
300 999
301 467
303 992
304 581
307 991
308 999
31 999
310 988
311 999
313 999
314 171
319 942
32 999
320 999
321 0
322 999
325 995
326 999
327 1
328 999
329 912
330 999
332 14
333 999
336 999
337 999
341 6
342 999
345 993
346 999
348 955
349 999
351 999
352 999
353 981
354 999
358 999
359 999
368 999
369 993
370 999
371 999
372 3
373 999
374 13
375 999
378 11
379 999
38 2
380 0
381 999
383 903
384 999
386 18
387 999
388 945
389 999
39 999
390 0
391 999
4 114
40 521
400 998
401 999
403 999
404 999
408 0
409 999
41 999
411 18
412 999
415 961
416 999
42 23
425 999
426 999
427 1
428 999
429 998
43 999
430 999
431 17
432 999
434 999
435 999
436 899
437 999
438 999
439 999
440 905
441 999
444 999
445 999
446 999
447 999
450 999
451 999
455 999
456 999
462 999
463 999
464 0
465 999
466 999
467 999
468 998
469 999
470 11
471 999
477 9
478 999
480 0
481 999
482 999
483 999
487 999
488 999
491 912
492 999
494 999
495 999
496 998
497 999
5 999
50 999
500 8
501 999
503 8
504 999
505 76
506 999
509 140
51 992
510 999
511 176
512 999
516 997
517 997
520 999
521 999
524 999
525 999
526 0
527 999
528 999
529 999
532 999
533 999
535 3
536 999
537 175
538 999
539 999
54 939
540 999
541 237
542 999
544 999
545 999
548 12
549 999
55 999
550 0
551 999
552 999
553 999
556 990
557 999
558 925
559 999
56 3
561 999
562 999
563 0
564 998
567 999
568 999
57 999
570 999
571 999
573 997
574 999
577 25
578 999
581 999
582 999
586 243
587 999
588 1
589 999
594 999
595 999
596 198
597 999
598 999
599 999
606 995
607 997
608 0
609 998
610 999
611 999
612 0
613 999
615 167
616 999
619 23
620 999
622 999
623 999
624 998
625 999
630 1
631 999
633 17
634 999
636 999
637 36
641 999
642 999
643 989
644 999
645 2
646 999
648 140
649 999
650 27
651 999
653 915
654 999
655 1
656 999
657 999
658 999
660 999
661 999
662 918
663 999
664 611
665 999
666 999
667 999
668 999
669 999
671 998
672 999
674 986
675 999
677 999
678 989
681 998
682 999
687 997
688 1
69 999
694 999
695 999
697 140
698 999
70 17
702 173
703 999
705 999
706 999
708 999
709 999
71 999
712 1
713 999
714 991
715 999
716 1
717 999
719 987
72 999
720 999
722 990
723 999
724 403
725 999
727 988
728 999
729 948
730 999
732 1
733 999
734 999
735 999
737 991
738 999
740 0
741 999
743 174
744 999
76 984
77 999
79 988
8 999
80 999
81 276
82 999
83 30
84 999
85 1
86 999
87 999
88 999
9 999
90 999
91 999
92 120
93 999
95 999
96 999
99 9
101 971
102 985
104 985
105 984
108 984
109 983
11 997
115 2
116 983
119 983
12 996
120 983
121 974
122 982
123 0
124 982
126 14
127 982
128 28
129 982
130 1
131 982
134 0
135 982
137 982
138 136
139 2
140 982
141 12
142 981
143 22
144 981
150 11
151 980
157 25
158 979
159 0
160 979
161 5
162 979
164 152
165 979
166 3
167 979
168 978
169 979
174 979
175 919
176 884
177 979
178 978
179 979
18 171
180 979
181 979
182 268
183 978
184 978
185 978
188 1
189 978
19 996
191 978
192 0
195 975
196 978
197 11
198 978
199 978
20 996
200 978
201 13
202 978
203 904
204 978
205 975
206 978
21 994
214 135
215 978
216 11
217 977
218 3
219 977
22 849
220 184
221 977
222 13
223 977
224 1
225 977
229 0
23 994
230 977
231 3
232 977
233 568
234 977
239 0
240 977
242 0
243 975
244 12
245 976
248 976
249 940
250 293
251 976
253 111
254 976
255 976
256 976
258 974
259 976
262 854
263 976
267 976
268 976
269 819
27 21
270 976
272 976
273 976
278 2
279 976
28 994
280 40
281 976
283 973
284 975
285 19
286 975
289 975
290 969
291 964
292 975
294 0
295 975
296 4
297 975
30 13
302 975
303 975
304 969
305 975
31 992
312 43
313 974
315 963
316 974
317 1
318 974
321 0
322 974
323 974
324 974
325 974
326 974
329 935
330 5
331 974
332 974
333 974
334 974
336 2
337 974
341 0
342 974
344 39
345 974
347 974
348 974
350 974
351 974
352 72
353 974
354 695
355 974
359 921
36 16
360 974
361 0
362 974
363 10
364 974
365 15
366 974
367 22
368 974
369 939
37 991
370 974
371 974
372 974
375 217
376 974
38 991
382 974
383 898
385 0
386 974
39 991
397 964
398 974
399 948
400 974
401 3
402 974
403 26
404 974
405 2
406 974
408 0
409 973
412 881
413 973
416 971
417 973
418 19
419 973
42 0
420 903
421 973
424 880
425 973
426 4
427 973
43 990
431 973
432 973
433 971
434 973
436 14
437 972
438 947
439 972
44 2
444 972
445 972
446 7
447 972
448 925
449 971
45 990
450 20
451 971
453 831
454 971
456 971
457 969
458 971
459 971
461 970
462 970
463 969
464 970
465 970
466 970
467 605
468 970
469 911
470 970
471 0
472 969
478 969
479 969
48 990
481 965
482 968
484 968
485 968
486 738
487 968
488 0
489 968
49 990
491 968
492 968
493 869
494 968
495 890
496 968
50 36
500 968
501 968
502 968
503 968
505 968
506 968
507 36
508 968
509 1
51 990
510 968
513 968
514 968
515 949
516 968
517 746
518 967
520 967
521 967
523 967
524 967
526 967
527 967
53 853
530 946
531 920
532 967
533 967
535 960
536 967
539 967
54 990
540 967
544 50
545 967
547 13
548 967
551 0
552 967
553 778
554 967
564 929
565 967
568 966
569 967
570 90
571 967
577 0
578 967
579 4
58 2
580 966
584 893
585 966
586 0
587 966
588 966
589 966
59 990
590 32
591 966
592 898
593 966
595 966
596 966
597 72
598 966
599 0
6 985
600 966
604 0
605 966
608 966
609 966
614 966
615 966
618 955
619 966
620 966
621 966
622 0
623 965
624 647
625 965
627 965
628 965
629 8
63 0
630 965
631 59
632 965
634 965
635 301
637 149
638 964
639 963
64 990
640 964
641 964
642 964
643 135
644 964
645 438
646 964
647 964
648 964
65 670
650 964
651 964
657 3
658 964
659 964
66 989
660 964
661 946
662 964
663 179
664 964
665 36
666 963
668 0
669 960
671 963
672 963
678 963
679 963
68 988
684 963
685 963
686 12
687 963
689 963
69 987
690 963
692 963
693 963
694 963
695 963
696 909
697 963
699 963
7 998
700 962
704 963
705 962
706 962
707 962
708 25
709 962
71 300
711 30
712 962
715 0
716 962
719 30
72 987
720 960
721 0
722 960
723 0
724 959
726 959
727 959
728 959
729 959
732 1
733 959
736 959
737 959
738 959
739 959
74 987
740 959
741 959
75 986
78 986
79 986
8 6
80 0
81 986
82 1
83 986
85 982
86 985
87 0
88 985
89 962
9 998
90 985
92 985
93 984
95 985
96 985
98 1
99 985
10 3
100 999
102 999
103 999
104 265
105 999
106 999
107 999
11 999
111 998
112 999
113 999
114 999
118 999
119 910
12 138
120 999
121 999
124 1
125 999
128 999
129 999
13 999
130 10
131 999
133 4
134 999
135 20
136 999
139 0
140 999
143 105
144 999
149 0
15 941
150 999
151 999
152 999
156 1
157 999
158 0
159 999
16 999
161 2
162 999
165 999
166 999
168 14
169 999
17 999
171 924
172 0
175 999
176 68
178 999
179 999
18 999
180 27
181 999
182 0
183 999
185 999
186 991
189 426
190 999
192 999
193 999
194 0
195 999
197 999
198 13
199 17
200 999
201 992
202 999
203 0
204 999
214 999
215 998
216 998
217 999
219 999
220 999
222 999
223 999
225 999
226 999
227 0
228 999
231 998
232 994
235 987
236 999
237 4
238 999
240 999
241 999
243 1
244 999
252 958
253 999
254 999
255 999
26 0
260 103
261 999
262 881
263 999
264 999
265 999
266 926
267 999
268 20
269 999
27 992
270 0
271 998
273 667
274 999
275 6
276 999
279 994
280 998
281 11
282 999
283 947
284 999
285 3
286 999
287 0
288 999
289 999
290 999
295 466
296 999
297 2
298 999
300 999
301 467
303 992
304 581
307 991
308 999
31 999
310 988
311 999
313 999
314 171
319 942
32 999
320 999
321 0
322 999
325 995
326 999
327 1
328 999
329 912
330 999
332 14
333 999
336 999
337 999
341 6
342 999
345 993
346 999
348 955
349 999
351 999
352 999
353 981
354 999
358 999
359 999
368 999
369 993
370 999
371 999
372 3
373 999
374 13
375 999
378 11
379 999
38 2
380 0
381 999
383 903
384 999
386 18
387 999
388 945
389 999
39 999
390 0
391 999
4 114
40 521
400 998
401 999
403 999
404 999
408 0
409 999
41 999
411 18
412 999
415 961
416 999
42 23
425 999
426 999
427 1
428 999
429 998
43 999
430 999
431 17
432 999
434 999
435 999
436 899
437 999
438 999
439 999
440 905
441 999
444 999
445 999
446 999
447 999
450 999
451 999
455 999
456 999
462 999
463 999
464 0
465 999
466 999
467 999
468 998
469 999
470 11
471 999
477 9
478 999
480 0
481 999
482 999
483 999
487 999
488 999
491 912
492 999
494 999
495 999
496 998
497 999
5 999
50 999
500 8
501 999
503 8
504 999
505 76
506 999
509 140
51 992
510 999
511 176
512 999
516 997
517 997
520 999
521 999
524 999
525 999
526 0
527 999
528 999
529 999
532 999
533 999
535 3
536 999
537 175
538 999
539 999
54 939
540 999
541 237
542 999
544 999
545 999
548 12
549 999
55 999
550 0
551 999
552 999
553 999
556 990
557 999
558 925
559 999
56 3
561 999
562 999
563 0
564 998
567 999
568 999
57 999
570 999
571 999
573 997
574 999
577 25
578 999
581 999
582 999
586 243
587 999
588 1
589 999
594 999
595 999
596 198
597 999
598 999
599 999
606 995
607 997
608 0
609 998
610 999
611 999
612 0
613 999
615 167
616 999
619 23
620 999
622 999
623 999
624 998
625 999
630 1
631 999
633 17
634 999
636 999
637 36
641 999
642 999
643 989
644 999
645 2
646 999
648 140
649 999
650 27
651 999
653 915
654 999
655 1
656 999
657 999
658 999
660 999
661 999
662 918
663 999
664 611
665 999
666 999
667 999
668 999
669 999
671 998
672 999
674 986
675 999
677 999
678 989
681 998
682 999
687 997
688 1
69 999
694 999
695 999
697 140
698 999
70 17
702 173
703 999
705 999
706 999
708 999
709 999
71 999
712 1
713 999
714 991
715 999
716 1
717 999
719 987
72 999
720 999
722 990
723 999
724 403
725 999
727 988
728 999
729 948
730 999
732 1
733 999
734 999
735 999
737 991
738 999
740 0
741 999
743 174
744 999
76 984
77 999
79 988
8 999
80 999
81 276
82 999
83 30
84 999
85 1
86 999
87 999
88 999
9 999
90 999
91 999
92 120
93 999
95 999
96 999
99 9
10 988
108 0
109 999
11 999
110 184
111 999
114 996
115 554
122 992
123 972
13 999
134 953
135 0
138 111
139 999
14 997
141 218
142 999
143 0
144 997
148 0
149 999
15 19
154 992
155 999
156 17
157 999
16 999
173 16
174 999
18 148
182 2
183 999
184 99
185 999
189 949
19 999
190 999
193 0
194 999
201 3
202 999
203 986
204 999
207 993
208 934
209 15
21 0
210 999
212 674
213 0
216 28
217 999
22 992
222 25
223 999
227 0
228 998
232 126
233 999
235 999
236 922
238 0
239 999
24 1
241 972
242 999
246 999
247 19
25 999
254 0
255 943
257 219
258 999
260 999
261 997
263 998
264 999
265 796
266 999
27 219
271 999
272 996
275 946
276 999
28 999
284 0
285 999
287 0
288 998
290 998
291 999
293 989
294 4
299 0
30 10
300 999
303 999
304 987
305 0
306 998
307 1
308 999
31 999
313 922
314 999
316 219
317 992
32 0
33 999
341 856
342 992
35 0
36 949
360 2
361 999
363 2
364 999
37 4
373 0
374 997
38 999
385 0
386 953
39 216
391 0
392 999
394 0
395 953
40 999
400 4
401 999
41 943
415 1
416 999
42 999
421 219
422 989
423 258
424 999
425 0
426 994
427 19
428 999
436 251
437 999
449 0
450 998
455 13
456 999
457 19
458 999
46 0
460 3
461 999
464 999
465 933
466 860
467 999
47 998
476 29
477 999
478 0
479 993
48 174
482 999
483 999
489 0
49 999
490 998
492 999
493 999
499 0
500 999
501 2
502 999
516 999
517 948
519 998
520 691
521 985
522 999
527 997
528 558
530 990
531 999
533 987
534 998
535 0
536 998
537 942
538 999
546 997
547 999
549 2
550 995
556 0
557 993
559 999
560 998
561 0
562 999
565 3
566 999
567 402
568 999
57 999
575 0
576 999
58 1
582 999
583 998
584 1
585 999
587 5
588 999
591 899
592 999
593 3
594 999
595 0
596 998
599 999
600 999
601 2
602 999
605 148
606 999
607 936
608 999
611 0
612 998
621 4
622 998
633 3
634 999
635 992
636 999
637 22
638 999
644 999
645 999
650 19
651 999
656 0
657 999
659 992
660 999
664 12
665 999
667 4
668 999
671 0
672 999
679 14
680 999
681 148
682 999
688 19
689 999
690 11
691 999
693 0
694 999
7 999
700 3
701 998
704 923
705 999
707 999
708 999
713 23
714 999
715 10
716 999
717 0
718 999
72 4
73 999
733 0
734 999
735 22
736 999
737 93
738 999
74 146
740 953
741 951
742 993
743 999
745 999
746 999
75 999
753 673
754 953
759 851
760 999
767 3
768 999
776 999
777 999
778 0
779 953
786 0
787 992
794 999
795 999
797 999
798 999
8 985
81 2
82 999
88 133
89 999
90 180
91 999
92 993
93 999
1 499
10 499
100 499
101 499
102 499
103 499
104 499
105 499
106 204
107 499
108 499
109 499
11 499
110 456
111 499
112 497
113 499
115 499
116 459
118 499
119 12
12 499
120 499
121 499
122 499
123 499
124 499
125 499
126 155
127 499
128 460
129 499
130 498
131 499
132 30
133 499
135 499
136 499
137 499
138 499
140 498
141 499
142 499
143 499
146 499
147 499
148 499
149 499
15 0
151 499
152 499
154 499
155 499
158 6
159 499
16 499
160 499
161 499
162 499
163 499
164 20
165 499
166 491
167 499
168 449
169 499
17 444
170 499
171 499
172 28
173 499
174 495
175 499
177 499
178 499
179 496
18 499
180 499
181 499
182 499
184 36
185 499
187 499
188 499
189 499
19 66
190 499
191 34
192 499
193 499
194 499
195 37
196 499
2 499
20 499
200 223
201 499
202 449
203 499
204 28
205 499
21 499
210 496
211 499
212 64
213 499
22 499
220 499
221 499
222 6
223 499
224 499
225 499
227 499
228 499
229 499
23 499
230 499
231 6
232 499
233 499
234 499
235 499
236 499
24 499
240 499
241 499
242 456
243 499
244 499
245 499
247 499
248 499
25 499
250 24
251 499
252 67
253 499
254 499
255 499
256 499
257 499
26 499
260 499
261 499
265 499
266 499
267 499
268 499
27 12
270 499
271 488
273 499
274 499
275 495
276 499
277 491
278 499
279 499
28 499
280 499
281 87
282 499
283 88
284 499
285 497
286 499
287 499
288 499
289 491
29 499
290 499
291 499
292 499
295 499
296 499
298 499
299 499
3 469
30 499
301 499
302 499
304 483
305 499
306 494
307 499
31 499
311 499
312 499
313 469
314 499
316 499
317 499
318 499
319 499
32 499
321 499
322 499
323 64
324 499
325 499
326 499
327 154
328 499
33 70
331 499
332 499
333 499
334 499
335 17
336 499
337 224
338 499
339 78
34 499
340 499
343 499
344 499
346 499
347 499
348 134
349 499
35 23
352 499
353 499
354 4
355 499
358 499
359 499
36 499
360 197
361 499
363 499
364 499
366 448
367 94
368 498
369 499
370 182
371 499
372 488
373 499
374 145
375 499
376 495
377 499
378 499
379 499
38 499
380 461
381 499
382 422
383 499
385 15
386 499
387 499
388 499
39 499
391 499
392 499
393 95
394 499
396 499
397 499
4 499
400 499
401 499
402 499
403 499
404 79
405 499
406 499
407 499
408 499
409 499
41 45
410 488
411 499
414 499
415 499
416 499
417 499
418 499
419 499
42 499
420 217
421 499
422 499
423 499
424 499
425 499
426 499
427 499
428 14
429 499
43 486
431 499
432 499
434 499
435 499
436 297
437 499
438 499
439 499
44 499
440 188
441 499
442 15
443 499
444 492
445 499
446 499
447 499
448 499
449 499
450 499
451 499
452 482
453 499
455 482
456 499
457 71
458 499
459 499
460 499
461 495
462 499
463 182
464 499
465 499
466 499
467 499
468 499
469 191
47 499
470 499
471 498
472 499
475 499
476 499
477 498
478 499
48 499
480 499
481 499
482 23
483 499
484 499
485 499
487 499
488 499
49 498
490 499
491 499
492 70
493 499
494 210
495 499
496 95
497 499
498 6
499 499
5 14
50 499
500 493
501 499
502 189
503 499
505 499
506 499
507 24
508 499
511 499
512 499
517 459
518 499
52 499
520 311
521 499
523 499
524 499
525 233
526 499
528 499
529 499
53 499
530 499
531 499
532 499
533 499
534 59
535 499
537 499
538 456
541 499
542 499
543 103
544 499
546 499
547 499
549 487
55 177
550 499
551 168
552 499
554 490
555 499
557 483
558 497
56 499
561 499
562 499
563 499
564 499
565 499
566 499
567 496
568 499
569 15
57 499
570 499
572 499
573 499
575 496
576 499
577 499
578 499
58 499
580 492
581 49
582 28
583 499
586 55
587 499
589 499
590 499
591 482
592 499
593 499
594 499
595 499
596 499
597 499
598 499
599 499
6 499
60 1
600 499
601 499
602 499
603 68
604 499
605 43
606 499
607 499
608 499
609 499
61 499
610 499
611 480
612 499
613 499
614 499
615 486
616 499
618 499
619 499
62 499
620 499
621 499
622 499
623 499
624 66
625 499
626 73
627 499
628 499
629 499
63 499
630 499
631 499
632 499
633 499
634 499
635 499
638 499
639 499
64 103
640 497
641 499
642 499
643 499
644 496
645 499
649 471
65 499
650 499
652 123
653 499
654 485
655 499
656 32
657 499
658 499
659 499
661 499
662 499
663 467
664 499
665 17
666 499
668 499
669 499
671 499
672 499
673 499
674 499
675 20
676 499
677 499
678 499
68 499
681 499
682 499
683 499
684 499
685 303
686 499
687 499
688 499
689 499
69 499
690 499
691 62
692 499
693 159
694 499
697 499
698 496
699 499
7 209
70 499
700 499
701 499
702 499
703 456
704 499
705 66
706 499
707 499
708 499
709 499
71 499
710 499
711 499
712 499
715 118
716 499
717 116
718 499
721 499
722 499
723 5
724 499
725 499
726 499
727 4
728 499
729 499
73 385
730 499
731 499
732 499
733 247
734 499
735 83
736 499
737 57
738 499
739 4
74 499
740 499
741 497
742 499
743 473
744 499
745 4
746 468
75 491
76 499
79 0
8 499
80 499
81 442
82 499
83 499
84 499
85 473
86 499
88 64
89 499
9 497
91 86
92 499
93 499
94 499
96 499
97 499
98 499
99 499
1 9999
100 9999
103 6187
104 9999
105 9999
106 9999
107 9999
108 9999
109 7
110 9993
111 9986
112 9999
113 9999
114 9999
116 151
117 9999
118 9955
119 9999
12 8416
120 999
121 9999
122 9999
123 9999
124 325
125 9999
126 7226
127 9999
128 9999
129 9999
13 9999
130 9947
131 9999
132 9999
133 9999
134 7033
135 9999
136 9999
137 9999
138 965
139 9999
14 9999
140 6102
141 9999
142 9973
143 9999
144 9969
145 9999
146 42
147 9999
148 225
149 9999
15 9999
151 9999
152 9999
153 9999
154 9999
156 9955
157 9999
158 7709
159 9999
16 9999
160 9999
161 9999
162 9659
163 9999
165 9999
166 9999
167 9999
168 9999
169 9948
17 9999
170 9999
171 9999
172 9999
173 9997
174 9999
175 9897
176 9999
177 9999
178 9999
180 9981
181 9999
182 9999
183 9999
184 9999
185 9999
187 9999
188 9999
189 54
190 9999
191 9999
192 9999
193 9968
194 9999
196 9941
197 9999
199 9903
2 9999
20 8538
200 9999
201 66
202 9999
203 31
204 9999
205 7423
206 9999
207 5498
208 9999
209 8474
21 9999
210 9999
211 9140
212 9999
213 9999
214 9999
215 9999
216 9999
217 9999
218 9999
219 9998
22 9999
220 9999
222 6240
223 9999
224 9999
225 9999
226 6949
227 9999
228 6429
229 9999
23 9999
230 1443
231 9999
232 9999
233 9999
234 896
235 9999
236 10
237 9999
238 9999
239 9999
240 852
241 9999
242 905
243 9999
244 9999
245 9999
247 9999
248 9999
249 9999
25 3
250 9999
251 4072
252 9999
253 9999
254 9999
255 9999
256 9999
257 5
258 9999
259 9143
26 9999
260 9999
262 9999
263 9999
264 9999
265 9999
266 9636
267 9999
268 284
269 9999
270 2
271 9999
272 9999
273 9999
274 9999
275 9999
276 1042
277 9999
278 9992
279 9999
28 65
280 9999
281 9999
282 10
283 9999
284 9997
285 9999
286 6183
287 9999
288 9999
289 9999
29 9993
290 5317
291 9999
292 9129
293 9999
294 9999
295 9999
297 9999
298 9999
299 672
3 1003
300 9999
301 9999
302 9999
303 9995
304 9999
305 61
306 9999
307 9999
308 9999
309 368
31 0
310 9999
311 9
312 9999
313 9999
314 9999
315 9999
316 9999
317 9999
318 9999
319 8143
32 9999
320 9999
321 9999
322 9999
323 9999
324 9999
325 9999
326 9999
327 9999
328 9999
329 295
33 9992
330 9999
331 9918
332 9999
334 9999
335 9972
336 8371
337 9999
339 9999
34 9999
340 9999
341 5163
342 9999
344 9999
345 9999
347 9999
348 9997
349 4
35 7547
350 9999
351 8062
352 9999
356 9999
357 9999
358 810
359 9999
36 9999
360 9999
361 9999
362 293
363 9999
364 9994
365 9999
366 681
367 9999
368 9999
369 9999
37 215
371 9624
372 9999
373 9999
374 9999
376 9
377 9999
378 9999
379 9999
38 9999
380 9721
381 9999
382 9999
383 9999
384 9999
385 9999
386 9999
387 9999
388 831
389 9999
39 1377
390 9978
391 9999
392 1049
393 9999
394 8514
395 9999
396 9999
397 9999
398 9940
399 9999
4 9999
40 9999
400 9999
401 9999
402 6051
403 9999
404 9999
405 9999
406 9915
407 9999
408 9648
409 9999
410 9749
411 9999
412 9999
413 9999
414 26
415 9999
416 9999
417 9999
418 4751
419 9999
42 9999
420 9999
421 9999
422 9999
423 9999
424 9999
425 9999
427 9999
428 9999
429 9993
43 9999
430 9999
431 9571
432 9999
433 0
434 9999
435 9999
436 9999
438 328
439 9999
441 9999
442 9999
443 9999
444 9999
445 9999
446 9999
447 38
448 9999
449 9999
45 9999
450 9999
451 43
452 9999
453 9991
454 9999
455 2
456 9999
457 9999
458 9999
459 9999
46 9999
460 9999
461 9999
462 9999
464 8420
465 9999
466 6803
467 9999
468 9940
469 9999
47 9999
471 9999
472 9999
473 786
474 9999
475 8955
476 9999
477 9757
478 9999
48 9999
480 12
481 9999
482 9999
483 9999
484 9999
485 9999
486 9999
487 9999
488 9999
489 9999
49 9999
491 9977
492 9999
493 967
494 9999
495 9999
496 9999
497 594
498 9999
499 8337
50 9999
500 9999
503 0
504 9999
505 9169
506 9999
507 9999
508 9999
509 838
51 858
510 9999
511 9999
512 9999
513 9999
514 9999
515 9529
516 9999
517 784
518 9999
519 9999
52 9999
520 9999
521 9999
522 9999
523 9998
524 9999
526 9999
527 9999
529 3
53 9960
530 9999
531 9112
532 9999
533 5007
534 9999
535 4642
536 9999
537 9999
538 9999
539 253
54 9999
540 9999
541 5920
542 9999
543 9999
544 9999
546 9999
547 9999
549 10
550 9999
551 6635
552 9999
553 29
554 9996
555 5032
556 9999
557 9999
558 9999
559 8802
56 52
560 9999
561 9913
562 9999
563 9925
564 9999
565 48
566 9994
567 9982
568 9999
57 9999
570 8730
571 9999
572 9921
573 9999
574 9433
575 9999
577 9999
578 9993
579 9999
58 1
580 9999
581 9999
582 9999
583 664
584 9999
585 9999
586 9999
587 9999
588 9999
589 637
59 9962
590 9999
591 6585
592 9999
593 9999
594 9999
595 9978
596 9999
597 9999
598 9999
599 158
60 7861
600 9999
602 9960
603 9999
604 608
605 9999
606 9693
607 9999
608 2213
609 9999
61 9999
610 9999
611 9999
612 832
613 9999
614 9926
615 9999
616 9999
617 9999
618 9999
619 9999
62 9978
620 9999
621 9999
622 9999
623 9999
624 9748
625 9999
627 9999
628 9999
629 9999
63 9999
630 9999
631 6255
632 9999
633 8431
634 9999
637 9999
638 9999
639 2
64 9999
640 9999
641 1012
642 9999
644 457
645 9999
646 9555
647 9999
648 9999
649 9999
65 9999
650 238
651 9999
653 6052
654 9999
655 5712
656 9999
657 9898
658 9999
659 9999
66 9999
660 9999
661 9203
662 9999
663 46
664 9999
665 586
666 9999
667 13
668 9999
669 9999
67 9999
670 9999
671 9
672 9995
673 9922
674 9999
675 9983
676 9999
677 2016
678 9999
679 119
680 9999
681 8854
682 9999
683 9999
684 9999
685 6096
686 9999
688 270
689 9999
690 9999
691 9999
692 769
693 9999
694 9999
695 9999
697 9999
698 9999
699 9999
70 9999
700 9999
702 0
703 9999
704 9999
705 9999
706 9999
707 9999
708 10
709 9999
71 9999
72 9999
73 9999
74 9999
75 9999
76 9999
77 9999
78 9999
79 9999
8 65
80 5776
81 9999
82 9998
83 9999
84 9999
85 9999
86 9999
87 9999
89 0
9 9999
90 9977
91 9999
92 9999
93 37
94 9999
95 9999
96 9999
97 9999
98 9999
99 5942
1 9999
100 9999
103 6187
104 9999
105 9999
106 9999
107 9999
108 9999
109 7
110 9993
111 9986
112 9999
113 9999
114 9999
116 151
117 9999
118 9955
119 9999
12 8416
120 999
121 9999
122 9999
123 9999
124 325
125 9999
126 7226
127 9999
128 9999
129 9999
13 9999
130 9947
131 9999
132 9999
133 9999
134 7033
135 9999
136 9999
137 9999
138 965
139 9999
14 9999
140 6102
141 9999
142 9973
143 9999
144 9969
145 9999
146 42
147 9999
148 225
149 9999
15 9999
151 9999
152 9999
153 9999
154 9999
156 9955
157 9999
158 7709
159 9999
16 9999
160 9999
161 9999
162 9659
163 9999
165 9999
166 9999
167 9999
168 9999
169 9948
17 9999
170 9999
171 9999
172 9999
173 9997
174 9999
175 9897
176 9999
177 9999
178 9999
180 9981
181 9999
182 9999
183 9999
184 9999
185 9999
187 9999
188 9999
189 54
190 9999
191 9999
192 9999
193 9968
194 9999
196 9941
197 9999
199 9903
2 9999
20 8538
200 9999
201 66
202 9999
203 31
204 9999
205 7423
206 9999
207 5498
208 9999
209 8474
21 9999
210 9999
211 9140
212 9999
213 9999
214 9999
215 9999
216 9999
217 9999
218 9999
219 9998
22 9999
220 9999
222 6240
223 9999
224 9999
225 9999
226 6949
227 9999
228 6429
229 9999
23 9999
230 1443
231 9999
232 9999
233 9999
234 896
235 9999
236 10
237 9999
238 9999
239 9999
240 852
241 9999
242 905
243 9999
244 9999
245 9999
247 9999
248 9999
249 9999
25 3
250 9999
251 4072
252 9999
253 9999
254 9999
255 9999
256 9999
257 5
258 9999
259 9143
26 9999
260 9999
262 9999
263 9999
264 9999
265 9999
266 9636
267 9999
268 284
269 9999
270 2
271 9999
272 9999
273 9999
274 9999
275 9999
276 1042
277 9999
278 9992
279 9999
28 65
280 9999
281 9999
282 10
283 9999
284 9997
285 9999
286 6183
287 9999
288 9999
289 9999
29 9993
290 5317
291 9999
292 9129
293 9999
294 9999
295 9999
297 9999
298 9999
299 672
3 1003
300 9999
301 9999
302 9999
303 9995
304 9999
305 61
306 9999
307 9999
308 9999
309 368
31 0
310 9999
311 9
312 9999
313 9999
314 9999
315 9999
316 9999
317 9999
318 9999
319 8143
32 9999
320 9999
321 9999
322 9999
323 9999
324 9999
325 9999
326 9999
327 9999
328 9999
329 295
33 9992
330 9999
331 9918
332 9999
334 9999
335 9972
336 8371
337 9999
339 9999
34 9999
340 9999
341 5163
342 9999
344 9999
345 9999
347 9999
348 9997
349 4
35 7547
350 9999
351 8062
352 9999
356 9999
357 9999
358 810
359 9999
36 9999
360 9999
361 9999
362 293
363 9999
364 9994
365 9999
366 681
367 9999
368 9999
369 9999
37 215
371 9624
372 9999
373 9999
374 9999
376 9
377 9999
378 9999
379 9999
38 9999
380 9721
381 9999
382 9999
383 9999
384 9999
385 9999
386 9999
387 9999
388 831
389 9999
39 1377
390 9978
391 9999
392 1049
393 9999
394 8514
395 9999
396 9999
397 9999
398 9940
399 9999
4 9999
40 9999
400 9999
401 9999
402 6051
403 9999
404 9999
405 9999
406 9915
407 9999
408 9648
409 9999
410 9749
411 9999
412 9999
413 9999
414 26
415 9999
416 9999
417 9999
418 4751
419 9999
42 9999
420 9999
421 9999
422 9999
423 9999
424 9999
425 9999
427 9999
428 9999
429 9993
43 9999
430 9999
431 9571
432 9999
433 0
434 9999
435 9999
436 9999
438 328
439 9999
441 9999
442 9999
443 9999
444 9999
445 9999
446 9999
447 38
448 9999
449 9999
45 9999
450 9999
451 43
452 9999
453 9991
454 9999
455 2
456 9999
457 9999
458 9999
459 9999
46 9999
460 9999
461 9999
462 9999
464 8420
465 9999
466 6803
467 9999
468 9940
469 9999
47 9999
471 9999
472 9999
473 786
474 9999
475 8955
476 9999
477 9757
478 9999
48 9999
480 12
481 9999
482 9999
483 9999
484 9999
485 9999
486 9999
487 9999
488 9999
489 9999
49 9999
491 9977
492 9999
493 967
494 9999
495 9999
496 9999
497 594
498 9999
499 8337
50 9999
500 9999
503 0
504 9999
505 9169
506 9999
507 9999
508 9999
509 838
51 858
510 9999
511 9999
512 9999
513 9999
514 9999
515 9529
516 9999
517 784
518 9999
519 9999
52 9999
520 9999
521 9999
522 9999
523 9998
524 9999
526 9999
527 9999
529 3
53 9960
530 9999
531 9112
532 9999
533 5007
534 9999
535 4642
536 9999
537 9999
538 9999
539 253
54 9999
540 9999
541 5920
542 9999
543 9999
544 9999
546 9999
547 9999
549 10
550 9999
551 6635
552 9999
553 29
554 9996
555 5032
556 9999
557 9999
558 9999
559 8802
56 52
560 9999
561 9913
562 9999
563 9925
564 9999
565 48
566 9994
567 9982
568 9999
57 9999
570 8730
571 9999
572 9921
573 9999
574 9433
575 9999
577 9999
578 9993
579 9999
58 1
580 9999
581 9999
582 9999
583 664
584 9999
585 9999
586 9999
587 9999
588 9999
589 637
59 9962
590 9999
591 6585
592 9999
593 9999
594 9999
595 9978
596 9999
597 9999
598 9999
599 158
60 7861
600 9999
602 9960
603 9999
604 608
605 9999
606 9693
607 9999
608 2213
609 9999
61 9999
610 9999
611 9999
612 832
613 9999
614 9926
615 9999
616 9999
617 9999
618 9999
619 9999
62 9978
620 9999
621 9999
622 9999
623 9999
624 9748
625 9999
627 9999
628 9999
629 9999
63 9999
630 9999
631 6255
632 9999
633 8431
634 9999
637 9999
638 9999
639 2
64 9999
640 9999
641 1012
642 9999
644 457
645 9999
646 9555
647 9999
648 9999
649 9999
65 9999
650 238
651 9999
653 6052
654 9999
655 5712
656 9999
657 9898
658 9999
659 9999
66 9999
660 9999
661 9203
662 9999
663 46
664 9999
665 586
666 9999
667 13
668 9999
669 9999
67 9999
670 9999
671 9
672 9995
673 9922
674 9999
675 9983
676 9999
677 2016
678 9999
679 119
680 9999
681 8854
682 9999
683 9999
684 9999
685 6096
686 9999
688 270
689 9999
690 9999
691 9999
692 769
693 9999
694 9999
695 9999
697 9999
698 9999
699 9999
70 9999
700 9999
702 0
703 9999
704 9999
705 9999
706 9999
707 9999
708 10
709 9999
71 9999
72 9999
73 9999
74 9999
75 9999
76 9999
77 9999
78 9999
79 9999
8 65
80 5776
81 9999
82 9998
83 9999
84 9999
85 9999
86 9999
87 9999
89 0
9 9999
90 9977
91 9999
92 9999
93 37
94 9999
95 9999
96 9999
97 9999
98 9999
99 5942
