165 1172
166 9999
201 0
202 1041
235 0
236 9999
250 0
251 0
325 9974
326 9577
335 110
336 9999
634 4
635 9999
92 7
93 9999
165 1172
166 9999
201 0
202 1041
235 0
236 9999
250 0
251 0
325 9974
326 9577
335 110
336 9999
634 4
635 9999
92 7
93 9999
0 0
1 0
10 0
100 0
101 0
102 0
103 0
104 0
105 0
106 0
107 0
108 0
109 0
11 0
110 0
111 0
112 0
113 0
114 0
115 0
116 0
117 0
118 0
119 0
12 0
120 0
121 0
122 0
123 0
124 0
125 0
126 0
127 0
128 0
129 0
13 0
130 0
131 0
132 0
133 0
134 0
135 0
136 0
137 0
138 0
139 0
14 0
140 0
141 0
142 0
143 0
144 0
145 0
146 0
147 0
148 0
149 0
15 0
150 0
151 0
152 0
153 0
154 0
155 0
156 0
157 0
158 0
159 0
16 0
160 0
161 0
162 0
163 0
164 0
165 0
166 0
167 0
168 0
169 0
17 0
170 0
171 0
172 0
173 0
174 0
175 0
176 0
177 0
178 0
179 0
18 0
180 0
181 0
182 0
183 0
184 0
185 0
186 0
187 0
188 0
189 0
19 0
190 0
191 0
192 0
193 0
194 0
195 0
196 0
197 0
198 0
199 0
2 0
20 0
200 0
201 0
202 0
203 0
204 0
205 0
206 0
207 0
208 0
209 0
21 0
210 0
211 0
212 0
213 0
214 0
215 0
216 0
217 0
22 0
23 0
24 0
25 0
26 0
27 0
28 0
29 0
3 0
30 0
31 0
32 0
33 0
34 0
35 0
36 0
37 0
38 0
39 0
4 0
40 0
41 0
42 0
43 0
44 0
45 0
46 0
47 0
48 0
49 0
5 0
50 0
51 0
52 0
53 0
54 0
55 0
56 0
57 0
58 0
59 0
6 0
60 0
61 0
62 0
63 0
64 0
65 0
66 0
67 0
68 0
69 0
7 0
70 0
71 0
72 0
73 0
74 0
75 0
76 0
77 0
78 0
79 0
8 0
80 0
81 0
82 0
83 0
84 0
85 0
86 0
87 0
88 0
89 0
9 0
90 0
91 0
92 0
93 0
94 0
95 0
96 0
97 0
98 0
99 0
0 0
1 0
10 0
100 0
101 0
102 0
103 0
104 0
105 0
106 0
107 0
108 0
109 0
11 0
110 0
111 0
112 0
113 0
114 0
115 0
116 0
117 0
118 0
119 0
12 0
120 0
121 0
122 0
123 0
124 0
125 0
126 0
127 0
128 0
129 0
13 0
130 0
131 0
132 0
133 0
134 0
135 0
136 0
137 0
138 0
139 0
14 0
140 0
141 0
142 0
143 0
144 0
145 0
146 0
147 0
148 0
149 0
15 0
150 0
151 0
152 0
153 0
154 0
155 0
156 0
157 0
158 0
159 0
16 0
160 0
161 0
162 0
163 0
164 0
165 0
166 0
167 0
168 0
169 0
17 0
170 0
171 0
172 0
173 0
174 0
175 0
176 0
177 0
178 0
179 0
18 0
180 0
181 0
182 0
183 0
184 0
185 0
186 0
187 0
188 0
189 0
19 0
190 0
191 0
192 0
193 0
194 0
195 0
196 0
197 0
198 0
199 0
2 0
20 0
200 0
201 0
202 0
203 0
204 0
205 0
206 0
207 0
208 0
209 0
21 0
210 0
211 0
212 0
213 0
214 0
215 0
216 0
217 0
22 0
23 0
24 0
25 0
26 0
27 0
28 0
29 0
3 0
30 0
31 0
32 0
33 0
34 0
35 0
36 0
37 0
38 0
39 0
4 0
40 0
41 0
42 0
43 0
44 0
45 0
46 0
47 0
48 0
49 0
5 0
50 0
51 0
52 0
53 0
54 0
55 0
56 0
57 0
58 0
59 0
6 0
60 0
61 0
62 0
63 0
64 0
65 0
66 0
67 0
68 0
69 0
7 0
70 0
71 0
72 0
73 0
74 0
75 0
76 0
77 0
78 0
79 0
8 0
80 0
81 0
82 0
83 0
84 0
85 0
86 0
87 0
88 0
89 0
9 0
90 0
91 0
92 0
93 0
94 0
95 0
96 0
97 0
98 0
99 0
0 0
1 0
10 0
100 0
101 0
102 0
103 0
104 0
105 0
106 0
107 0
108 0
109 0
11 0
110 0
111 0
112 0
113 0
114 0
115 0
116 0
117 0
118 0
119 0
12 0
120 0
121 0
122 0
123 0
124 0
125 0
126 0
127 0
128 0
129 0
13 0
130 0
131 0
132 0
133 0
134 0
135 0
136 0
137 0
138 0
139 0
14 0
140 0
141 0
142 0
143 0
144 0
145 0
146 0
147 0
148 0
149 0
15 0
150 0
151 0
152 0
153 0
154 0
155 0
156 0
157 0
158 0
159 0
16 0
160 0
161 0
162 0
163 0
164 0
165 0
166 0
167 0
168 0
169 0
17 0
170 0
171 0
172 0
173 0
174 0
175 0
176 0
177 0
178 0
179 0
18 0
180 0
181 0
182 0
183 0
184 0
185 0
186 0
187 0
188 0
189 0
19 0
190 0
191 0
192 0
193 0
194 0
195 0
196 0
197 0
198 0
199 0
2 0
20 0
200 0
201 0
202 0
203 0
204 0
205 0
206 0
207 0
208 0
209 0
21 0
210 0
211 0
212 0
213 0
214 0
215 0
216 0
217 0
22 0
23 0
24 0
25 0
26 0
27 0
28 0
29 0
3 0
30 0
31 0
32 0
33 0
34 0
35 0
36 0
37 0
38 0
39 0
4 0
40 0
41 0
42 0
43 0
44 0
45 0
46 0
47 0
48 0
49 0
5 0
50 0
51 0
52 0
53 0
54 0
55 0
56 0
57 0
58 0
59 0
6 0
60 0
61 0
62 0
63 0
64 0
65 0
66 0
67 0
68 0
69 0
7 0
70 0
71 0
72 0
73 0
74 0
75 0
76 0
77 0
78 0
79 0
8 0
80 0
81 0
82 0
83 0
84 0
85 0
86 0
87 0
88 0
89 0
9 0
90 0
91 0
92 0
93 0
94 0
95 0
96 0
97 0
98 0
99 0
0 0
1 0
10 0
100 0
101 0
102 0
103 0
104 0
105 0
106 0
107 0
108 0
109 0
11 0
110 0
111 0
112 0
113 0
114 0
115 0
116 0
117 0
118 0
119 0
12 0
120 0
121 0
122 0
123 0
124 0
125 0
126 0
127 0
128 0
129 0
13 0
130 0
131 0
132 0
133 0
134 0
135 0
136 0
137 0
138 0
139 0
14 0
140 0
141 0
142 0
143 0
144 0
145 0
146 0
147 0
148 0
149 0
15 0
150 0
151 0
152 0
153 0
154 0
155 0
156 0
157 0
158 0
159 0
16 0
160 0
161 0
162 0
163 0
164 0
165 0
166 0
167 0
168 0
169 0
17 0
170 0
171 0
172 0
173 0
174 0
175 0
176 0
177 0
178 0
179 0
18 0
180 0
181 0
182 0
183 0
184 0
185 0
186 0
187 0
188 0
189 0
19 0
190 0
191 0
192 0
193 0
194 0
195 0
196 0
197 0
198 0
199 0
2 0
20 0
200 0
201 0
202 0
203 0
204 0
205 0
206 0
207 0
208 0
209 0
21 0
210 0
211 0
212 0
213 0
214 0
215 0
216 0
217 0
218 0
219 0
22 0
220 0
221 0
222 0
223 0
224 0
225 0
226 0
227 0
228 0
229 0
23 0
230 0
231 0
24 0
25 0
26 0
27 0
28 0
29 0
3 0
30 0
31 0
32 0
33 0
34 0
35 0
36 0
37 0
38 0
39 0
4 0
40 0
41 0
42 0
43 0
44 0
45 0
46 0
47 0
48 0
49 0
5 0
50 0
51 0
52 0
53 0
54 0
55 0
56 0
57 0
58 0
59 0
6 0
60 0
61 0
62 0
63 0
64 0
65 0
66 0
67 0
68 0
69 0
7 0
70 0
71 0
72 0
73 0
74 0
75 0
76 0
77 0
78 0
79 0
8 0
80 0
81 0
82 0
83 0
84 0
85 0
86 0
87 0
88 0
89 0
9 0
90 0
91 0
92 0
93 0
94 0
95 0
96 0
97 0
98 0
99 0
0 0
1 0
10 0
100 0
101 0
102 0
103 0
104 0
105 0
106 0
107 0
108 0
109 0
11 0
110 0
111 0
112 0
113 0
114 0
115 0
116 0
117 0
118 0
119 0
12 0
120 0
121 0
122 0
123 0
124 0
125 0
126 0
127 0
128 0
129 0
13 0
130 0
131 0
132 0
133 0
134 0
135 0
136 0
137 0
138 0
139 0
14 0
140 0
141 0
142 0
143 0
144 0
145 0
146 0
147 0
148 0
149 0
15 0
150 0
151 0
152 0
153 0
154 0
155 0
156 0
157 0
158 0
159 0
16 0
160 0
161 0
162 0
163 0
164 0
165 0
166 0
167 0
168 0
169 0
17 0
170 0
171 0
172 0
173 0
174 0
175 0
176 0
177 0
178 0
179 0
18 0
180 0
181 0
182 0
183 0
184 0
185 0
186 0
187 0
188 0
189 0
19 0
190 0
191 0
192 0
193 0
194 0
195 0
196 0
197 0
198 0
199 0
2 0
20 0
200 0
201 0
202 0
203 0
204 0
205 0
206 0
207 0
208 0
209 0
21 0
210 0
211 0
212 0
213 0
214 0
215 0
216 0
217 0
218 0
219 0
22 0
220 0
221 0
222 0
223 0
224 0
225 0
226 0
227 0
228 0
229 0
23 0
230 0
231 0
232 0
233 0
234 0
235 0
24 0
25 0
26 0
27 0
28 0
29 0
3 0
30 0
31 0
32 0
33 0
34 0
35 0
36 0
37 0
38 0
39 0
4 0
40 0
41 0
42 0
43 0
44 0
45 0
46 0
47 0
48 0
49 0
5 0
50 0
51 0
52 0
53 0
54 0
55 0
56 0
57 0
58 0
59 0
6 0
60 0
61 0
62 0
63 0
64 0
65 0
66 0
67 0
68 0
69 0
7 0
70 0
71 0
72 0
73 0
74 0
75 0
76 0
77 0
78 0
79 0
8 0
80 0
81 0
82 0
83 0
84 0
85 0
86 0
87 0
88 0
89 0
9 0
90 0
91 0
92 0
93 0
94 0
95 0
96 0
97 0
98 0
99 0
129 0
130 0
201 0
202 0
347 0
348 0
405 0
406 0
43 0
44 0
540 0
541 0
573 0
574 0
630 0
631 0
662 0
663 0
89 0
90 0
129 2
130 467
201 464
202 464
347 0
348 457
405 453
406 452
43 0
44 25
540 0
541 438
573 10
574 442
630 10
631 439
662 438
663 35
89 471
90 473
108 909
109 171
127 55
128 999
170 193
171 999
258 0
259 999
289 0
290 999
401 2
402 999
449 1
450 999
467 0
468 999
550 1
551 999
559 1
560 999
565 125
566 999
578 0
579 999
588 1
589 999
108 909
109 171
127 55
128 999
170 193
171 999
258 0
259 999
289 0
290 999
401 2
402 999
449 1
450 999
467 0
468 999
550 1
551 999
559 1
560 999
565 125
566 999
578 0
579 999
588 1
589 999
132 0
133 985
184 853
185 0
291 885
292 978
304 1
305 978
314 10
315 978
317 0
318 978
344 17
345 978
447 491
448 977
465 976
466 977
492 0
493 15
53 0
54 903
606 972
607 972
609 1
610 972
614 425
615 972
94 17
95 988
108 909
109 171
127 55
128 999
170 193
171 999
258 0
259 999
289 0
290 999
401 2
402 999
449 1
450 999
467 0
468 999
550 1
551 999
559 1
560 999
565 125
566 999
578 0
579 999
588 1
589 999
105 992
106 5
133 992
134 999
16 0
17 992
226 998
227 999
269 922
270 999
431 0
432 998
469 0
470 8
479 19
480 999
688 999
689 996
104 482
105 499
113 499
114 499
119 499
120 499
124 8
125 499
131 499
132 499
139 499
140 499
143 499
144 499
15 70
151 62
152 499
16 499
170 499
171 499
181 499
182 499
186 197
187 499
198 499
199 499
208 499
209 499
211 499
212 499
213 499
214 499
219 499
22 498
220 499
224 499
225 499
229 188
23 25
230 499
239 499
24 499
240 499
242 182
243 499
245 499
246 499
25 499
250 0
251 499
253 204
254 499
257 499
258 499
259 70
260 499
28 212
29 499
290 499
291 499
301 499
302 499
307 34
308 499
318 499
319 499
321 499
322 499
328 499
329 177
332 499
333 499
337 467
338 499
348 497
349 499
350 467
351 499
366 0
367 499
370 1
371 499
372 490
373 499
382 0
383 83
54 77
55 499
57 42
58 499
73 499
74 499
80 499
81 499
101 31
102 9999
107 9999
108 9999
112 6949
113 9999
114 1020
115 9999
12 8538
122 4072
123 9999
129 14
13 9999
130 9999
133 9999
134 9999
138 1038
139 9999
141 9129
142 9999
145 9999
146 9999
147 253
148 9999
152 216
153 9999
177 0
178 958
180 6632
181 9999
182 9999
183 9999
186 771
187 9999
188 9940
189 9999
19 8888
191 192
192 9999
20 9999
209 8420
210 9999
216 8508
217 9999
219 12
220 9999
221 9999
222 9999
223 9967
224 9999
225 9999
226 9999
234 9169
235 9999
237 9999
238 9999
239 9529
24 1377
240 9999
241 187
242 9999
244 812
245 9999
249 9999
25 9999
250 9999
254 9999
255 9999
257 6635
258 9999
262 8802
263 9999
27 31
271 910
272 9999
274 710
275 9999
279 9999
28 9999
280 9999
288 9999
289 9999
29 22
293 9999
294 9999
295 15
296 9999
297 9999
298 9999
299 9893
30 9999
300 9999
330 9999
331 9999
44 9999
45 9999
49 37
50 9999
51 9999
52 9999
53 159
54 9999
58 9925
59 9999
62 151
63 9999
83 9999
84 9999
85 0
86 9993
89 9999
90 9999
92 9999
93 9999
96 9998
97 9986
101 31
102 9999
107 9999
108 9999
112 6949
113 9999
114 1020
115 9999
12 8538
122 4072
123 9999
129 14
13 9999
130 9999
133 9999
134 9999
138 1038
139 9999
141 9129
142 9999
145 9999
146 9999
147 253
148 9999
152 216
153 9999
177 0
178 958
180 6632
181 9999
182 9999
183 9999
186 771
187 9999
188 9940
189 9999
19 8888
191 192
192 9999
20 9999
209 8420
210 9999
216 8508
217 9999
219 12
220 9999
221 9999
222 9999
223 9967
224 9999
225 9999
226 9999
234 9169
235 9999
237 9999
238 9999
239 9529
24 1377
240 9999
241 187
242 9999
244 812
245 9999
249 9999
25 9999
250 9999
254 9999
255 9999
257 6635
258 9999
262 8802
263 9999
27 31
271 910
272 9999
274 710
275 9999
279 9999
28 9999
280 9999
288 9999
289 9999
29 22
293 9999
294 9999
295 15
296 9999
297 9999
298 9999
299 9893
30 9999
300 9999
330 9999
331 9999
44 9999
45 9999
49 37
50 9999
51 9999
52 9999
53 159
54 9999
58 9925
59 9999
62 151
63 9999
83 9999
84 9999
85 0
86 9993
89 9999
90 9999
92 9999
93 9999
96 9998
97 9986
43 0
44 498
529 143
530 23
565 0
566 1
679 0
680 160
743 46
744 499
