154 0
155 9999
161 0
162 843
166 1172
167 9999
199 0
200 9681
236 0
237 9999
249 969
250 9999
301 0
302 9999
326 9974
327 9999
336 110
337 9999
384 0
385 9434
451 9999
452 9996
512 0
513 84
635 1112
636 9999
637 4
638 9999
92 7
93 9999
154 0
155 9999
161 0
162 843
166 1172
167 9999
199 0
200 9681
236 0
237 9999
249 969
250 9999
301 0
302 9999
326 9974
327 9999
336 110
337 9999
384 0
385 9434
451 9999
452 9996
512 0
513 84
635 1112
636 9999
637 4
638 9999
92 7
93 9999
0 0
1 0
10 0
100 0
101 0
102 0
103 0
104 0
105 0
106 0
107 0
108 0
109 0
11 0
110 0
111 0
112 0
113 0
114 0
115 0
116 0
117 0
118 0
119 0
12 0
120 0
121 0
122 0
123 0
124 0
125 0
126 0
127 0
128 0
129 0
13 0
130 0
131 0
132 0
133 0
134 0
135 0
136 0
137 0
138 0
139 0
14 0
140 0
141 0
142 0
143 0
144 0
145 0
146 0
147 0
148 0
149 0
15 0
150 0
151 0
152 0
153 0
154 0
155 0
156 0
157 0
158 0
159 0
16 0
160 0
161 0
162 0
163 0
164 0
165 0
166 0
167 0
168 0
169 0
17 0
170 0
171 0
172 0
173 0
174 0
175 0
176 0
177 0
178 0
179 0
18 0
180 0
181 0
182 0
183 0
184 0
185 0
186 0
187 0
188 0
189 0
19 0
190 0
191 0
192 0
193 0
194 0
195 0
196 0
197 0
198 0
199 0
2 0
20 0
200 0
201 0
202 0
203 0
204 0
205 0
206 0
207 0
208 0
209 0
21 0
210 0
211 0
212 0
213 0
214 0
215 0
216 0
217 0
218 0
219 0
22 0
220 0
221 0
222 0
223 0
224 0
225 0
226 0
227 0
228 0
229 0
23 0
230 0
231 0
232 0
233 0
234 0
235 0
236 0
237 0
238 0
239 0
24 0
240 0
241 0
242 0
243 0
244 0
245 0
246 0
247 0
248 0
249 0
25 0
250 0
251 0
252 0
253 0
254 0
255 0
256 0
257 0
258 0
259 0
26 0
260 0
261 0
262 0
263 0
264 0
265 0
266 0
267 0
268 0
269 0
27 0
270 0
271 0
272 0
273 0
274 0
275 0
276 0
277 0
278 0
279 0
28 0
280 0
281 0
282 0
283 0
284 0
285 0
286 0
287 0
288 0
289 0
29 0
290 0
291 0
292 0
293 0
294 0
295 0
296 0
297 0
298 0
299 0
3 0
30 0
31 0
32 0
33 0
34 0
35 0
36 0
37 0
38 0
39 0
4 0
40 0
41 0
42 0
43 0
44 0
45 0
46 0
47 0
48 0
49 0
5 0
50 0
51 0
52 0
53 0
54 0
55 0
56 0
57 0
58 0
59 0
6 0
60 0
61 0
62 0
63 0
64 0
65 0
66 0
67 0
68 0
69 0
7 0
70 0
71 0
72 0
73 0
74 0
75 0
76 0
77 0
78 0
79 0
8 0
80 0
81 0
82 0
83 0
84 0
85 0
86 0
87 0
88 0
89 0
9 0
90 0
91 0
92 0
93 0
94 0
95 0
96 0
97 0
98 0
99 0
0 0
1 0
10 0
100 0
101 0
102 0
103 0
104 0
105 0
106 0
107 0
108 0
109 0
11 0
110 0
111 0
112 0
113 0
114 0
115 0
116 0
117 0
118 0
119 0
12 0
120 0
121 0
122 0
123 0
124 0
125 0
126 0
127 0
128 0
129 0
13 0
130 0
131 0
132 0
133 0
134 0
135 0
136 0
137 0
138 0
139 0
14 0
140 0
141 0
142 0
143 0
144 0
145 0
146 0
147 0
148 0
149 0
15 0
150 0
151 0
152 0
153 0
154 0
155 0
156 0
157 0
158 0
159 0
16 0
160 0
161 0
162 0
163 0
164 0
165 0
166 0
167 0
168 0
169 0
17 0
170 0
171 0
172 0
173 0
174 0
175 0
176 0
177 0
178 0
179 0
18 0
180 0
181 0
182 0
183 0
184 0
185 0
186 0
187 0
188 0
189 0
19 0
190 0
191 0
192 0
193 0
194 0
195 0
196 0
197 0
198 0
199 0
2 0
20 0
200 0
201 0
202 0
203 0
204 0
205 0
206 0
207 0
208 0
209 0
21 0
210 0
211 0
212 0
213 0
214 0
215 0
216 0
217 0
218 0
219 0
22 0
220 0
221 0
222 0
223 0
224 0
225 0
226 0
227 0
228 0
229 0
23 0
230 0
231 0
232 0
233 0
234 0
235 0
236 0
237 0
238 0
239 0
24 0
240 0
241 0
242 0
243 0
244 0
245 0
246 0
247 0
248 0
249 0
25 0
250 0
251 0
252 0
253 0
254 0
255 0
256 0
257 0
258 0
259 0
26 0
260 0
261 0
262 0
263 0
264 0
265 0
266 0
267 0
268 0
269 0
27 0
270 0
271 0
272 0
273 0
274 0
275 0
276 0
277 0
278 0
279 0
28 0
280 0
281 0
282 0
283 0
284 0
285 0
286 0
287 0
288 0
289 0
29 0
290 0
291 0
292 0
293 0
294 0
295 0
296 0
297 0
298 0
299 0
3 0
30 0
31 0
32 0
33 0
34 0
35 0
36 0
37 0
38 0
39 0
4 0
40 0
41 0
42 0
43 0
44 0
45 0
46 0
47 0
48 0
49 0
5 0
50 0
51 0
52 0
53 0
54 0
55 0
56 0
57 0
58 0
59 0
6 0
60 0
61 0
62 0
63 0
64 0
65 0
66 0
67 0
68 0
69 0
7 0
70 0
71 0
72 0
73 0
74 0
75 0
76 0
77 0
78 0
79 0
8 0
80 0
81 0
82 0
83 0
84 0
85 0
86 0
87 0
88 0
89 0
9 0
90 0
91 0
92 0
93 0
94 0
95 0
96 0
97 0
98 0
99 0
0 0
1 0
10 0
100 0
101 0
102 0
103 0
104 0
105 0
106 0
107 0
108 0
109 0
11 0
110 0
111 0
112 0
113 0
114 0
115 0
116 0
117 0
118 0
119 0
12 0
120 0
121 0
122 0
123 0
124 0
125 0
126 0
127 0
128 0
129 0
13 0
130 0
131 0
132 0
133 0
134 0
135 0
136 0
137 0
138 0
139 0
14 0
140 0
141 0
142 0
143 0
144 0
145 0
146 0
147 0
148 0
149 0
15 0
150 0
151 0
152 0
153 0
154 0
155 0
156 0
157 0
158 0
159 0
16 0
160 0
161 0
162 0
163 0
164 0
165 0
166 0
167 0
168 0
169 0
17 0
170 0
171 0
172 0
173 0
174 0
175 0
176 0
177 0
178 0
179 0
18 0
180 0
181 0
182 0
183 0
184 0
185 0
186 0
187 0
188 0
189 0
19 0
190 0
191 0
192 0
193 0
194 0
195 0
196 0
197 0
198 0
199 0
2 0
20 0
200 0
201 0
202 0
203 0
204 0
205 0
206 0
207 0
208 0
209 0
21 0
210 0
211 0
212 0
213 0
214 0
215 0
216 0
217 0
218 0
219 0
22 0
220 0
221 0
222 0
223 0
224 0
225 0
226 0
227 0
228 0
229 0
23 0
230 0
231 0
232 0
233 0
234 0
235 0
236 0
237 0
238 0
239 0
24 0
240 0
241 0
242 0
243 0
244 0
245 0
246 0
247 0
248 0
249 0
25 0
250 0
251 0
252 0
253 0
254 0
255 0
256 0
257 0
258 0
259 0
26 0
260 0
261 0
262 0
263 0
264 0
265 0
266 0
267 0
268 0
269 0
27 0
270 0
271 0
272 0
273 0
274 0
275 0
276 0
277 0
278 0
279 0
28 0
280 0
281 0
282 0
283 0
284 0
285 0
286 0
287 0
288 0
289 0
29 0
290 0
291 0
292 0
293 0
294 0
295 0
296 0
297 0
298 0
299 0
3 0
30 0
31 0
32 0
33 0
34 0
35 0
36 0
37 0
38 0
39 0
4 0
40 0
41 0
42 0
43 0
44 0
45 0
46 0
47 0
48 0
49 0
5 0
50 0
51 0
52 0
53 0
54 0
55 0
56 0
57 0
58 0
59 0
6 0
60 0
61 0
62 0
63 0
64 0
65 0
66 0
67 0
68 0
69 0
7 0
70 0
71 0
72 0
73 0
74 0
75 0
76 0
77 0
78 0
79 0
8 0
80 0
81 0
82 0
83 0
84 0
85 0
86 0
87 0
88 0
89 0
9 0
90 0
91 0
92 0
93 0
94 0
95 0
96 0
97 0
98 0
99 0
0 0
1 0
10 0
100 0
101 0
102 0
103 0
104 0
105 0
106 0
107 0
108 0
109 0
11 0
110 0
111 0
112 0
113 0
114 0
115 0
116 0
117 0
118 0
119 0
12 0
120 0
121 0
122 0
123 0
124 0
125 0
126 0
127 0
128 0
129 0
13 0
130 0
131 0
132 0
133 0
134 0
135 0
136 0
137 0
138 0
139 0
14 0
140 0
141 0
142 0
143 0
144 0
145 0
146 0
147 0
148 0
149 0
15 0
150 0
151 0
152 0
153 0
154 0
155 0
156 0
157 0
158 0
159 0
16 0
160 0
161 0
162 0
163 0
164 0
165 0
166 0
167 0
168 0
169 0
17 0
170 0
171 0
172 0
173 0
174 0
175 0
176 0
177 0
178 0
179 0
18 0
180 0
181 0
182 0
183 0
184 0
185 0
186 0
187 0
188 0
189 0
19 0
190 0
191 0
192 0
193 0
194 0
195 0
196 0
197 0
198 0
199 0
2 0
20 0
200 0
201 0
202 0
203 0
204 0
205 0
206 0
207 0
208 0
209 0
21 0
210 0
211 0
212 0
213 0
214 0
215 0
216 0
217 0
218 0
219 0
22 0
220 0
221 0
222 0
223 0
224 0
225 0
226 0
227 0
228 0
229 0
23 0
230 0
231 0
232 0
233 0
234 0
235 0
236 0
237 0
238 0
239 0
24 0
240 0
241 0
242 0
243 0
244 0
245 0
246 0
247 0
248 0
249 0
25 0
250 0
251 0
252 0
253 0
254 0
255 0
256 0
257 0
258 0
259 0
26 0
260 0
261 0
262 0
263 0
264 0
265 0
266 0
267 0
268 0
269 0
27 0
270 0
271 0
272 0
273 0
274 0
275 0
276 0
277 0
278 0
279 0
28 0
280 0
281 0
282 0
283 0
284 0
285 0
286 0
287 0
288 0
289 0
29 0
290 0
291 0
292 0
293 0
294 0
295 0
296 0
297 0
298 0
299 0
3 0
30 0
300 0
301 0
302 0
303 0
304 0
305 0
306 0
307 0
308 0
309 0
31 0
310 0
311 0
312 0
313 0
314 0
315 0
316 0
317 0
318 0
319 0
32 0
33 0
34 0
35 0
36 0
37 0
38 0
39 0
4 0
40 0
41 0
42 0
43 0
44 0
45 0
46 0
47 0
48 0
49 0
5 0
50 0
51 0
52 0
53 0
54 0
55 0
56 0
57 0
58 0
59 0
6 0
60 0
61 0
62 0
63 0
64 0
65 0
66 0
67 0
68 0
69 0
7 0
70 0
71 0
72 0
73 0
74 0
75 0
76 0
77 0
78 0
79 0
8 0
80 0
81 0
82 0
83 0
84 0
85 0
86 0
87 0
88 0
89 0
9 0
90 0
91 0
92 0
93 0
94 0
95 0
96 0
97 0
98 0
99 0
0 0
1 0
10 0
100 0
101 0
102 0
103 0
104 0
105 0
106 0
107 0
108 0
109 0
11 0
110 0
111 0
112 0
113 0
114 0
115 0
116 0
117 0
118 0
119 0
12 0
120 0
121 0
122 0
123 0
124 0
125 0
126 0
127 0
128 0
129 0
13 0
130 0
131 0
132 0
133 0
134 0
135 0
136 0
137 0
138 0
139 0
14 0
140 0
141 0
142 0
143 0
144 0
145 0
146 0
147 0
148 0
149 0
15 0
150 0
151 0
152 0
153 0
154 0
155 0
156 0
157 0
158 0
159 0
16 0
160 0
161 0
162 0
163 0
164 0
165 0
166 0
167 0
168 0
169 0
17 0
170 0
171 0
172 0
173 0
174 0
175 0
176 0
177 0
178 0
179 0
18 0
180 0
181 0
182 0
183 0
184 0
185 0
186 0
187 0
188 0
189 0
19 0
190 0
191 0
192 0
193 0
194 0
195 0
196 0
197 0
198 0
199 0
2 0
20 0
200 0
201 0
202 0
203 0
204 0
205 0
206 0
207 0
208 0
209 0
21 0
210 0
211 0
212 0
213 0
214 0
215 0
216 0
217 0
218 0
219 0
22 0
220 0
221 0
222 0
223 0
224 0
225 0
226 0
227 0
228 0
229 0
23 0
230 0
231 0
232 0
233 0
234 0
235 0
236 0
237 0
238 0
239 0
24 0
240 0
241 0
242 0
243 0
244 0
245 0
246 0
247 0
248 0
249 0
25 0
250 0
251 0
252 0
253 0
254 0
255 0
256 0
257 0
258 0
259 0
26 0
260 0
261 0
262 0
263 0
264 0
265 0
266 0
267 0
268 0
269 0
27 0
270 0
271 0
272 0
273 0
274 0
275 0
276 0
277 0
278 0
279 0
28 0
280 0
281 0
282 0
283 0
284 0
285 0
286 0
287 0
288 0
289 0
29 0
290 0
291 0
292 0
293 0
294 0
295 0
296 0
297 0
298 0
299 0
3 0
30 0
31 0
32 0
33 0
34 0
35 0
36 0
37 0
38 0
39 0
4 0
40 0
41 0
42 0
43 0
44 0
45 0
46 0
47 0
48 0
49 0
5 0
50 0
51 0
52 0
53 0
54 0
55 0
56 0
57 0
58 0
59 0
6 0
60 0
61 0
62 0
63 0
64 0
65 0
66 0
67 0
68 0
69 0
7 0
70 0
71 0
72 0
73 0
74 0
75 0
76 0
77 0
78 0
79 0
8 0
80 0
81 0
82 0
83 0
84 0
85 0
86 0
87 0
88 0
89 0
9 0
90 0
91 0
92 0
93 0
94 0
95 0
96 0
97 0
98 0
99 0
114 0
115 0
132 0
133 0
158 0
159 0
20 0
21 0
250 0
251 0
254 0
255 0
268 0
269 0
270 0
271 0
3 0
351 0
352 0
4 0
429 0
430 0
451 0
452 0
498 0
499 0
509 0
510 0
52 0
53 0
57 0
575 0
576 0
578 0
579 0
58 0
589 0
590 0
6 0
614 0
615 0
618 0
619 0
670 0
671 0
674 0
675 0
7 0
72 0
73 0
85 0
86 0
90 0
91 0
93 0
94 0
114 468
115 468
132 0
133 75
158 465
159 465
20 485
21 473
250 10
251 458
254 4
255 458
268 0
269 211
270 1
271 457
3 0
351 26
352 453
4 493
429 0
430 0
451 15
452 447
498 9
499 445
509 0
510 196
52 4
53 476
57 477
575 444
576 443
578 444
579 444
58 477
589 0
590 444
6 39
614 0
615 27
618 419
619 105
670 0
671 0
674 11
675 442
7 490
72 364
73 82
85 60
86 473
90 438
91 469
93 468
94 424
107 909
108 171
126 55
127 999
158 27
159 999
162 999
163 865
169 193
170 999
232 998
233 16
257 0
258 999
284 978
285 999
288 0
289 999
303 1
304 999
307 951
308 999
400 2
401 999
403 0
404 999
449 1
450 999
467 0
468 999
474 901
475 999
503 991
504 999
523 0
524 999
531 0
532 999
550 1
551 999
559 1
560 999
565 125
566 999
574 0
575 19
579 22
580 999
589 503
590 999
67 0
68 991
86 0
87 581
107 909
108 171
126 55
127 999
158 27
159 999
162 999
163 865
169 193
170 999
232 998
233 16
257 0
258 999
284 978
285 999
288 0
289 999
303 1
304 999
307 951
308 999
400 2
401 999
403 0
404 999
449 1
450 999
467 0
468 999
474 901
475 999
503 991
504 999
523 0
524 999
531 0
532 999
550 1
551 999
559 1
560 999
565 125
566 999
574 0
575 19
579 22
580 999
589 503
590 999
67 0
68 991
86 0
87 581
12 997
13 39
133 0
134 985
143 0
144 2
161 0
162 983
19 995
190 33
191 982
193 113
194 981
20 996
201 0
202 981
212 979
213 979
258 3
259 977
302 975
303 0
33 82
34 995
354 0
355 968
393 971
394 0
425 24
426 971
432 802
433 971
477 970
478 20
67 181
68 991
86 89
87 989
90 471
91 989
107 909
108 171
126 55
127 999
158 27
159 999
162 999
163 865
169 193
170 999
232 998
233 16
257 0
258 999
284 978
285 999
288 0
289 999
303 1
304 999
307 951
308 999
400 2
401 999
403 0
404 999
449 1
450 999
467 0
468 999
474 901
475 999
503 991
504 999
523 0
524 999
531 0
532 999
550 1
551 999
559 1
560 999
565 125
566 999
574 0
575 19
579 22
580 999
589 503
590 999
67 0
68 991
86 0
87 581
105 992
106 5
133 992
134 999
16 0
17 992
179 0
180 999
200 0
201 999
226 998
227 999
269 922
270 999
316 2
317 999
411 999
412 999
433 0
434 998
468 999
469 16
481 19
482 999
690 999
691 996
102 223
103 499
11 499
111 482
112 499
12 7
120 499
121 499
126 499
127 499
131 499
132 499
139 499
140 499
147 499
148 499
151 499
152 499
159 499
160 499
161 62
162 499
169 0
17 70
170 498
174 469
175 499
18 499
183 499
184 499
194 499
195 499
199 197
200 499
211 499
212 499
221 499
222 499
224 499
225 499
226 499
227 499
228 311
229 499
234 499
235 499
236 499
237 499
24 498
241 499
242 499
245 0
246 476
247 188
248 499
25 25
251 8
252 499
253 499
254 499
26 499
260 499
261 499
263 182
264 499
266 499
267 499
27 499
271 0
272 499
274 499
275 499
278 499
279 499
280 70
281 499
284 6
285 499
293 499
294 499
30 212
31 499
314 499
315 499
317 487
318 499
326 499
327 499
328 499
329 499
334 34
335 499
336 157
337 499
34 199
342 55
343 499
347 499
348 499
35 499
350 499
351 499
353 499
354 499
359 499
360 177
361 498
362 499
364 499
365 499
369 467
370 499
376 499
377 499
380 499
381 499
382 497
383 499
384 467
385 499
394 0
395 303
401 0
402 499
403 456
404 499
406 1
407 499
408 490
409 499
418 0
419 83
42 499
43 179
47 204
48 499
5 499
55 43
56 499
59 77
6 499
60 499
62 42
63 499
78 499
79 499
85 499
86 499
10 9999
100 9999
102 9999
103 9999
105 9999
106 9999
107 1360
108 9999
11 9999
110 9998
111 9986
115 31
116 9999
121 9999
122 9999
124 300
125 9999
127 9999
128 9999
129 9999
130 9999
133 241
134 9999
135 852
136 9999
139 4072
14 8538
140 9999
141 9999
142 9999
148 14
149 9999
15 9999
152 9999
153 9999
154 1042
155 9999
158 1038
159 9999
161 9129
162 9999
165 9999
166 9999
167 9717
168 9999
169 9999
170 9999
173 216
174 9999
188 8062
189 9999
199 0
200 958
202 6632
203 9999
204 9999
205 9999
208 771
209 9999
21 8888
210 9999
211 9999
212 9999
213 9999
215 192
216 9999
217 9992
218 9999
219 9999
22 9999
220 9999
224 9999
225 9999
227 0
228 9999
229 0
230 9999
234 9999
235 9999
237 9999
238 9999
241 9999
242 9999
243 8420
244 9999
248 13
249 9999
253 12
254 9999
255 9999
256 9999
257 9967
258 9999
259 9999
26 1377
260 9999
261 0
262 9981
268 9169
269 9999
27 9999
270 760
271 9999
272 9999
273 9999
274 9999
275 9999
276 9999
277 9999
279 9717
280 9999
281 9999
282 9999
284 812
285 9999
289 9999
29 31
290 9999
294 9999
295 9999
297 6635
298 9999
30 9999
302 8802
303 9999
304 36
305 9999
31 22
311 910
312 9999
314 710
315 9999
317 9892
318 9999
32 9999
320 9999
321 9999
323 8
324 9994
327 14
328 9999
33 858
330 9999
331 9999
335 9999
336 9999
337 6759
338 9999
34 9999
340 9999
341 9999
342 246
343 9999
361 13
362 9999
368 9971
369 9999
376 9999
377 9999
40 6309
41 9999
44 303
45 9999
49 9999
50 9999
54 37
55 9999
56 9999
57 9999
58 159
59 9999
63 9999
64 9999
67 70
68 9999
69 151
70 9999
73 9999
74 9999
83 5300
84 9999
89 174
90 9999
93 950
94 9999
95 9999
96 9999
97 0
98 9993
99 17
10 9999
100 9999
102 9999
103 9999
105 9999
106 9999
107 1360
108 9999
11 9999
110 9998
111 9986
115 31
116 9999
121 9999
122 9999
124 300
125 9999
127 9999
128 9999
129 9999
130 9999
133 241
134 9999
135 852
136 9999
139 4072
14 8538
140 9999
141 9999
142 9999
148 14
149 9999
15 9999
152 9999
153 9999
154 1042
155 9999
158 1038
159 9999
161 9129
162 9999
165 9999
166 9999
167 9717
168 9999
169 9999
170 9999
173 216
174 9999
188 8062
189 9999
199 0
200 958
202 6632
203 9999
204 9999
205 9999
208 771
209 9999
21 8888
210 9999
211 9999
212 9999
213 9999
215 192
216 9999
217 9992
218 9999
219 9999
22 9999
220 9999
224 9999
225 9999
227 0
228 9999
229 0
230 9999
234 9999
235 9999
237 9999
238 9999
241 9999
242 9999
243 8420
244 9999
248 13
249 9999
253 12
254 9999
255 9999
256 9999
257 9967
258 9999
259 9999
26 1377
260 9999
261 0
262 9981
268 9169
269 9999
27 9999
270 760
271 9999
272 9999
273 9999
274 9999
275 9999
276 9999
277 9999
279 9717
280 9999
281 9999
282 9999
284 812
285 9999
289 9999
29 31
290 9999
294 9999
295 9999
297 6635
298 9999
30 9999
302 8802
303 9999
304 36
305 9999
31 22
311 910
312 9999
314 710
315 9999
317 9892
318 9999
32 9999
320 9999
321 9999
323 8
324 9994
327 14
328 9999
33 858
330 9999
331 9999
335 9999
336 9999
337 6759
338 9999
34 9999
340 9999
341 9999
342 246
343 9999
361 13
362 9999
368 9971
369 9999
376 9999
377 9999
40 6309
41 9999
44 303
45 9999
49 9999
50 9999
54 37
55 9999
56 9999
57 9999
58 159
59 9999
63 9999
64 9999
67 70
68 9999
69 151
70 9999
73 9999
74 9999
83 5300
84 9999
89 174
90 9999
93 950
94 9999
95 9999
96 9999
97 0
98 9993
99 17
10 0
11 0
27 39
28 499
367 0
368 499
42 0
43 335
433 1
434 483
435 42
436 499
529 143
530 23
557 143
558 499
679 499
680 14
715 129
716 499
72 0
721 446
722 396
73 162
743 46
744 499
86 0
87 467
