10 9999
103 5
104 9999
108 0
109 9999
110 8
111 9999
112 59
113 9999
115 59
116 9999
118 7
119 9999
125 9674
126 9999
132 114
133 9999
138 92
139 9999
14 0
149 9996
15 9999
150 9999
151 0
152 9999
154 9999
155 9996
160 9999
161 9999
168 843
169 9999
170 9576
171 9999
18 6491
182 0
183 9999
186 9969
187 9999
189 9999
19 9999
190 9967
197 1172
198 9999
201 0
202 9999
203 58
204 9999
207 972
208 58
210 9937
211 9997
212 0
213 9999
214 0
215 9999
224 607
225 9999
228 9952
229 9681
230 0
231 9576
236 9999
237 9979
248 6
249 9999
25 5
251 0
252 9972
253 6
254 9999
26 9999
265 0
266 9435
274 0
275 9999
28 7
280 47
281 9999
285 9
286 9999
29 9999
290 0
291 0
294 0
295 9999
296 0
297 9974
302 9601
303 9969
311 9999
312 9912
314 6
315 9999
316 0
317 9999
321 9
322 9999
323 84
324 9999
328 9973
329 9999
331 5
332 9999
333 0
334 9435
335 0
336 9996
338 3
339 9999
340 88
341 9999
346 0
347 9999
351 0
352 9999
362 9
363 9999
369 9440
370 9999
377 43
378 9999
379 6
380 9999
384 9999
385 9999
391 0
392 9999
393 1335
394 9999
399 58
40 0
400 9999
405 0
406 9977
407 9181
408 9999
409 0
41 9997
410 9999
411 3
412 9999
414 9995
415 9999
419 790
420 9999
421 9997
422 9999
424 9977
425 9999
426 9995
427 9999
43 0
433 9999
434 9999
44 9995
445 1308
446 9999
449 0
450 9999
453 0
454 9434
459 0
460 9999
463 73
464 9999
466 6951
467 9999
471 58
472 9997
473 3
474 9999
479 0
48 9999
480 9999
481 0
482 9999
49 7
496 92
497 9999
5 9997
50 0
509 9997
51 9967
510 9999
516 0
517 9999
520 0
521 9999
523 0
524 9999
525 4
526 9999
527 5
528 9999
534 0
535 0
54 0
542 0
543 9999
55 9999
562 48
563 9999
564 972
565 9999
566 0
567 9999
571 0
572 9999
574 9262
575 9999
576 846
577 9999
578 9625
579 9999
580 40
581 9999
587 0
588 9440
59 9997
591 9440
592 9937
596 7
597 9999
599 6379
6 9999
60 9999
600 9619
601 0
602 9997
623 9940
624 9999
631 8
632 9971
637 0
638 9999
669 9998
670 9999
676 6400
677 9944
679 0
680 9997
688 0
689 9997
697 6
698 9999
701 114
702 9999
705 4
706 9999
707 5
708 9999
71 9971
710 9966
711 9998
712 8817
713 9999
715 9150
716 58
719 1111
72 9993
720 9999
724 1112
725 9999
726 4
727 9999
732 7
733 9997
734 9903
735 9999
736 48
737 9999
740 1204
741 9999
746 3
747 9999
748 0
749 9999
750 0
751 9999
755 43
756 9996
77 2
78 9999
79 95
80 9999
82 9674
83 9999
84 9999
85 9999
86 8
87 9968
88 711
89 9999
9 9995
92 0
93 9999
94 0
95 9999
96 0
97 9999
10 9999
103 5
104 9999
108 0
109 9999
110 8
111 9999
112 59
113 9999
115 59
116 9999
118 7
119 9999
125 9674
126 9999
132 114
133 9999
138 92
139 9999
14 0
149 9996
15 9999
150 9999
151 0
152 9999
154 9999
155 9996
160 9999
161 9999
168 843
169 9999
170 9576
171 9999
18 6491
182 0
183 9999
186 9969
187 9999
189 9999
19 9999
190 9967
197 1172
198 9999
201 0
202 9999
203 58
204 9999
207 972
208 58
210 9937
211 9997
212 0
213 9999
214 0
215 9999
224 607
225 9999
228 9952
229 9681
230 0
231 9576
236 9999
237 9979
248 6
249 9999
25 5
251 0
252 9972
253 6
254 9999
26 9999
265 0
266 9435
274 0
275 9999
28 7
280 47
281 9999
285 9
286 9999
29 9999
290 0
291 0
294 0
295 9999
296 0
297 9974
302 9601
303 9969
311 9999
312 9912
314 6
315 9999
316 0
317 9999
321 9
322 9999
323 84
324 9999
328 9973
329 9999
331 5
332 9999
333 0
334 9435
335 0
336 9996
338 3
339 9999
340 88
341 9999
346 0
347 9999
351 0
352 9999
362 9
363 9999
369 9440
370 9999
377 43
378 9999
379 6
380 9999
384 9999
385 9999
391 0
392 9999
393 1335
394 9999
399 58
40 0
400 9999
405 0
406 9977
407 9181
408 9999
409 0
41 9997
410 9999
411 3
412 9999
414 9995
415 9999
419 790
420 9999
421 9997
422 9999
424 9977
425 9999
426 9995
427 9999
43 0
433 9999
434 9999
44 9995
445 1308
446 9999
449 0
450 9999
453 0
454 9434
459 0
460 9999
463 73
464 9999
466 6951
467 9999
471 58
472 9997
473 3
474 9999
479 0
48 9999
480 9999
481 0
482 9999
49 7
496 92
497 9999
5 9997
50 0
509 9997
51 9967
510 9999
516 0
517 9999
520 0
521 9999
523 0
524 9999
525 4
526 9999
527 5
528 9999
534 0
535 0
54 0
542 0
543 9999
55 9999
562 48
563 9999
564 972
565 9999
566 0
567 9999
571 0
572 9999
574 9262
575 9999
576 846
577 9999
578 9625
579 9999
580 40
581 9999
587 0
588 9440
59 9997
591 9440
592 9937
596 7
597 9999
599 6379
6 9999
60 9999
600 9619
601 0
602 9997
623 9940
624 9999
631 8
632 9971
637 0
638 9999
669 9998
670 9999
676 6400
677 9944
679 0
680 9997
688 0
689 9997
697 6
698 9999
701 114
702 9999
705 4
706 9999
707 5
708 9999
71 9971
710 9966
711 9998
712 8817
713 9999
715 9150
716 58
719 1111
72 9993
720 9999
724 1112
725 9999
726 4
727 9999
732 7
733 9997
734 9903
735 9999
736 48
737 9999
740 1204
741 9999
746 3
747 9999
748 0
749 9999
750 0
751 9999
755 43
756 9996
77 2
78 9999
79 95
80 9999
82 9674
83 9999
84 9999
85 9999
86 8
87 9968
88 711
89 9999
9 9995
92 0
93 9999
94 0
95 9999
96 0
97 9999
0 0
1 0
10 0
100 0
101 0
102 0
103 0
104 0
105 0
106 0
107 0
108 0
109 0
11 0
110 0
111 0
112 0
113 0
114 0
115 0
116 0
117 0
118 0
119 0
12 0
120 0
121 0
122 0
123 0
124 0
125 0
126 0
127 0
128 0
129 0
13 0
130 0
131 0
132 0
133 0
134 0
135 0
136 0
137 0
138 0
139 0
14 0
140 0
141 0
142 0
143 0
144 0
145 0
146 0
147 0
148 0
149 0
15 0
150 0
151 0
152 0
153 0
154 0
155 0
156 0
157 0
158 0
159 0
16 0
160 0
161 0
162 0
163 0
164 0
165 0
166 0
167 0
168 0
169 0
17 0
170 0
171 0
172 0
173 0
174 0
175 0
176 0
177 0
178 0
179 0
18 0
180 0
181 0
182 0
183 0
184 0
185 0
186 0
187 0
188 0
189 0
19 0
190 0
191 0
192 0
193 0
194 0
195 0
196 0
197 0
198 0
199 0
2 0
20 0
200 0
201 0
202 0
203 0
204 0
205 0
206 0
207 0
208 0
209 0
21 0
210 0
211 0
212 0
213 0
214 0
215 0
216 0
217 0
218 0
219 0
22 0
220 0
221 0
222 0
223 0
224 0
225 0
226 0
227 0
228 0
229 0
23 0
230 0
231 0
232 0
233 0
234 0
235 0
236 0
237 0
238 0
239 0
24 0
240 0
241 0
242 0
243 0
244 0
245 0
246 0
247 0
248 0
249 0
25 0
250 0
251 0
252 0
253 0
254 0
255 0
256 0
257 0
258 0
259 0
26 0
260 0
261 0
262 0
263 0
264 0
265 0
266 0
267 0
268 0
269 0
27 0
270 0
271 0
272 0
273 0
274 0
275 0
276 0
277 0
278 0
279 0
28 0
280 0
281 0
282 0
283 0
284 0
285 0
286 0
287 0
288 0
289 0
29 0
290 0
291 0
292 0
293 0
294 0
295 0
296 0
297 0
298 0
299 0
3 0
30 0
300 0
301 0
302 0
303 0
304 0
305 0
306 0
307 0
308 0
309 0
31 0
310 0
311 0
312 0
313 0
314 0
315 0
316 0
317 0
318 0
319 0
32 0
320 0
321 0
322 0
323 0
324 0
325 0
326 0
327 0
328 0
329 0
33 0
330 0
331 0
332 0
333 0
334 0
335 0
336 0
337 0
338 0
339 0
34 0
340 0
341 0
342 0
343 0
344 0
345 0
346 0
347 0
348 0
349 0
35 0
350 0
351 0
352 0
353 0
354 0
355 0
356 0
357 0
358 0
359 0
36 0
360 0
361 0
362 0
363 0
364 0
365 0
366 0
367 0
368 0
369 0
37 0
370 0
371 0
372 0
373 0
374 0
375 0
376 0
377 0
378 0
379 0
38 0
380 0
381 0
382 0
383 0
384 0
385 0
386 0
387 0
388 0
389 0
39 0
390 0
391 0
392 0
393 0
394 0
395 0
396 0
397 0
398 0
399 0
4 0
40 0
400 0
401 0
402 0
403 0
404 0
405 0
406 0
407 0
408 0
409 0
41 0
410 0
411 0
412 0
413 0
414 0
415 0
416 0
417 0
418 0
419 0
42 0
420 0
421 0
422 0
423 0
424 0
425 0
426 0
427 0
428 0
429 0
43 0
430 0
431 0
432 0
433 0
434 0
435 0
436 0
437 0
438 0
439 0
44 0
440 0
441 0
442 0
443 0
444 0
445 0
446 0
447 0
448 0
449 0
45 0
450 0
451 0
452 0
453 0
454 0
455 0
456 0
457 0
458 0
459 0
46 0
460 0
461 0
462 0
463 0
464 0
465 0
466 0
467 0
468 0
469 0
47 0
470 0
471 0
472 0
473 0
474 0
475 0
476 0
477 0
478 0
479 0
48 0
480 0
481 0
482 0
483 0
484 0
485 0
486 0
487 0
488 0
489 0
49 0
490 0
491 0
492 0
493 0
494 0
495 0
496 0
497 0
498 0
499 0
5 0
50 0
500 0
501 0
502 0
503 0
504 0
505 0
506 0
507 0
508 0
509 0
51 0
510 0
511 0
512 0
513 0
514 0
515 0
516 0
517 0
518 0
519 0
52 0
520 0
521 0
522 0
523 0
524 0
525 0
526 0
527 0
528 0
529 0
53 0
530 0
531 0
532 0
533 0
534 0
535 0
536 0
537 0
538 0
539 0
54 0
540 0
541 0
542 0
543 0
544 0
545 0
546 0
547 0
548 0
549 0
55 0
550 0
551 0
552 0
553 0
554 0
555 0
556 0
557 0
558 0
559 0
56 0
560 0
561 0
562 0
563 0
564 0
565 0
566 0
567 0
568 0
569 0
57 0
570 0
571 0
572 0
573 0
574 0
575 0
576 0
577 0
578 0
579 0
58 0
580 0
581 0
582 0
583 0
584 0
585 0
586 0
587 0
588 0
589 0
59 0
590 0
591 0
592 0
593 0
594 0
595 0
596 0
597 0
598 0
599 0
6 0
60 0
600 0
601 0
602 0
603 0
604 0
605 0
606 0
607 0
608 0
609 0
61 0
610 0
611 0
612 0
613 0
614 0
615 0
616 0
617 0
618 0
619 0
62 0
620 0
621 0
622 0
623 0
624 0
625 0
626 0
627 0
628 0
629 0
63 0
630 0
631 0
632 0
633 0
634 0
635 0
636 0
637 0
638 0
639 0
64 0
640 0
641 0
642 0
643 0
644 0
645 0
646 0
647 0
648 0
649 0
65 0
650 0
651 0
652 0
653 0
654 0
655 0
656 0
657 0
658 0
659 0
66 0
660 0
661 0
662 0
663 0
664 0
665 0
666 0
667 0
668 0
669 0
67 0
670 0
671 0
672 0
673 0
674 0
675 0
676 0
677 0
678 0
679 0
68 0
680 0
681 0
682 0
683 0
684 0
685 0
686 0
687 0
688 0
689 0
69 0
690 0
691 0
692 0
693 0
694 0
695 0
696 0
697 0
7 0
70 0
71 0
72 0
73 0
74 0
75 0
76 0
77 0
78 0
79 0
8 0
80 0
81 0
82 0
83 0
84 0
85 0
86 0
87 0
88 0
89 0
9 0
90 0
91 0
92 0
93 0
94 0
95 0
96 0
97 0
98 0
99 0
0 0
1 0
10 0
100 0
101 0
102 0
103 0
104 0
105 0
106 0
107 0
108 0
109 0
11 0
110 0
111 0
112 0
113 0
114 0
115 0
116 0
117 0
118 0
119 0
12 0
120 0
121 0
122 0
123 0
124 0
125 0
126 0
127 0
128 0
129 0
13 0
130 0
131 0
132 0
133 0
134 0
135 0
136 0
137 0
138 0
139 0
14 0
140 0
141 0
142 0
143 0
144 0
145 0
146 0
147 0
148 0
149 0
15 0
150 0
151 0
152 0
153 0
154 0
155 0
156 0
157 0
158 0
159 0
16 0
160 0
161 0
162 0
163 0
164 0
165 0
166 0
167 0
168 0
169 0
17 0
170 0
171 0
172 0
173 0
174 0
175 0
176 0
177 0
178 0
179 0
18 0
180 0
181 0
182 0
183 0
184 0
185 0
186 0
187 0
188 0
189 0
19 0
190 0
191 0
192 0
193 0
194 0
195 0
196 0
197 0
198 0
199 0
2 0
20 0
200 0
201 0
202 0
203 0
204 0
205 0
206 0
207 0
208 0
209 0
21 0
210 0
211 0
212 0
213 0
214 0
215 0
216 0
217 0
218 0
219 0
22 0
220 0
221 0
222 0
223 0
224 0
225 0
226 0
227 0
228 0
229 0
23 0
230 0
231 0
232 0
233 0
234 0
235 0
236 0
237 0
238 0
239 0
24 0
240 0
241 0
242 0
243 0
244 0
245 0
246 0
247 0
248 0
249 0
25 0
250 0
251 0
252 0
253 0
254 0
255 0
256 0
257 0
258 0
259 0
26 0
260 0
261 0
262 0
263 0
264 0
265 0
266 0
267 0
268 0
269 0
27 0
270 0
271 0
272 0
273 0
274 0
275 0
276 0
277 0
278 0
279 0
28 0
280 0
281 0
282 0
283 0
284 0
285 0
286 0
287 0
288 0
289 0
29 0
290 0
291 0
292 0
293 0
294 0
295 0
296 0
297 0
298 0
299 0
3 0
30 0
300 0
301 0
302 0
303 0
304 0
305 0
306 0
307 0
308 0
309 0
31 0
310 0
311 0
312 0
313 0
314 0
315 0
316 0
317 0
318 0
319 0
32 0
320 0
321 0
322 0
323 0
324 0
325 0
326 0
327 0
328 0
329 0
33 0
330 0
331 0
332 0
333 0
334 0
335 0
336 0
337 0
338 0
339 0
34 0
340 0
341 0
342 0
343 0
344 0
345 0
346 0
347 0
348 0
349 0
35 0
350 0
351 0
352 0
353 0
354 0
355 0
356 0
357 0
358 0
359 0
36 0
360 0
361 0
362 0
363 0
364 0
365 0
366 0
367 0
368 0
369 0
37 0
370 0
371 0
372 0
373 0
374 0
375 0
376 0
377 0
378 0
379 0
38 0
380 0
381 0
382 0
383 0
384 0
385 0
386 0
387 0
388 0
389 0
39 0
390 0
391 0
392 0
393 0
394 0
395 0
396 0
397 0
398 0
399 0
4 0
40 0
400 0
401 0
402 0
403 0
404 0
405 0
406 0
407 0
408 0
409 0
41 0
410 0
411 0
412 0
413 0
414 0
415 0
416 0
417 0
418 0
419 0
42 0
420 0
421 0
422 0
423 0
424 0
425 0
426 0
427 0
428 0
429 0
43 0
430 0
431 0
432 0
433 0
434 0
435 0
436 0
437 0
438 0
439 0
44 0
440 0
441 0
442 0
443 0
444 0
445 0
446 0
447 0
448 0
449 0
45 0
450 0
451 0
452 0
453 0
454 0
455 0
456 0
457 0
458 0
459 0
46 0
460 0
461 0
462 0
463 0
464 0
465 0
466 0
467 0
468 0
469 0
47 0
470 0
471 0
472 0
473 0
474 0
475 0
476 0
477 0
478 0
479 0
48 0
480 0
481 0
482 0
483 0
484 0
485 0
486 0
487 0
488 0
489 0
49 0
490 0
491 0
492 0
493 0
494 0
495 0
496 0
497 0
498 0
499 0
5 0
50 0
500 0
501 0
502 0
503 0
504 0
505 0
506 0
507 0
508 0
509 0
51 0
510 0
511 0
512 0
513 0
514 0
515 0
516 0
517 0
518 0
519 0
52 0
520 0
521 0
522 0
523 0
524 0
525 0
526 0
527 0
528 0
529 0
53 0
530 0
531 0
532 0
533 0
534 0
535 0
536 0
537 0
538 0
539 0
54 0
540 0
541 0
542 0
543 0
544 0
545 0
546 0
547 0
548 0
549 0
55 0
550 0
551 0
552 0
553 0
554 0
555 0
556 0
557 0
558 0
559 0
56 0
560 0
561 0
562 0
563 0
564 0
565 0
566 0
567 0
568 0
569 0
57 0
570 0
571 0
572 0
573 0
574 0
575 0
576 0
577 0
578 0
579 0
58 0
580 0
581 0
582 0
583 0
584 0
585 0
586 0
587 0
588 0
589 0
59 0
590 0
591 0
592 0
593 0
594 0
595 0
596 0
597 0
598 0
599 0
6 0
60 0
600 0
601 0
602 0
603 0
604 0
605 0
606 0
607 0
608 0
609 0
61 0
610 0
611 0
612 0
613 0
614 0
615 0
616 0
617 0
618 0
619 0
62 0
620 0
621 0
622 0
623 0
624 0
625 0
626 0
627 0
628 0
629 0
63 0
630 0
631 0
632 0
633 0
634 0
635 0
636 0
637 0
638 0
639 0
64 0
640 0
641 0
642 0
643 0
644 0
645 0
646 0
647 0
648 0
649 0
65 0
650 0
651 0
652 0
653 0
654 0
655 0
656 0
657 0
658 0
659 0
66 0
660 0
661 0
662 0
663 0
664 0
665 0
666 0
667 0
668 0
669 0
67 0
670 0
671 0
672 0
673 0
674 0
675 0
676 0
677 0
678 0
679 0
68 0
680 0
681 0
682 0
683 0
684 0
685 0
686 0
687 0
688 0
689 0
69 0
690 0
691 0
692 0
693 0
694 0
695 0
696 0
697 0
7 0
70 0
71 0
72 0
73 0
74 0
75 0
76 0
77 0
78 0
79 0
8 0
80 0
81 0
82 0
83 0
84 0
85 0
86 0
87 0
88 0
89 0
9 0
90 0
91 0
92 0
93 0
94 0
95 0
96 0
97 0
98 0
99 0
0 0
1 0
10 0
100 0
101 0
102 0
103 0
104 0
105 0
106 0
107 0
108 0
109 0
11 0
110 0
111 0
112 0
113 0
114 0
115 0
116 0
117 0
118 0
119 0
12 0
120 0
121 0
122 0
123 0
124 0
125 0
126 0
127 0
128 0
129 0
13 0
130 0
131 0
132 0
133 0
134 0
135 0
136 0
137 0
138 0
139 0
14 0
140 0
141 0
142 0
143 0
144 0
145 0
146 0
147 0
148 0
149 0
15 0
150 0
151 0
152 0
153 0
154 0
155 0
156 0
157 0
158 0
159 0
16 0
160 0
161 0
162 0
163 0
164 0
165 0
166 0
167 0
168 0
169 0
17 0
170 0
171 0
172 0
173 0
174 0
175 0
176 0
177 0
178 0
179 0
18 0
180 0
181 0
182 0
183 0
184 0
185 0
186 0
187 0
188 0
189 0
19 0
190 0
191 0
192 0
193 0
194 0
195 0
196 0
197 0
198 0
199 0
2 0
20 0
200 0
201 0
202 0
203 0
204 0
205 0
206 0
207 0
208 0
209 0
21 0
210 0
211 0
212 0
213 0
214 0
215 0
216 0
217 0
218 0
219 0
22 0
220 0
221 0
222 0
223 0
224 0
225 0
226 0
227 0
228 0
229 0
23 0
230 0
231 0
232 0
233 0
234 0
235 0
236 0
237 0
238 0
239 0
24 0
240 0
241 0
242 0
243 0
244 0
245 0
246 0
247 0
248 0
249 0
25 0
250 0
251 0
252 0
253 0
254 0
255 0
256 0
257 0
258 0
259 0
26 0
260 0
261 0
262 0
263 0
264 0
265 0
266 0
267 0
268 0
269 0
27 0
270 0
271 0
272 0
273 0
274 0
275 0
276 0
277 0
278 0
279 0
28 0
280 0
281 0
282 0
283 0
284 0
285 0
286 0
287 0
288 0
289 0
29 0
290 0
291 0
292 0
293 0
294 0
295 0
296 0
297 0
298 0
299 0
3 0
30 0
300 0
301 0
302 0
303 0
304 0
305 0
306 0
307 0
308 0
309 0
31 0
310 0
311 0
312 0
313 0
314 0
315 0
316 0
317 0
318 0
319 0
32 0
320 0
321 0
322 0
323 0
324 0
325 0
326 0
327 0
328 0
329 0
33 0
330 0
331 0
332 0
333 0
334 0
335 0
336 0
337 0
338 0
339 0
34 0
340 0
341 0
342 0
343 0
344 0
345 0
346 0
347 0
348 0
349 0
35 0
350 0
351 0
352 0
353 0
354 0
355 0
356 0
357 0
358 0
359 0
36 0
360 0
361 0
362 0
363 0
364 0
365 0
366 0
367 0
368 0
369 0
37 0
370 0
371 0
372 0
373 0
374 0
375 0
376 0
377 0
378 0
379 0
38 0
380 0
381 0
382 0
383 0
384 0
385 0
386 0
387 0
388 0
389 0
39 0
390 0
391 0
392 0
393 0
394 0
395 0
396 0
397 0
398 0
399 0
4 0
40 0
400 0
401 0
402 0
403 0
404 0
405 0
406 0
407 0
408 0
409 0
41 0
410 0
411 0
412 0
413 0
414 0
415 0
416 0
417 0
418 0
419 0
42 0
420 0
421 0
422 0
423 0
424 0
425 0
426 0
427 0
428 0
429 0
43 0
430 0
431 0
432 0
433 0
434 0
435 0
436 0
437 0
438 0
439 0
44 0
440 0
441 0
442 0
443 0
444 0
445 0
446 0
447 0
448 0
449 0
45 0
450 0
451 0
452 0
453 0
454 0
455 0
456 0
457 0
458 0
459 0
46 0
460 0
461 0
462 0
463 0
464 0
465 0
466 0
467 0
468 0
469 0
47 0
470 0
471 0
472 0
473 0
474 0
475 0
476 0
477 0
478 0
479 0
48 0
480 0
481 0
482 0
483 0
484 0
485 0
486 0
487 0
488 0
489 0
49 0
490 0
491 0
492 0
493 0
494 0
495 0
496 0
497 0
498 0
499 0
5 0
50 0
500 0
501 0
502 0
503 0
504 0
505 0
506 0
507 0
508 0
509 0
51 0
510 0
511 0
512 0
513 0
514 0
515 0
516 0
517 0
518 0
519 0
52 0
520 0
521 0
522 0
523 0
524 0
525 0
526 0
527 0
528 0
529 0
53 0
530 0
531 0
532 0
533 0
534 0
535 0
536 0
537 0
538 0
539 0
54 0
540 0
541 0
542 0
543 0
544 0
545 0
546 0
547 0
548 0
549 0
55 0
550 0
551 0
552 0
553 0
554 0
555 0
556 0
557 0
558 0
559 0
56 0
560 0
561 0
562 0
563 0
564 0
565 0
566 0
567 0
568 0
569 0
57 0
570 0
571 0
572 0
573 0
574 0
575 0
576 0
577 0
578 0
579 0
58 0
580 0
581 0
582 0
583 0
584 0
585 0
586 0
587 0
588 0
589 0
59 0
590 0
591 0
592 0
593 0
594 0
595 0
596 0
597 0
598 0
599 0
6 0
60 0
600 0
601 0
602 0
603 0
604 0
605 0
606 0
607 0
608 0
609 0
61 0
610 0
611 0
612 0
613 0
614 0
615 0
616 0
617 0
618 0
619 0
62 0
620 0
621 0
622 0
623 0
624 0
625 0
626 0
627 0
628 0
629 0
63 0
630 0
631 0
632 0
633 0
634 0
635 0
636 0
637 0
638 0
639 0
64 0
640 0
641 0
642 0
643 0
644 0
645 0
646 0
647 0
648 0
649 0
65 0
650 0
651 0
652 0
653 0
654 0
655 0
656 0
657 0
658 0
659 0
66 0
660 0
661 0
662 0
663 0
664 0
665 0
666 0
667 0
668 0
669 0
67 0
670 0
671 0
672 0
673 0
674 0
675 0
676 0
677 0
678 0
679 0
68 0
680 0
681 0
682 0
683 0
684 0
685 0
686 0
687 0
688 0
689 0
69 0
690 0
691 0
692 0
693 0
694 0
695 0
696 0
697 0
7 0
70 0
71 0
72 0
73 0
74 0
75 0
76 0
77 0
78 0
79 0
8 0
80 0
81 0
82 0
83 0
84 0
85 0
86 0
87 0
88 0
89 0
9 0
90 0
91 0
92 0
93 0
94 0
95 0
96 0
97 0
98 0
99 0
0 0
1 0
10 0
100 0
101 0
102 0
103 0
104 0
105 0
106 0
107 0
108 0
109 0
11 0
110 0
111 0
112 0
113 0
114 0
115 0
116 0
117 0
118 0
119 0
12 0
120 0
121 0
122 0
123 0
124 0
125 0
126 0
127 0
128 0
129 0
13 0
130 0
131 0
132 0
133 0
134 0
135 0
136 0
137 0
138 0
139 0
14 0
140 0
141 0
142 0
143 0
144 0
145 0
146 0
147 0
148 0
149 0
15 0
150 0
151 0
152 0
153 0
154 0
155 0
156 0
157 0
158 0
159 0
16 0
160 0
161 0
162 0
163 0
164 0
165 0
166 0
167 0
168 0
169 0
17 0
170 0
171 0
172 0
173 0
174 0
175 0
176 0
177 0
178 0
179 0
18 0
180 0
181 0
182 0
183 0
184 0
185 0
186 0
187 0
188 0
189 0
19 0
190 0
191 0
192 0
193 0
194 0
195 0
196 0
197 0
198 0
199 0
2 0
20 0
200 0
201 0
202 0
203 0
204 0
205 0
206 0
207 0
208 0
209 0
21 0
210 0
211 0
212 0
213 0
214 0
215 0
216 0
217 0
218 0
219 0
22 0
220 0
221 0
222 0
223 0
224 0
225 0
226 0
227 0
228 0
229 0
23 0
230 0
231 0
232 0
233 0
234 0
235 0
236 0
237 0
238 0
239 0
24 0
240 0
241 0
242 0
243 0
244 0
245 0
246 0
247 0
248 0
249 0
25 0
250 0
251 0
252 0
253 0
254 0
255 0
256 0
257 0
258 0
259 0
26 0
260 0
261 0
262 0
263 0
264 0
265 0
266 0
267 0
268 0
269 0
27 0
270 0
271 0
272 0
273 0
274 0
275 0
276 0
277 0
278 0
279 0
28 0
280 0
281 0
282 0
283 0
284 0
285 0
286 0
287 0
288 0
289 0
29 0
290 0
291 0
292 0
293 0
294 0
295 0
296 0
297 0
298 0
299 0
3 0
30 0
300 0
301 0
302 0
303 0
304 0
305 0
306 0
307 0
308 0
309 0
31 0
310 0
311 0
312 0
313 0
314 0
315 0
316 0
317 0
318 0
319 0
32 0
320 0
321 0
322 0
323 0
324 0
325 0
326 0
327 0
328 0
329 0
33 0
330 0
331 0
332 0
333 0
334 0
335 0
336 0
337 0
338 0
339 0
34 0
340 0
341 0
342 0
343 0
344 0
345 0
346 0
347 0
348 0
349 0
35 0
350 0
351 0
352 0
353 0
354 0
355 0
356 0
357 0
358 0
359 0
36 0
360 0
361 0
362 0
363 0
364 0
365 0
366 0
367 0
368 0
369 0
37 0
370 0
371 0
372 0
373 0
374 0
375 0
376 0
377 0
378 0
379 0
38 0
380 0
381 0
382 0
383 0
384 0
385 0
386 0
387 0
388 0
389 0
39 0
390 0
391 0
392 0
393 0
394 0
395 0
396 0
397 0
398 0
399 0
4 0
40 0
400 0
401 0
402 0
403 0
404 0
405 0
406 0
407 0
408 0
409 0
41 0
410 0
411 0
412 0
413 0
414 0
415 0
416 0
417 0
418 0
419 0
42 0
420 0
421 0
422 0
423 0
424 0
425 0
426 0
427 0
428 0
429 0
43 0
430 0
431 0
432 0
433 0
434 0
435 0
436 0
437 0
438 0
439 0
44 0
440 0
441 0
442 0
443 0
444 0
445 0
446 0
447 0
448 0
449 0
45 0
450 0
451 0
452 0
453 0
454 0
455 0
456 0
457 0
458 0
459 0
46 0
460 0
461 0
462 0
463 0
464 0
465 0
466 0
467 0
468 0
469 0
47 0
470 0
471 0
472 0
473 0
474 0
475 0
476 0
477 0
478 0
479 0
48 0
480 0
481 0
482 0
483 0
484 0
485 0
486 0
487 0
488 0
489 0
49 0
490 0
491 0
492 0
493 0
494 0
495 0
496 0
497 0
498 0
499 0
5 0
50 0
500 0
501 0
502 0
503 0
504 0
505 0
506 0
507 0
508 0
509 0
51 0
510 0
511 0
512 0
513 0
514 0
515 0
516 0
517 0
518 0
519 0
52 0
520 0
521 0
522 0
523 0
524 0
525 0
526 0
527 0
528 0
529 0
53 0
530 0
531 0
532 0
533 0
534 0
535 0
536 0
537 0
538 0
539 0
54 0
540 0
541 0
542 0
543 0
544 0
545 0
546 0
547 0
548 0
549 0
55 0
550 0
551 0
552 0
553 0
554 0
555 0
556 0
557 0
558 0
559 0
56 0
560 0
561 0
562 0
563 0
564 0
565 0
566 0
567 0
568 0
569 0
57 0
570 0
571 0
572 0
573 0
574 0
575 0
576 0
577 0
578 0
579 0
58 0
580 0
581 0
582 0
583 0
584 0
585 0
586 0
587 0
588 0
589 0
59 0
590 0
591 0
592 0
593 0
594 0
595 0
596 0
597 0
598 0
599 0
6 0
60 0
600 0
601 0
602 0
603 0
604 0
605 0
606 0
607 0
608 0
609 0
61 0
610 0
611 0
612 0
613 0
614 0
615 0
616 0
617 0
618 0
619 0
62 0
620 0
621 0
622 0
623 0
624 0
625 0
626 0
627 0
628 0
629 0
63 0
630 0
631 0
632 0
633 0
634 0
635 0
636 0
637 0
638 0
639 0
64 0
640 0
641 0
642 0
643 0
644 0
645 0
646 0
647 0
648 0
649 0
65 0
650 0
651 0
652 0
653 0
654 0
655 0
656 0
657 0
658 0
659 0
66 0
660 0
661 0
662 0
663 0
664 0
665 0
666 0
667 0
668 0
669 0
67 0
670 0
671 0
672 0
673 0
674 0
675 0
676 0
677 0
678 0
679 0
68 0
680 0
681 0
682 0
683 0
684 0
685 0
686 0
687 0
688 0
689 0
69 0
690 0
691 0
692 0
693 0
694 0
695 0
696 0
697 0
698 0
699 0
7 0
70 0
700 0
701 0
702 0
703 0
704 0
705 0
706 0
707 0
708 0
709 0
71 0
710 0
711 0
712 0
713 0
714 0
715 0
716 0
717 0
718 0
719 0
72 0
73 0
74 0
75 0
76 0
77 0
78 0
79 0
8 0
80 0
81 0
82 0
83 0
84 0
85 0
86 0
87 0
88 0
89 0
9 0
90 0
91 0
92 0
93 0
94 0
95 0
96 0
97 0
98 0
99 0
0 0
1 0
10 0
100 0
101 0
102 0
103 0
104 0
105 0
106 0
107 0
108 0
109 0
11 0
110 0
111 0
112 0
113 0
114 0
115 0
116 0
117 0
118 0
119 0
12 0
120 0
121 0
122 0
123 0
124 0
125 0
126 0
127 0
128 0
129 0
13 0
130 0
131 0
132 0
133 0
134 0
135 0
136 0
137 0
138 0
139 0
14 0
140 0
141 0
142 0
143 0
144 0
145 0
146 0
147 0
148 0
149 0
15 0
150 0
151 0
152 0
153 0
154 0
155 0
156 0
157 0
158 0
159 0
16 0
160 0
161 0
162 0
163 0
164 0
165 0
166 0
167 0
168 0
169 0
17 0
170 0
171 0
172 0
173 0
174 0
175 0
176 0
177 0
178 0
179 0
18 0
180 0
181 0
182 0
183 0
184 0
185 0
186 0
187 0
188 0
189 0
19 0
190 0
191 0
192 0
193 0
194 0
195 0
196 0
197 0
198 0
199 0
2 0
20 0
200 0
201 0
202 0
203 0
204 0
205 0
206 0
207 0
208 0
209 0
21 0
210 0
211 0
212 0
213 0
214 0
215 0
216 0
217 0
218 0
219 0
22 0
220 0
221 0
222 0
223 0
224 0
225 0
226 0
227 0
228 0
229 0
23 0
230 0
231 0
232 0
233 0
234 0
235 0
236 0
237 0
238 0
239 0
24 0
240 0
241 0
242 0
243 0
244 0
245 0
246 0
247 0
248 0
249 0
25 0
250 0
251 0
252 0
253 0
254 0
255 0
256 0
257 0
258 0
259 0
26 0
260 0
261 0
262 0
263 0
264 0
265 0
266 0
267 0
268 0
269 0
27 0
270 0
271 0
272 0
273 0
274 0
275 0
276 0
277 0
278 0
279 0
28 0
280 0
281 0
282 0
283 0
284 0
285 0
286 0
287 0
288 0
289 0
29 0
290 0
291 0
292 0
293 0
294 0
295 0
296 0
297 0
298 0
299 0
3 0
30 0
300 0
301 0
302 0
303 0
304 0
305 0
306 0
307 0
308 0
309 0
31 0
310 0
311 0
312 0
313 0
314 0
315 0
316 0
317 0
318 0
319 0
32 0
320 0
321 0
322 0
323 0
324 0
325 0
326 0
327 0
328 0
329 0
33 0
330 0
331 0
332 0
333 0
334 0
335 0
336 0
337 0
338 0
339 0
34 0
340 0
341 0
342 0
343 0
344 0
345 0
346 0
347 0
348 0
349 0
35 0
350 0
351 0
352 0
353 0
354 0
355 0
356 0
357 0
358 0
359 0
36 0
360 0
361 0
362 0
363 0
364 0
365 0
366 0
367 0
368 0
369 0
37 0
370 0
371 0
372 0
373 0
374 0
375 0
376 0
377 0
378 0
379 0
38 0
380 0
381 0
382 0
383 0
384 0
385 0
386 0
387 0
388 0
389 0
39 0
390 0
391 0
392 0
393 0
394 0
395 0
396 0
397 0
398 0
399 0
4 0
40 0
400 0
401 0
402 0
403 0
404 0
405 0
406 0
407 0
408 0
409 0
41 0
410 0
411 0
412 0
413 0
414 0
415 0
416 0
417 0
418 0
419 0
42 0
420 0
421 0
422 0
423 0
424 0
425 0
426 0
427 0
428 0
429 0
43 0
430 0
431 0
432 0
433 0
434 0
435 0
436 0
437 0
438 0
439 0
44 0
440 0
441 0
442 0
443 0
444 0
445 0
446 0
447 0
448 0
449 0
45 0
450 0
451 0
452 0
453 0
454 0
455 0
456 0
457 0
458 0
459 0
46 0
460 0
461 0
462 0
463 0
464 0
465 0
466 0
467 0
468 0
469 0
47 0
470 0
471 0
472 0
473 0
474 0
475 0
476 0
477 0
478 0
479 0
48 0
480 0
481 0
482 0
483 0
484 0
485 0
486 0
487 0
488 0
489 0
49 0
490 0
491 0
492 0
493 0
494 0
495 0
496 0
497 0
498 0
499 0
5 0
50 0
500 0
501 0
502 0
503 0
504 0
505 0
506 0
507 0
508 0
509 0
51 0
510 0
511 0
512 0
513 0
514 0
515 0
516 0
517 0
518 0
519 0
52 0
520 0
521 0
522 0
523 0
524 0
525 0
526 0
527 0
528 0
529 0
53 0
530 0
531 0
532 0
533 0
534 0
535 0
536 0
537 0
538 0
539 0
54 0
540 0
541 0
542 0
543 0
544 0
545 0
546 0
547 0
548 0
549 0
55 0
550 0
551 0
552 0
553 0
554 0
555 0
556 0
557 0
558 0
559 0
56 0
560 0
561 0
562 0
563 0
564 0
565 0
566 0
567 0
568 0
569 0
57 0
570 0
571 0
572 0
573 0
574 0
575 0
576 0
577 0
578 0
579 0
58 0
580 0
581 0
582 0
583 0
584 0
585 0
586 0
587 0
588 0
589 0
59 0
590 0
591 0
592 0
593 0
594 0
595 0
596 0
597 0
598 0
599 0
6 0
60 0
600 0
601 0
602 0
603 0
604 0
605 0
606 0
607 0
608 0
609 0
61 0
610 0
611 0
612 0
613 0
614 0
615 0
616 0
617 0
618 0
619 0
62 0
620 0
621 0
622 0
623 0
624 0
625 0
626 0
627 0
628 0
629 0
63 0
630 0
631 0
632 0
633 0
634 0
635 0
636 0
637 0
638 0
639 0
64 0
640 0
641 0
642 0
643 0
644 0
645 0
646 0
647 0
648 0
649 0
65 0
650 0
651 0
652 0
653 0
654 0
655 0
656 0
657 0
658 0
659 0
66 0
660 0
661 0
662 0
663 0
664 0
665 0
666 0
667 0
668 0
669 0
67 0
670 0
671 0
672 0
673 0
674 0
675 0
676 0
677 0
678 0
679 0
68 0
680 0
681 0
682 0
683 0
684 0
685 0
686 0
687 0
688 0
689 0
69 0
690 0
691 0
692 0
693 0
694 0
695 0
696 0
697 0
698 0
699 0
7 0
70 0
700 0
701 0
702 0
703 0
704 0
705 0
706 0
707 0
708 0
709 0
71 0
710 0
711 0
712 0
713 0
72 0
73 0
74 0
75 0
76 0
77 0
78 0
79 0
8 0
80 0
81 0
82 0
83 0
84 0
85 0
86 0
87 0
88 0
89 0
9 0
90 0
91 0
92 0
93 0
94 0
95 0
96 0
97 0
98 0
99 0
103 0
104 0
105 0
106 0
108 0
109 0
110 0
111 0
114 0
115 0
120 0
121 0
128 0
129 0
135 0
136 0
140 0
141 0
15 0
150 0
151 0
155 0
156 0
158 0
159 0
16 0
163 0
164 0
166 0
167 0
168 0
169 0
171 0
172 0
178 0
179 0
18 0
180 0
181 0
184 0
185 0
186 0
187 0
188 0
189 0
19 0
191 0
192 0
194 0
195 0
196 0
197 0
2 0
210 0
211 0
212 0
213 0
222 0
223 0
224 0
225 0
227 0
228 0
232 0
233 0
237 0
238 0
24 0
242 0
243 0
246 0
247 0
249 0
25 0
250 0
265 0
266 0
268 0
269 0
278 0
279 0
280 0
281 0
288 0
289 0
291 0
292 0
296 0
297 0
3 0
30 0
301 0
302 0
304 0
305 0
308 0
309 0
31 0
313 0
314 0
319 0
320 0
322 0
323 0
327 0
328 0
330 0
331 0
337 0
338 0
344 0
345 0
35 0
36 0
361 0
362 0
367 0
368 0
369 0
370 0
375 0
376 0
377 0
378 0
39 0
390 0
391 0
393 0
394 0
396 0
397 0
399 0
40 0
400 0
401 0
402 0
409 0
41 0
410 0
414 0
415 0
416 0
417 0
418 0
419 0
42 0
423 0
424 0
43 0
434 0
435 0
439 0
44 0
440 0
444 0
445 0
450 0
451 0
454 0
455 0
457 0
458 0
459 0
46 0
460 0
463 0
464 0
467 0
468 0
47 0
472 0
473 0
477 0
478 0
48 0
480 0
481 0
49 0
490 0
491 0
495 0
496 0
5 0
501 0
502 0
514 0
515 0
516 0
517 0
519 0
520 0
522 0
523 0
524 0
525 0
537 0
538 0
540 0
541 0
542 0
543 0
545 0
546 0
547 0
548 0
549 0
55 0
550 0
552 0
553 0
555 0
556 0
56 0
567 0
568 0
57 0
571 0
572 0
574 0
575 0
58 0
581 0
582 0
583 0
584 0
598 0
599 0
6 0
60 0
603 0
604 0
606 0
607 0
609 0
61 0
610 0
612 0
613 0
618 0
619 0
62 0
624 0
625 0
63 0
633 0
634 0
635 0
636 0
638 0
639 0
640 0
641 0
642 0
643 0
647 0
648 0
649 0
650 0
651 0
652 0
659 0
660 0
661 0
662 0
664 0
665 0
669 0
670 0
677 0
678 0
680 0
681 0
682 0
683 0
689 0
69 0
690 0
693 0
694 0
695 0
696 0
70 0
704 0
705 0
706 0
707 0
710 0
711 0
713 0
714 0
716 0
717 0
718 0
719 0
720 0
721 0
727 0
728 0
731 0
732 0
735 0
736 0
740 0
741 0
744 0
745 0
746 0
747 0
748 0
749 0
750 0
751 0
754 0
755 0
756 0
757 0
762 0
763 0
766 0
767 0
770 0
771 0
777 0
778 0
86 0
87 0
88 0
89 0
91 0
92 0
94 0
95 0
96 0
97 0
103 0
104 471
105 5
106 471
108 381
109 471
110 3
111 471
114 469
115 19
120 467
121 467
128 467
129 467
135 2
136 466
140 8
141 466
15 487
150 465
151 457
155 5
156 465
158 0
159 465
16 487
163 0
164 20
166 1
167 465
168 16
169 465
171 0
172 465
178 0
179 463
18 432
180 432
181 463
184 463
185 5
186 463
187 463
188 3
189 457
19 487
191 461
192 460
194 1
195 460
196 3
197 460
2 495
210 0
211 435
212 8
213 458
222 390
223 453
224 414
225 456
227 451
228 456
232 1
233 43
237 325
238 412
24 487
242 430
243 456
246 0
247 0
249 60
25 485
250 456
265 391
266 444
268 454
269 455
278 455
279 455
280 451
281 455
288 4
289 452
291 447
292 453
296 427
297 452
3 495
30 485
301 452
302 452
304 423
305 449
308 0
309 427
31 485
313 450
314 450
319 0
320 450
322 443
323 450
327 449
328 32
330 221
331 449
337 447
338 133
344 74
345 446
35 482
36 483
361 259
362 445
367 444
368 444
369 195
370 444
375 20
376 443
377 414
378 443
39 14
390 24
391 443
393 443
394 443
396 41
397 443
399 443
40 480
400 441
401 1
402 443
409 0
41 101
410 118
414 437
415 443
416 32
417 443
418 440
419 443
42 479
423 411
424 443
43 48
434 46
435 442
439 441
44 479
440 429
444 0
445 88
450 0
451 441
454 8
455 441
457 441
458 433
459 20
46 448
460 441
463 388
464 9
467 436
468 440
47 420
472 440
473 61
477 435
478 440
48 54
480 440
481 409
49 478
490 0
491 2
495 9
496 436
5 346
501 434
502 436
514 4
515 436
516 1
517 436
519 3
520 436
522 425
523 83
524 29
525 436
537 425
538 85
540 29
541 435
542 376
543 435
545 285
546 374
547 22
548 435
549 427
55 475
550 435
552 424
553 202
555 10
556 434
56 475
567 0
568 434
57 3
571 259
572 154
574 424
575 434
58 475
581 39
582 433
583 1
584 433
598 411
599 119
6 489
60 475
603 150
604 399
606 3
607 432
609 392
61 16
610 6
612 425
613 432
618 432
619 432
62 320
624 430
625 432
63 475
633 0
634 180
635 425
636 431
638 400
639 429
640 400
641 431
642 401
643 431
647 395
648 110
649 429
650 429
651 52
652 429
659 425
660 429
661 8
662 427
664 3
665 429
669 429
670 429
677 0
678 155
680 429
681 429
682 381
683 429
689 8
69 1
690 429
693 4
694 429
695 8
696 429
70 474
704 6
705 428
706 48
707 428
710 0
711 382
713 428
714 419
716 426
717 410
718 8
719 428
720 84
721 426
727 73
728 426
731 426
732 9
735 425
736 425
740 425
741 425
744 391
745 425
746 370
747 425
748 100
749 425
750 13
751 425
754 424
755 424
756 14
757 424
762 420
763 423
766 424
767 8
770 398
771 424
777 389
778 424
86 473
87 185
88 447
89 473
91 469
92 461
94 194
95 472
96 3
97 472
10 3
101 2
102 999
104 999
105 999
109 987
11 999
110 999
111 999
112 999
116 999
117 910
118 999
119 999
12 138
122 1
123 999
126 999
127 999
128 10
129 999
13 999
131 4
132 999
133 20
134 999
137 0
138 999
141 105
142 999
147 0
148 999
149 999
15 941
150 999
155 943
156 999
158 997
159 999
16 999
163 999
164 999
166 14
167 999
169 924
17 999
170 0
173 999
174 68
176 999
177 999
178 27
179 999
18 999
180 0
181 999
183 999
184 991
187 426
188 999
190 999
191 999
192 0
193 999
195 999
196 13
197 17
198 999
199 992
200 999
201 0
202 999
212 999
213 998
214 998
215 999
217 999
218 999
220 999
221 999
223 999
224 999
225 0
226 999
230 2
231 999
233 11
234 999
237 999
238 999
240 1
241 999
249 958
250 999
251 999
252 999
257 103
258 999
259 881
26 0
260 999
261 999
262 999
263 926
264 999
265 20
266 999
267 0
268 998
27 992
270 667
271 999
272 6
273 999
276 994
277 998
278 11
279 999
280 947
281 999
282 3
283 999
284 0
285 999
286 999
287 999
292 466
293 999
294 2
295 999
297 999
298 467
300 992
301 581
304 991
305 999
307 988
308 999
31 999
310 999
311 171
316 942
317 999
318 0
319 999
32 999
322 995
323 999
324 1
325 999
326 912
327 999
329 14
330 999
333 847
334 999
338 6
339 999
342 993
343 999
345 955
346 999
348 999
349 999
350 981
351 999
365 999
366 1
367 30
368 999
369 10
370 999
371 143
372 999
374 11
375 999
376 0
377 999
379 903
38 2
380 999
382 18
383 999
384 941
385 999
386 0
387 999
39 999
396 998
397 999
399 999
4 114
40 521
400 999
404 0
405 999
407 18
408 999
41 999
411 961
412 999
42 23
421 999
422 999
424 999
425 999
426 0
427 999
429 989
43 999
430 711
431 999
432 999
434 999
435 999
436 905
437 999
440 999
441 999
442 999
443 999
446 999
447 999
451 999
452 999
458 999
459 999
460 0
461 999
462 999
463 999
464 998
465 999
466 11
467 999
473 9
474 999
476 0
477 999
478 999
479 999
483 999
484 999
487 912
488 999
490 2
491 999
495 8
496 999
498 8
499 999
5 999
50 999
500 76
501 999
504 140
505 999
506 176
507 999
51 992
511 997
512 997
515 999
516 999
519 999
520 999
521 0
522 999
523 999
524 999
527 999
528 999
530 3
531 999
532 0
533 999
535 999
536 999
538 999
539 999
54 939
542 12
543 999
544 0
545 999
546 999
547 999
55 999
550 990
551 999
552 925
553 999
555 999
556 999
557 0
558 998
56 3
561 999
562 999
564 999
565 999
567 997
568 999
57 999
571 25
572 999
575 999
576 999
580 243
581 999
584 999
585 15
588 999
589 999
590 198
591 999
592 999
593 999
600 995
601 997
604 999
605 999
606 0
607 999
609 167
610 999
613 23
614 999
616 999
617 999
618 998
619 999
624 1
625 999
627 17
628 999
630 999
631 36
635 999
636 999
637 989
638 999
639 2
640 999
642 140
643 999
644 27
645 999
647 915
648 999
650 999
651 999
653 999
654 999
655 918
656 999
657 611
658 999
659 999
660 999
661 999
662 999
664 998
665 999
667 986
668 999
670 999
671 989
676 942
677 921
678 930
679 999
681 1
682 999
687 999
688 999
69 999
690 140
691 999
695 173
696 999
698 999
699 999
70 1
701 999
702 999
705 1
706 999
707 991
708 999
709 1
71 999
710 999
712 987
713 999
715 990
716 999
719 988
72 999
720 999
723 999
724 999
725 999
726 999
728 991
729 999
732 999
733 999
734 174
735 999
76 0
77 999
78 20
79 999
8 999
80 276
81 999
82 30
83 999
84 1
85 999
86 999
87 999
89 999
9 922
90 999
91 120
92 999
94 999
95 999
98 9
99 999
10 3
101 2
102 999
104 999
105 999
109 987
11 999
110 999
111 999
112 999
116 999
117 910
118 999
119 999
12 138
122 1
123 999
126 999
127 999
128 10
129 999
13 999
131 4
132 999
133 20
134 999
137 0
138 999
141 105
142 999
147 0
148 999
149 999
15 941
150 999
155 943
156 999
158 997
159 999
16 999
163 999
164 999
166 14
167 999
169 924
17 999
170 0
173 999
174 68
176 999
177 999
178 27
179 999
18 999
180 0
181 999
183 999
184 991
187 426
188 999
190 999
191 999
192 0
193 999
195 999
196 13
197 17
198 999
199 992
200 999
201 0
202 999
212 999
213 998
214 998
215 999
217 999
218 999
220 999
221 999
223 999
224 999
225 0
226 999
230 2
231 999
233 11
234 999
237 999
238 999
240 1
241 999
249 958
250 999
251 999
252 999
257 103
258 999
259 881
26 0
260 999
261 999
262 999
263 926
264 999
265 20
266 999
267 0
268 998
27 992
270 667
271 999
272 6
273 999
276 994
277 998
278 11
279 999
280 947
281 999
282 3
283 999
284 0
285 999
286 999
287 999
292 466
293 999
294 2
295 999
297 999
298 467
300 992
301 581
304 991
305 999
307 988
308 999
31 999
310 999
311 171
316 942
317 999
318 0
319 999
32 999
322 995
323 999
324 1
325 999
326 912
327 999
329 14
330 999
333 847
334 999
338 6
339 999
342 993
343 999
345 955
346 999
348 999
349 999
350 981
351 999
365 999
366 1
367 30
368 999
369 10
370 999
371 143
372 999
374 11
375 999
376 0
377 999
379 903
38 2
380 999
382 18
383 999
384 941
385 999
386 0
387 999
39 999
396 998
397 999
399 999
4 114
40 521
400 999
404 0
405 999
407 18
408 999
41 999
411 961
412 999
42 23
421 999
422 999
424 999
425 999
426 0
427 999
429 989
43 999
430 711
431 999
432 999
434 999
435 999
436 905
437 999
440 999
441 999
442 999
443 999
446 999
447 999
451 999
452 999
458 999
459 999
460 0
461 999
462 999
463 999
464 998
465 999
466 11
467 999
473 9
474 999
476 0
477 999
478 999
479 999
483 999
484 999
487 912
488 999
490 2
491 999
495 8
496 999
498 8
499 999
5 999
50 999
500 76
501 999
504 140
505 999
506 176
507 999
51 992
511 997
512 997
515 999
516 999
519 999
520 999
521 0
522 999
523 999
524 999
527 999
528 999
530 3
531 999
532 0
533 999
535 999
536 999
538 999
539 999
54 939
542 12
543 999
544 0
545 999
546 999
547 999
55 999
550 990
551 999
552 925
553 999
555 999
556 999
557 0
558 998
56 3
561 999
562 999
564 999
565 999
567 997
568 999
57 999
571 25
572 999
575 999
576 999
580 243
581 999
584 999
585 15
588 999
589 999
590 198
591 999
592 999
593 999
600 995
601 997
604 999
605 999
606 0
607 999
609 167
610 999
613 23
614 999
616 999
617 999
618 998
619 999
624 1
625 999
627 17
628 999
630 999
631 36
635 999
636 999
637 989
638 999
639 2
640 999
642 140
643 999
644 27
645 999
647 915
648 999
650 999
651 999
653 999
654 999
655 918
656 999
657 611
658 999
659 999
660 999
661 999
662 999
664 998
665 999
667 986
668 999
670 999
671 989
676 942
677 921
678 930
679 999
681 1
682 999
687 999
688 999
69 999
690 140
691 999
695 173
696 999
698 999
699 999
70 1
701 999
702 999
705 1
706 999
707 991
708 999
709 1
71 999
710 999
712 987
713 999
715 990
716 999
719 988
72 999
720 999
723 999
724 999
725 999
726 999
728 991
729 999
732 999
733 999
734 174
735 999
76 0
77 999
78 20
79 999
8 999
80 276
81 999
82 30
83 999
84 1
85 999
86 999
87 999
89 999
9 922
90 999
91 120
92 999
94 999
95 999
98 9
99 999
10 997
100 988
101 980
102 988
103 29
104 988
105 6
106 988
108 0
109 988
11 997
111 1
112 988
113 2
114 988
115 988
116 988
12 997
121 986
122 988
123 988
124 988
128 987
129 987
13 997
131 5
132 987
133 28
134 987
137 544
138 987
14 21
140 3
141 987
148 627
149 987
15 995
154 0
155 986
158 986
159 986
16 1
160 920
161 985
164 984
165 985
166 0
167 984
169 617
17 995
170 4
173 20
174 984
178 975
179 984
180 984
181 983
183 983
184 981
185 909
186 982
187 21
188 982
189 459
190 982
193 88
194 982
195 2
196 982
202 94
203 981
205 18
206 981
21 3
212 980
213 980
214 920
215 980
22 995
220 980
221 978
225 980
226 980
227 916
228 980
230 980
231 980
232 114
233 980
234 968
235 979
236 6
237 979
24 993
241 979
242 979
244 199
245 979
249 979
25 993
250 979
253 979
254 828
255 35
256 979
259 938
26 267
260 978
261 888
262 978
263 908
264 978
265 941
266 978
267 3
268 978
27 993
272 954
273 978
275 45
276 978
277 924
278 978
279 978
28 158
280 977
282 2
283 977
285 184
286 977
29 993
290 883
291 977
295 977
296 977
297 29
298 977
30 24
300 970
301 7
303 977
304 977
31 991
310 977
311 977
315 969
316 976
32 991
320 920
321 976
324 2
325 974
326 974
327 974
329 627
33 991
330 974
334 974
335 974
336 622
337 974
34 991
340 974
341 2
342 974
343 974
345 973
346 973
348 973
349 973
35 991
353 662
354 973
356 899
357 973
358 134
359 973
360 1
361 973
362 0
363 973
367 888
368 973
369 13
370 972
371 204
372 973
373 973
374 972
38 0
380 1
381 972
383 972
384 972
385 971
386 971
389 21
39 990
390 971
396 2
397 971
401 970
402 970
404 6
405 970
406 32
407 970
408 2
409 970
41 4
410 184
411 970
412 9
413 970
414 0
415 970
417 244
418 969
42 991
426 0
427 969
430 956
431 969
432 5
433 969
437 962
438 967
440 0
441 967
444 166
445 967
446 38
447 967
448 0
449 967
450 947
451 967
452 857
453 967
458 0
459 967
46 978
461 19
462 967
464 864
465 967
467 1
468 967
47 991
470 967
471 967
475 24
476 967
477 0
478 967
48 32
485 0
486 966
49 991
491 498
492 966
493 570
494 966
498 847
499 966
500 757
501 966
502 965
503 965
504 0
505 964
508 820
509 964
515 0
516 963
517 962
518 962
52 970
520 0
521 962
523 962
524 962
525 765
526 962
53 991
531 962
532 962
533 2
534 961
535 37
536 961
537 33
538 961
539 50
54 0
540 961
541 13
542 961
543 885
544 961
545 961
546 961
548 848
549 961
55 991
551 960
552 961
556 961
557 961
558 961
559 961
561 907
562 960
569 960
57 991
570 958
571 11
572 960
577 43
578 960
58 991
580 2
581 960
584 0
585 960
586 10
587 960
588 1
589 960
59 906
590 6
591 960
593 1
594 960
596 1
597 960
60 991
603 948
604 960
605 117
606 960
607 952
608 960
609 39
61 888
610 960
612 924
613 960
614 959
615 960
616 9
617 960
619 0
62 991
620 960
624 90
625 960
627 3
628 960
631 960
632 960
633 615
634 960
637 0
638 960
64 976
640 959
641 960
642 35
643 959
645 959
646 959
648 0
649 959
65 990
651 959
652 959
653 13
654 959
656 30
657 959
659 959
660 959
662 959
663 959
664 15
665 959
67 1
670 959
671 10
672 139
673 959
674 132
675 959
676 959
677 959
679 5
68 990
680 959
684 848
685 959
69 608
691 959
692 959
695 832
696 957
698 949
699 957
7 998
70 990
701 957
702 957
703 2
704 957
710 956
711 957
712 957
713 957
717 937
718 4
73 990
74 990
75 0
76 990
77 924
78 990
79 0
8 998
80 990
81 990
82 990
87 990
88 989
89 6
90 989
94 0
95 989
97 976
98 40
99 988
10 3
101 2
102 999
104 999
105 999
109 987
11 999
110 999
111 999
112 999
116 999
117 910
118 999
119 999
12 138
122 1
123 999
126 999
127 999
128 10
129 999
13 999
131 4
132 999
133 20
134 999
137 0
138 999
141 105
142 999
147 0
148 999
149 999
15 941
150 999
155 943
156 999
158 997
159 999
16 999
163 999
164 999
166 14
167 999
169 924
17 999
170 0
173 999
174 68
176 999
177 999
178 27
179 999
18 999
180 0
181 999
183 999
184 991
187 426
188 999
190 999
191 999
192 0
193 999
195 999
196 13
197 17
198 999
199 992
200 999
201 0
202 999
212 999
213 998
214 998
215 999
217 999
218 999
220 999
221 999
223 999
224 999
225 0
226 999
230 2
231 999
233 11
234 999
237 999
238 999
240 1
241 999
249 958
250 999
251 999
252 999
257 103
258 999
259 881
26 0
260 999
261 999
262 999
263 926
264 999
265 20
266 999
267 0
268 998
27 992
270 667
271 999
272 6
273 999
276 994
277 998
278 11
279 999
280 947
281 999
282 3
283 999
284 0
285 999
286 999
287 999
292 466
293 999
294 2
295 999
297 999
298 467
300 992
301 581
304 991
305 999
307 988
308 999
31 999
310 999
311 171
316 942
317 999
318 0
319 999
32 999
322 995
323 999
324 1
325 999
326 912
327 999
329 14
330 999
333 847
334 999
338 6
339 999
342 993
343 999
345 955
346 999
348 999
349 999
350 981
351 999
365 999
366 1
367 30
368 999
369 10
370 999
371 143
372 999
374 11
375 999
376 0
377 999
379 903
38 2
380 999
382 18
383 999
384 941
385 999
386 0
387 999
39 999
396 998
397 999
399 999
4 114
40 521
400 999
404 0
405 999
407 18
408 999
41 999
411 961
412 999
42 23
421 999
422 999
424 999
425 999
426 0
427 999
429 989
43 999
430 711
431 999
432 999
434 999
435 999
436 905
437 999
440 999
441 999
442 999
443 999
446 999
447 999
451 999
452 999
458 999
459 999
460 0
461 999
462 999
463 999
464 998
465 999
466 11
467 999
473 9
474 999
476 0
477 999
478 999
479 999
483 999
484 999
487 912
488 999
490 2
491 999
495 8
496 999
498 8
499 999
5 999
50 999
500 76
501 999
504 140
505 999
506 176
507 999
51 992
511 997
512 997
515 999
516 999
519 999
520 999
521 0
522 999
523 999
524 999
527 999
528 999
530 3
531 999
532 0
533 999
535 999
536 999
538 999
539 999
54 939
542 12
543 999
544 0
545 999
546 999
547 999
55 999
550 990
551 999
552 925
553 999
555 999
556 999
557 0
558 998
56 3
561 999
562 999
564 999
565 999
567 997
568 999
57 999
571 25
572 999
575 999
576 999
580 243
581 999
584 999
585 15
588 999
589 999
590 198
591 999
592 999
593 999
600 995
601 997
604 999
605 999
606 0
607 999
609 167
610 999
613 23
614 999
616 999
617 999
618 998
619 999
624 1
625 999
627 17
628 999
630 999
631 36
635 999
636 999
637 989
638 999
639 2
640 999
642 140
643 999
644 27
645 999
647 915
648 999
650 999
651 999
653 999
654 999
655 918
656 999
657 611
658 999
659 999
660 999
661 999
662 999
664 998
665 999
667 986
668 999
670 999
671 989
676 942
677 921
678 930
679 999
681 1
682 999
687 999
688 999
69 999
690 140
691 999
695 173
696 999
698 999
699 999
70 1
701 999
702 999
705 1
706 999
707 991
708 999
709 1
71 999
710 999
712 987
713 999
715 990
716 999
719 988
72 999
720 999
723 999
724 999
725 999
726 999
728 991
729 999
732 999
733 999
734 174
735 999
76 0
77 999
78 20
79 999
8 999
80 276
81 999
82 30
83 999
84 1
85 999
86 999
87 999
89 999
9 922
90 999
91 120
92 999
94 999
95 999
98 9
99 999
10 988
108 0
109 999
11 999
110 184
111 999
114 996
115 554
122 992
123 972
13 999
134 953
135 0
138 111
139 999
14 997
141 218
142 999
143 0
144 997
148 0
149 999
15 19
154 992
155 999
156 17
157 999
16 999
173 16
174 999
18 148
182 2
183 999
184 99
185 999
189 949
19 999
190 999
193 0
194 999
201 3
202 999
203 986
204 999
208 0
209 999
21 0
212 999
213 67
215 28
216 999
22 992
221 25
222 999
226 0
227 998
231 126
232 999
234 999
235 922
237 0
238 999
24 1
240 972
241 999
245 999
246 19
25 999
253 0
254 943
256 219
257 999
259 999
260 997
262 998
263 999
264 796
265 999
27 219
270 999
271 71
272 999
273 999
274 1
275 999
28 999
283 0
284 999
286 0
287 998
289 998
290 999
292 989
293 4
30 10
31 999
310 922
311 999
313 219
314 992
32 0
33 999
338 856
339 992
35 0
357 2
358 999
36 949
360 2
361 999
37 4
370 0
371 997
38 999
382 0
383 953
388 0
389 999
39 216
391 0
392 953
397 4
398 999
40 999
41 943
412 1
413 999
42 999
421 998
422 988
423 19
424 999
432 251
433 999
445 0
446 998
451 13
452 999
453 19
454 999
456 3
457 999
46 0
460 999
461 933
462 860
463 999
47 998
472 29
473 999
474 0
475 993
479 996
48 174
480 191
484 0
485 998
487 999
488 999
49 999
494 0
495 999
496 2
497 999
511 999
512 948
514 998
515 691
516 985
517 999
522 997
523 558
525 990
526 999
528 987
529 998
530 0
531 998
532 942
533 999
541 997
542 999
544 2
545 995
551 0
552 993
554 999
555 998
556 0
557 999
560 3
561 999
562 402
563 999
57 999
570 0
571 999
577 999
578 998
579 1
58 1
580 999
582 5
583 999
586 899
587 999
588 3
589 999
590 0
591 998
594 2
595 999
596 992
597 999
599 148
600 999
601 936
602 999
605 0
606 998
615 4
616 998
627 3
628 999
629 992
630 999
631 22
632 999
638 999
639 999
644 19
645 999
650 0
651 999
653 992
654 999
658 12
659 999
661 4
662 999
665 0
666 999
673 14
674 999
675 148
676 999
682 19
683 999
684 11
685 999
687 0
688 999
694 3
695 998
698 148
699 999
7 999
701 999
702 999
707 23
708 999
709 10
710 999
711 0
712 999
72 4
727 0
728 999
729 22
73 999
730 999
731 93
732 999
734 953
735 951
736 993
737 999
739 999
74 146
740 999
747 673
748 953
75 999
753 851
754 999
761 3
762 999
770 135
771 999
780 0
781 992
788 999
789 999
791 999
792 999
8 985
81 2
82 999
88 133
89 999
90 180
91 999
92 993
93 999
1 264
10 499
100 499
101 499
102 499
103 499
104 204
105 499
106 499
107 499
108 456
109 499
11 499
110 497
111 499
113 499
114 459
117 0
118 499
119 499
120 499
121 499
122 499
123 155
124 499
125 460
126 499
127 498
128 499
131 499
132 499
133 499
134 499
136 498
137 499
138 499
139 499
14 0
142 499
143 499
144 499
145 499
147 499
148 499
15 499
150 499
151 499
154 6
155 499
156 499
157 499
158 499
159 499
16 444
160 20
161 499
162 491
163 499
164 449
165 499
166 499
167 499
168 28
169 499
17 499
170 495
171 499
173 499
174 499
175 496
176 499
177 499
178 499
18 66
180 36
181 499
183 499
184 499
185 499
186 499
187 34
188 499
189 499
19 499
190 499
191 37
192 499
196 223
197 499
198 449
199 499
2 499
20 499
200 28
201 499
206 496
207 499
208 64
209 499
21 499
216 499
217 499
218 6
219 499
22 499
220 499
221 499
223 499
224 499
225 499
226 499
227 6
228 499
229 499
23 499
230 499
231 499
232 499
236 499
237 499
238 456
239 499
24 499
240 499
241 499
243 499
244 499
246 24
247 499
248 67
249 499
25 499
250 499
251 499
252 499
253 499
256 499
257 499
26 12
261 499
262 499
263 499
264 499
266 499
267 488
269 499
27 499
270 499
271 495
272 499
273 491
274 499
275 499
276 499
277 87
278 499
279 88
28 499
280 499
281 497
282 499
283 499
284 499
285 491
286 499
287 499
288 499
29 499
291 499
292 499
294 499
295 499
297 499
298 499
30 499
300 483
301 499
302 494
303 499
307 499
308 499
309 469
31 499
310 499
312 499
313 499
314 499
315 499
317 499
318 499
319 64
32 70
320 499
321 499
322 499
323 154
324 499
327 499
328 499
329 499
33 499
330 499
331 17
332 499
333 224
334 499
335 78
336 499
339 499
34 23
340 499
342 499
343 499
344 134
345 499
348 499
349 499
35 499
350 4
351 499
354 499
355 499
356 197
357 499
359 499
360 499
364 498
365 499
366 182
367 499
368 488
369 499
37 499
370 145
371 499
372 495
373 499
374 499
375 499
376 461
377 499
378 422
379 499
38 499
381 15
382 499
383 499
384 499
387 499
388 499
389 95
390 499
392 499
393 499
396 499
397 499
398 499
399 499
4 499
40 45
400 79
401 499
402 499
403 499
404 499
405 499
406 488
407 499
41 499
410 499
411 499
412 499
413 499
414 499
415 499
416 217
417 499
418 499
419 499
42 486
420 499
421 499
422 499
423 499
424 14
425 499
427 499
428 499
43 499
430 499
431 499
432 297
433 499
434 499
435 499
436 188
437 499
438 15
439 499
440 492
441 499
442 499
443 499
444 499
445 499
446 499
447 499
448 482
449 499
451 482
452 499
453 71
454 499
455 499
456 499
457 495
458 499
459 182
46 499
460 499
461 499
462 499
463 499
464 499
465 191
466 499
467 498
468 499
47 499
471 499
472 499
473 498
474 499
476 499
477 499
478 23
479 499
48 498
480 499
481 499
483 499
484 499
486 499
487 499
488 70
489 499
49 499
490 210
491 499
492 95
493 499
494 6
495 499
496 493
497 499
498 189
499 499
5 499
501 499
502 499
503 24
504 499
507 499
508 499
51 499
513 459
514 499
516 311
517 499
519 499
52 499
520 499
521 233
522 499
524 499
525 499
526 499
527 499
528 499
529 499
530 59
531 499
533 499
534 456
537 499
538 499
539 103
54 177
540 499
542 499
543 499
545 487
546 499
547 168
548 499
55 499
550 490
551 499
553 483
554 497
557 499
558 499
559 499
56 499
560 499
561 499
562 499
564 15
565 499
567 499
568 499
57 499
570 496
571 499
572 499
573 499
575 492
576 49
577 28
578 499
581 55
582 499
585 499
586 499
587 499
588 499
589 499
59 1
590 499
591 499
592 499
593 499
594 499
595 499
596 499
597 68
598 499
599 43
6 209
60 499
600 499
601 499
602 499
603 499
604 499
605 480
606 499
607 499
608 499
609 486
61 70
610 499
612 499
613 499
614 499
615 499
616 499
617 499
618 66
619 499
62 499
620 73
621 499
622 499
623 499
624 499
625 499
626 499
627 499
628 499
629 499
632 499
633 499
634 497
635 499
636 499
637 499
640 0
641 490
643 471
644 499
646 123
647 499
648 485
649 499
650 32
651 499
652 499
653 499
655 499
656 499
657 467
658 499
659 17
66 499
660 499
662 499
663 499
665 499
666 499
667 499
668 499
669 20
67 499
670 499
671 499
672 499
675 499
676 499
677 499
678 499
679 303
68 499
680 499
681 499
682 499
683 210
684 499
685 499
686 499
689 0
69 499
690 43
691 496
692 499
693 499
694 499
695 499
696 499
697 456
698 499
699 66
7 499
700 499
701 499
702 499
703 499
704 499
705 499
706 499
709 118
71 385
710 499
711 116
712 499
715 499
716 499
717 5
718 499
719 499
72 499
720 499
721 4
722 499
723 499
724 499
725 499
726 499
727 247
728 499
729 83
73 491
730 499
731 57
732 499
733 4
734 499
735 497
736 499
737 473
738 499
739 4
74 499
740 468
77 0
78 499
79 442
8 497
80 499
81 499
82 499
83 473
84 499
86 64
87 499
89 86
9 499
90 499
91 499
92 499
94 499
95 499
96 499
97 499
98 499
99 499
1 9999
100 9999
103 6187
104 9999
105 9999
106 9999
107 9999
108 9999
109 7
110 9993
111 9986
112 9999
113 9999
114 9999
116 151
117 9999
118 9955
119 9999
12 8416
120 999
121 9999
122 9999
123 9999
124 325
125 9999
126 7226
127 9999
128 9999
129 9999
13 9999
130 9947
131 9999
132 9999
133 9999
134 7033
135 9999
136 9999
137 9999
138 965
139 9999
14 9999
140 6102
141 9999
142 9973
143 9999
144 9969
145 9999
146 42
147 9999
148 225
149 9999
15 9999
151 9999
152 9999
153 5218
154 9999
156 9955
157 9999
158 7709
159 9999
16 9999
160 9999
161 9999
162 9659
163 9999
165 9999
166 9999
167 9999
168 9999
169 9948
17 9999
170 9999
171 9999
172 9999
173 9997
174 9999
175 9897
176 9999
177 9999
178 9999
180 9981
181 9999
182 9999
183 9999
184 9999
185 9999
187 9999
188 9999
189 54
190 9999
191 9999
192 9999
193 9758
194 9999
195 0
196 9986
197 187
198 9999
199 9999
2 9999
20 8538
200 9999
201 66
202 9999
203 31
204 9999
205 7423
206 9999
207 5498
208 9999
209 8474
21 9999
210 9999
211 9140
212 9999
213 9999
214 9999
215 9999
216 9999
217 9999
218 9999
219 9998
22 9999
220 9999
222 6240
223 9999
224 9999
225 9999
226 6949
227 9999
228 6429
229 9999
23 9999
230 1443
231 9999
232 9999
233 9999
234 896
235 9999
236 10
237 9999
238 9999
239 9999
241 905
242 9999
243 9999
244 9999
246 9999
247 9999
248 9999
249 9999
25 3
250 4072
251 9999
252 9999
253 9999
254 9999
255 9999
256 5
257 9999
258 9143
259 9999
26 9999
261 9679
262 9999
263 9999
264 9999
266 284
267 9999
268 2
269 9999
270 9999
271 9999
272 9999
273 9999
274 1042
275 9999
276 9992
277 9999
278 9999
279 9999
28 65
280 10
281 9999
282 9997
283 9999
284 6183
285 9999
286 9999
287 9999
288 5317
289 9999
29 9993
290 9129
291 9999
292 9999
293 9999
295 9999
296 9999
297 672
298 9999
299 9999
3 277
300 9999
301 9995
302 9999
303 61
304 9999
305 9999
306 9999
307 368
308 9999
309 9
31 0
310 9999
311 9999
312 9999
313 9999
314 9999
315 9999
316 9999
317 8143
318 9999
319 9999
32 9999
320 9999
321 9999
322 9999
323 9999
324 9999
325 9999
326 9999
327 295
328 9999
329 9918
33 9992
330 9999
332 9999
333 9972
334 8371
335 9999
337 9999
338 9999
339 5163
34 9999
340 9999
342 9999
343 9999
345 9999
346 9997
347 4
348 9999
349 8062
35 7547
350 9999
354 9999
355 9999
356 810
357 9999
358 9999
359 9999
36 9999
360 293
361 9999
362 9994
363 9999
364 681
365 9999
366 9999
367 9999
369 9624
37 215
370 9999
371 9999
372 9999
374 9
375 9999
376 9999
377 9999
378 9721
379 9999
38 9999
380 9999
381 9999
382 9999
383 9999
384 9999
385 9999
386 831
387 9999
388 9978
389 9999
39 1377
390 1049
391 9999
392 8514
393 9999
394 9999
395 9999
396 9940
397 9999
398 9999
399 9999
4 9999
40 9999
400 6051
401 9999
402 9999
403 9999
404 9915
405 9999
406 9648
407 9999
408 9749
409 9999
410 9999
411 9999
412 26
413 9999
414 9999
415 9999
416 4751
417 9999
418 9999
419 9999
42 9999
420 9999
421 9999
422 9999
423 9999
425 9999
426 9999
427 9993
428 9999
429 9571
43 9999
430 9999
431 0
432 9999
433 9999
434 9999
436 328
437 9999
439 9999
440 9999
441 9999
442 9999
443 9999
444 9999
445 38
446 9999
447 9999
448 9999
449 43
45 9999
450 9999
451 9991
452 9999
453 2
454 9999
455 9999
456 9999
457 9999
458 9999
459 5621
46 9999
460 9999
461 8420
462 9999
463 6803
464 9999
465 9940
466 9999
468 9999
469 9999
47 9999
470 786
471 9999
472 8955
473 9999
474 9757
475 9999
477 12
478 9999
479 9999
48 9999
480 9999
481 9999
482 9999
483 9999
484 9999
485 9999
486 9999
488 9977
489 9999
49 9999
490 967
491 9999
492 9999
493 9999
494 594
495 9999
496 8337
497 9999
50 9999
500 0
501 9999
502 9169
503 9999
504 9999
505 9999
506 838
507 9999
508 9999
509 9999
51 858
510 9999
511 9999
512 9529
513 9999
514 784
515 9999
516 9999
517 9999
518 9999
519 9999
52 9999
520 9998
521 9999
523 9999
524 9999
526 3
527 9999
528 9112
529 9999
53 9960
530 5007
531 9999
532 4642
533 9999
534 9999
535 9999
536 253
537 9999
538 5920
539 9999
54 9999
540 9999
541 9999
543 9999
544 9999
546 10
547 9999
548 6635
549 9999
550 29
551 9996
552 5032
553 9999
554 9999
555 9999
556 8802
557 9999
558 9913
559 9999
56 52
560 9925
561 9999
562 48
563 9994
564 9982
565 9999
567 8730
568 9999
569 9921
57 9999
570 9999
571 9433
572 9999
574 9999
575 9993
576 9999
577 9999
578 9999
579 9999
58 1
580 0
581 9999
582 9999
583 9999
584 9892
585 9999
586 9999
587 9999
588 10
589 9999
59 9962
590 9978
591 9999
592 9999
593 9999
594 9999
595 9999
597 9960
598 9999
599 608
60 7861
600 9999
601 9693
602 9999
603 2213
604 9999
605 9999
606 9999
607 0
608 9999
609 721
61 9999
610 9999
611 8825
612 9999
613 9999
614 9999
615 9999
616 9999
617 9999
618 9999
619 9999
62 9978
620 9999
622 9999
623 9999
624 9999
625 9999
626 6255
627 9999
628 8431
629 9999
63 9999
632 9999
633 9999
634 2
635 9999
636 1012
637 9999
639 457
64 9999
640 9999
641 9555
642 9999
643 9999
644 9999
645 238
646 9999
648 6052
649 9999
65 9999
650 5712
651 9999
652 9898
653 9999
654 9999
655 9999
657 46
658 9999
66 9999
660 13
661 9999
662 9999
663 9999
664 9
665 9995
666 9922
667 9999
668 9983
669 9999
67 9999
670 2016
671 9999
672 119
673 9999
674 8854
675 9999
676 9999
677 9999
678 6096
679 9999
681 19
682 9998
683 9999
684 9999
685 769
686 9999
687 9999
688 9999
690 9999
691 9999
692 9999
693 9999
695 0
696 9999
697 9999
698 9999
699 9999
70 9999
700 9999
701 10
702 9999
71 9999
72 9999
73 9999
74 9999
75 9999
76 9999
77 9999
78 9999
79 9999
8 65
80 5776
81 9999
82 9998
83 9999
84 9999
85 9999
86 9999
87 9999
89 0
9 9999
90 9977
91 9999
92 9999
93 37
94 9999
95 9999
96 9999
97 9999
98 9999
99 5942
1 9999
100 9999
103 6187
104 9999
105 9999
106 9999
107 9999
108 9999
109 7
110 9993
111 9986
112 9999
113 9999
114 9999
116 151
117 9999
118 9955
119 9999
12 8416
120 999
121 9999
122 9999
123 9999
124 325
125 9999
126 7226
127 9999
128 9999
129 9999
13 9999
130 9947
131 9999
132 9999
133 9999
134 7033
135 9999
136 9999
137 9999
138 965
139 9999
14 9999
140 6102
141 9999
142 9973
143 9999
144 9969
145 9999
146 42
147 9999
148 225
149 9999
15 9999
151 9999
152 9999
153 5218
154 9999
156 9955
157 9999
158 7709
159 9999
16 9999
160 9999
161 9999
162 9659
163 9999
165 9999
166 9999
167 9999
168 9999
169 9948
17 9999
170 9999
171 9999
172 9999
173 9997
174 9999
175 9897
176 9999
177 9999
178 9999
180 9981
181 9999
182 9999
183 9999
184 9999
185 9999
187 9999
188 9999
189 54
190 9999
191 9999
192 9999
193 9758
194 9999
195 0
196 9986
197 187
198 9999
199 9999
2 9999
20 8538
200 9999
201 66
202 9999
203 31
204 9999
205 7423
206 9999
207 5498
208 9999
209 8474
21 9999
210 9999
211 9140
212 9999
213 9999
214 9999
215 9999
216 9999
217 9999
218 9999
219 9998
22 9999
220 9999
222 6240
223 9999
224 9999
225 9999
226 6949
227 9999
228 6429
229 9999
23 9999
230 1443
231 9999
232 9999
233 9999
234 896
235 9999
236 10
237 9999
238 9999
239 9999
241 905
242 9999
243 9999
244 9999
246 9999
247 9999
248 9999
249 9999
25 3
250 4072
251 9999
252 9999
253 9999
254 9999
255 9999
256 5
257 9999
258 9143
259 9999
26 9999
261 9679
262 9999
263 9999
264 9999
266 284
267 9999
268 2
269 9999
270 9999
271 9999
272 9999
273 9999
274 1042
275 9999
276 9992
277 9999
278 9999
279 9999
28 65
280 10
281 9999
282 9997
283 9999
284 6183
285 9999
286 9999
287 9999
288 5317
289 9999
29 9993
290 9129
291 9999
292 9999
293 9999
295 9999
296 9999
297 672
298 9999
299 9999
3 277
300 9999
301 9995
302 9999
303 61
304 9999
305 9999
306 9999
307 368
308 9999
309 9
31 0
310 9999
311 9999
312 9999
313 9999
314 9999
315 9999
316 9999
317 8143
318 9999
319 9999
32 9999
320 9999
321 9999
322 9999
323 9999
324 9999
325 9999
326 9999
327 295
328 9999
329 9918
33 9992
330 9999
332 9999
333 9972
334 8371
335 9999
337 9999
338 9999
339 5163
34 9999
340 9999
342 9999
343 9999
345 9999
346 9997
347 4
348 9999
349 8062
35 7547
350 9999
354 9999
355 9999
356 810
357 9999
358 9999
359 9999
36 9999
360 293
361 9999
362 9994
363 9999
364 681
365 9999
366 9999
367 9999
369 9624
37 215
370 9999
371 9999
372 9999
374 9
375 9999
376 9999
377 9999
378 9721
379 9999
38 9999
380 9999
381 9999
382 9999
383 9999
384 9999
385 9999
386 831
387 9999
388 9978
389 9999
39 1377
390 1049
391 9999
392 8514
393 9999
394 9999
395 9999
396 9940
397 9999
398 9999
399 9999
4 9999
40 9999
400 6051
401 9999
402 9999
403 9999
404 9915
405 9999
406 9648
407 9999
408 9749
409 9999
410 9999
411 9999
412 26
413 9999
414 9999
415 9999
416 4751
417 9999
418 9999
419 9999
42 9999
420 9999
421 9999
422 9999
423 9999
425 9999
426 9999
427 9993
428 9999
429 9571
43 9999
430 9999
431 0
432 9999
433 9999
434 9999
436 328
437 9999
439 9999
440 9999
441 9999
442 9999
443 9999
444 9999
445 38
446 9999
447 9999
448 9999
449 43
45 9999
450 9999
451 9991
452 9999
453 2
454 9999
455 9999
456 9999
457 9999
458 9999
459 5621
46 9999
460 9999
461 8420
462 9999
463 6803
464 9999
465 9940
466 9999
468 9999
469 9999
47 9999
470 786
471 9999
472 8955
473 9999
474 9757
475 9999
477 12
478 9999
479 9999
48 9999
480 9999
481 9999
482 9999
483 9999
484 9999
485 9999
486 9999
488 9977
489 9999
49 9999
490 967
491 9999
492 9999
493 9999
494 594
495 9999
496 8337
497 9999
50 9999
500 0
501 9999
502 9169
503 9999
504 9999
505 9999
506 838
507 9999
508 9999
509 9999
51 858
510 9999
511 9999
512 9529
513 9999
514 784
515 9999
516 9999
517 9999
518 9999
519 9999
52 9999
520 9998
521 9999
523 9999
524 9999
526 3
527 9999
528 9112
529 9999
53 9960
530 5007
531 9999
532 4642
533 9999
534 9999
535 9999
536 253
537 9999
538 5920
539 9999
54 9999
540 9999
541 9999
543 9999
544 9999
546 10
547 9999
548 6635
549 9999
550 29
551 9996
552 5032
553 9999
554 9999
555 9999
556 8802
557 9999
558 9913
559 9999
56 52
560 9925
561 9999
562 48
563 9994
564 9982
565 9999
567 8730
568 9999
569 9921
57 9999
570 9999
571 9433
572 9999
574 9999
575 9993
576 9999
577 9999
578 9999
579 9999
58 1
580 0
581 9999
582 9999
583 9999
584 9892
585 9999
586 9999
587 9999
588 10
589 9999
59 9962
590 9978
591 9999
592 9999
593 9999
594 9999
595 9999
597 9960
598 9999
599 608
60 7861
600 9999
601 9693
602 9999
603 2213
604 9999
605 9999
606 9999
607 0
608 9999
609 721
61 9999
610 9999
611 8825
612 9999
613 9999
614 9999
615 9999
616 9999
617 9999
618 9999
619 9999
62 9978
620 9999
622 9999
623 9999
624 9999
625 9999
626 6255
627 9999
628 8431
629 9999
63 9999
632 9999
633 9999
634 2
635 9999
636 1012
637 9999
639 457
64 9999
640 9999
641 9555
642 9999
643 9999
644 9999
645 238
646 9999
648 6052
649 9999
65 9999
650 5712
651 9999
652 9898
653 9999
654 9999
655 9999
657 46
658 9999
66 9999
660 13
661 9999
662 9999
663 9999
664 9
665 9995
666 9922
667 9999
668 9983
669 9999
67 9999
670 2016
671 9999
672 119
673 9999
674 8854
675 9999
676 9999
677 9999
678 6096
679 9999
681 19
682 9998
683 9999
684 9999
685 769
686 9999
687 9999
688 9999
690 9999
691 9999
692 9999
693 9999
695 0
696 9999
697 9999
698 9999
699 9999
70 9999
700 9999
701 10
702 9999
71 9999
72 9999
73 9999
74 9999
75 9999
76 9999
77 9999
78 9999
79 9999
8 65
80 5776
81 9999
82 9998
83 9999
84 9999
85 9999
86 9999
87 9999
89 0
9 9999
90 9977
91 9999
92 9999
93 37
94 9999
95 9999
96 9999
97 9999
98 9999
99 5942
