100 7
101 9999
102 0
103 9997
107 7
108 9999
135 9996
136 9999
137 0
138 9999
140 9999
141 9996
146 9999
147 9999
155 1180
156 9999
16 6491
167 0
168 9999
17 9996
171 1185
172 9999
174 9999
175 9617
181 1172
182 9999
186 58
187 9999
205 607
206 9999
210 0
211 9576
22 5
227 6
228 9999
23 9999
230 0
231 9972
233 9584
234 9187
243 0
244 9435
252 0
253 9999
265 969
266 9999
283 9974
284 9997
289 6
290 9999
291 0
292 9999
309 9995
310 9999
311 9999
312 9999
314 6491
315 31
322 0
323 9999
333 9
334 9999
349 9974
350 9999
353 9999
354 9999
360 0
361 9999
362 110
363 9999
380 9995
381 9999
386 9999
387 9953
389 49
39 0
390 9999
396 0
397 9999
40 9995
408 1308
409 9999
412 0
413 9999
422 0
423 9999
44 9999
442 0
443 9999
45 7
458 9586
459 9999
46 0
47 9967
475 0
476 9999
484 9999
485 9996
486 41
487 9999
491 0
492 0
51 7
52 9999
533 7200
534 1341
54 9997
541 972
542 9
544 9440
545 9937
55 9999
575 847
576 9999
637 0
638 9997
646 6
647 9999
657 9966
658 9998
659 8817
660 9999
670 1112
671 9999
672 4
673 9999
678 7
679 9997
680 407
681 9999
695 6414
696 0
697 43
698 9996
75 9674
76 9999
85 7
86 9999
88 9999
89 33
93 5
94 9999
100 7
101 9999
102 0
103 9997
107 7
108 9999
135 9996
136 9999
137 0
138 9999
140 9999
141 9996
146 9999
147 9999
155 1180
156 9999
16 6491
167 0
168 9999
17 9996
171 1185
172 9999
174 9999
175 9617
181 1172
182 9999
186 58
187 9999
205 607
206 9999
210 0
211 9576
22 5
227 6
228 9999
23 9999
230 0
231 9972
233 9584
234 9187
243 0
244 9435
252 0
253 9999
265 969
266 9999
283 9974
284 9997
289 6
290 9999
291 0
292 9999
309 9995
310 9999
311 9999
312 9999
314 6491
315 31
322 0
323 9999
333 9
334 9999
349 9974
350 9999
353 9999
354 9999
360 0
361 9999
362 110
363 9999
380 9995
381 9999
386 9999
387 9953
389 49
39 0
390 9999
396 0
397 9999
40 9995
408 1308
409 9999
412 0
413 9999
422 0
423 9999
44 9999
442 0
443 9999
45 7
458 9586
459 9999
46 0
47 9967
475 0
476 9999
484 9999
485 9996
486 41
487 9999
491 0
492 0
51 7
52 9999
533 7200
534 1341
54 9997
541 972
542 9
544 9440
545 9937
55 9999
575 847
576 9999
637 0
638 9997
646 6
647 9999
657 9966
658 9998
659 8817
660 9999
670 1112
671 9999
672 4
673 9999
678 7
679 9997
680 407
681 9999
695 6414
696 0
697 43
698 9996
75 9674
76 9999
85 7
86 9999
88 9999
89 33
93 5
94 9999
0 0
1 0
10 0
100 0
101 0
102 0
103 0
104 0
105 0
106 0
107 0
108 0
109 0
11 0
110 0
111 0
112 0
113 0
114 0
115 0
116 0
117 0
118 0
119 0
12 0
120 0
121 0
122 0
123 0
124 0
125 0
126 0
127 0
128 0
129 0
13 0
130 0
131 0
132 0
133 0
134 0
135 0
136 0
137 0
138 0
139 0
14 0
140 0
141 0
142 0
143 0
144 0
145 0
146 0
147 0
148 0
149 0
15 0
150 0
151 0
152 0
153 0
154 0
155 0
156 0
157 0
158 0
159 0
16 0
160 0
161 0
162 0
163 0
164 0
165 0
166 0
167 0
168 0
169 0
17 0
170 0
171 0
172 0
173 0
174 0
175 0
176 0
177 0
178 0
179 0
18 0
180 0
181 0
182 0
183 0
184 0
185 0
186 0
187 0
188 0
189 0
19 0
190 0
191 0
192 0
193 0
194 0
195 0
196 0
197 0
198 0
199 0
2 0
20 0
200 0
201 0
202 0
203 0
204 0
205 0
206 0
207 0
208 0
209 0
21 0
210 0
211 0
212 0
213 0
214 0
215 0
216 0
217 0
218 0
219 0
22 0
220 0
221 0
222 0
223 0
224 0
225 0
226 0
227 0
228 0
229 0
23 0
230 0
231 0
232 0
233 0
234 0
235 0
236 0
237 0
238 0
239 0
24 0
240 0
241 0
242 0
243 0
244 0
245 0
246 0
247 0
248 0
249 0
25 0
250 0
251 0
252 0
253 0
254 0
255 0
256 0
257 0
258 0
259 0
26 0
260 0
261 0
262 0
263 0
264 0
265 0
266 0
267 0
268 0
269 0
27 0
270 0
271 0
272 0
273 0
274 0
275 0
276 0
277 0
278 0
279 0
28 0
280 0
281 0
282 0
283 0
284 0
285 0
286 0
287 0
288 0
289 0
29 0
290 0
291 0
292 0
293 0
294 0
295 0
296 0
297 0
298 0
299 0
3 0
30 0
300 0
301 0
302 0
303 0
304 0
305 0
306 0
307 0
308 0
309 0
31 0
310 0
311 0
312 0
313 0
314 0
315 0
316 0
317 0
318 0
319 0
32 0
320 0
321 0
322 0
323 0
324 0
325 0
326 0
327 0
328 0
329 0
33 0
330 0
331 0
332 0
333 0
334 0
335 0
336 0
337 0
338 0
339 0
34 0
340 0
341 0
342 0
343 0
344 0
345 0
346 0
347 0
348 0
349 0
35 0
350 0
351 0
352 0
353 0
354 0
355 0
356 0
357 0
358 0
359 0
36 0
360 0
361 0
362 0
363 0
364 0
365 0
366 0
367 0
368 0
369 0
37 0
370 0
371 0
372 0
373 0
374 0
375 0
376 0
377 0
378 0
379 0
38 0
380 0
381 0
382 0
383 0
384 0
385 0
386 0
387 0
388 0
389 0
39 0
390 0
391 0
392 0
393 0
394 0
395 0
396 0
397 0
398 0
399 0
4 0
40 0
400 0
401 0
402 0
403 0
404 0
405 0
406 0
407 0
408 0
409 0
41 0
410 0
411 0
412 0
413 0
414 0
415 0
416 0
417 0
418 0
419 0
42 0
420 0
421 0
422 0
423 0
424 0
425 0
426 0
427 0
428 0
429 0
43 0
430 0
431 0
432 0
433 0
434 0
435 0
436 0
437 0
438 0
439 0
44 0
440 0
441 0
442 0
443 0
444 0
445 0
446 0
447 0
448 0
449 0
45 0
450 0
451 0
452 0
453 0
454 0
455 0
456 0
457 0
458 0
459 0
46 0
460 0
461 0
462 0
463 0
464 0
465 0
466 0
467 0
468 0
469 0
47 0
470 0
471 0
472 0
473 0
474 0
475 0
476 0
477 0
478 0
479 0
48 0
480 0
481 0
482 0
483 0
484 0
485 0
486 0
487 0
488 0
489 0
49 0
490 0
491 0
492 0
493 0
494 0
495 0
496 0
497 0
498 0
499 0
5 0
50 0
500 0
501 0
502 0
503 0
504 0
505 0
506 0
507 0
508 0
509 0
51 0
510 0
511 0
512 0
513 0
514 0
515 0
516 0
517 0
518 0
519 0
52 0
520 0
521 0
522 0
523 0
524 0
525 0
526 0
527 0
528 0
529 0
53 0
530 0
531 0
532 0
533 0
534 0
535 0
536 0
537 0
538 0
539 0
54 0
540 0
541 0
542 0
543 0
544 0
545 0
546 0
547 0
548 0
549 0
55 0
550 0
551 0
552 0
553 0
554 0
555 0
556 0
557 0
56 0
57 0
58 0
59 0
6 0
60 0
61 0
62 0
63 0
64 0
65 0
66 0
67 0
68 0
69 0
7 0
70 0
71 0
72 0
73 0
74 0
75 0
76 0
77 0
78 0
79 0
8 0
80 0
81 0
82 0
83 0
84 0
85 0
86 0
87 0
88 0
89 0
9 0
90 0
91 0
92 0
93 0
94 0
95 0
96 0
97 0
98 0
99 0
0 0
1 0
10 0
100 0
101 0
102 0
103 0
104 0
105 0
106 0
107 0
108 0
109 0
11 0
110 0
111 0
112 0
113 0
114 0
115 0
116 0
117 0
118 0
119 0
12 0
120 0
121 0
122 0
123 0
124 0
125 0
126 0
127 0
128 0
129 0
13 0
130 0
131 0
132 0
133 0
134 0
135 0
136 0
137 0
138 0
139 0
14 0
140 0
141 0
142 0
143 0
144 0
145 0
146 0
147 0
148 0
149 0
15 0
150 0
151 0
152 0
153 0
154 0
155 0
156 0
157 0
158 0
159 0
16 0
160 0
161 0
162 0
163 0
164 0
165 0
166 0
167 0
168 0
169 0
17 0
170 0
171 0
172 0
173 0
174 0
175 0
176 0
177 0
178 0
179 0
18 0
180 0
181 0
182 0
183 0
184 0
185 0
186 0
187 0
188 0
189 0
19 0
190 0
191 0
192 0
193 0
194 0
195 0
196 0
197 0
198 0
199 0
2 0
20 0
200 0
201 0
202 0
203 0
204 0
205 0
206 0
207 0
208 0
209 0
21 0
210 0
211 0
212 0
213 0
214 0
215 0
216 0
217 0
218 0
219 0
22 0
220 0
221 0
222 0
223 0
224 0
225 0
226 0
227 0
228 0
229 0
23 0
230 0
231 0
232 0
233 0
234 0
235 0
236 0
237 0
238 0
239 0
24 0
240 0
241 0
242 0
243 0
244 0
245 0
246 0
247 0
248 0
249 0
25 0
250 0
251 0
252 0
253 0
254 0
255 0
256 0
257 0
258 0
259 0
26 0
260 0
261 0
262 0
263 0
264 0
265 0
266 0
267 0
268 0
269 0
27 0
270 0
271 0
272 0
273 0
274 0
275 0
276 0
277 0
278 0
279 0
28 0
280 0
281 0
282 0
283 0
284 0
285 0
286 0
287 0
288 0
289 0
29 0
290 0
291 0
292 0
293 0
294 0
295 0
296 0
297 0
298 0
299 0
3 0
30 0
300 0
301 0
302 0
303 0
304 0
305 0
306 0
307 0
308 0
309 0
31 0
310 0
311 0
312 0
313 0
314 0
315 0
316 0
317 0
318 0
319 0
32 0
320 0
321 0
322 0
323 0
324 0
325 0
326 0
327 0
328 0
329 0
33 0
330 0
331 0
332 0
333 0
334 0
335 0
336 0
337 0
338 0
339 0
34 0
340 0
341 0
342 0
343 0
344 0
345 0
346 0
347 0
348 0
349 0
35 0
350 0
351 0
352 0
353 0
354 0
355 0
356 0
357 0
358 0
359 0
36 0
360 0
361 0
362 0
363 0
364 0
365 0
366 0
367 0
368 0
369 0
37 0
370 0
371 0
372 0
373 0
374 0
375 0
376 0
377 0
378 0
379 0
38 0
380 0
381 0
382 0
383 0
384 0
385 0
386 0
387 0
388 0
389 0
39 0
390 0
391 0
392 0
393 0
394 0
395 0
396 0
397 0
398 0
399 0
4 0
40 0
400 0
401 0
402 0
403 0
404 0
405 0
406 0
407 0
408 0
409 0
41 0
410 0
411 0
412 0
413 0
414 0
415 0
416 0
417 0
418 0
419 0
42 0
420 0
421 0
422 0
423 0
424 0
425 0
426 0
427 0
428 0
429 0
43 0
430 0
431 0
432 0
433 0
434 0
435 0
436 0
437 0
438 0
439 0
44 0
440 0
441 0
442 0
443 0
444 0
445 0
446 0
447 0
448 0
449 0
45 0
450 0
451 0
452 0
453 0
454 0
455 0
456 0
457 0
458 0
459 0
46 0
460 0
461 0
462 0
463 0
464 0
465 0
466 0
467 0
468 0
469 0
47 0
470 0
471 0
472 0
473 0
474 0
475 0
476 0
477 0
478 0
479 0
48 0
480 0
481 0
482 0
483 0
484 0
485 0
486 0
487 0
488 0
489 0
49 0
490 0
491 0
492 0
493 0
494 0
495 0
496 0
497 0
498 0
499 0
5 0
50 0
500 0
501 0
502 0
503 0
504 0
505 0
506 0
507 0
508 0
509 0
51 0
510 0
511 0
512 0
513 0
514 0
515 0
516 0
517 0
518 0
519 0
52 0
520 0
521 0
522 0
523 0
524 0
525 0
526 0
527 0
528 0
529 0
53 0
530 0
531 0
532 0
533 0
534 0
535 0
536 0
537 0
538 0
539 0
54 0
540 0
541 0
542 0
543 0
544 0
545 0
546 0
547 0
548 0
549 0
55 0
550 0
551 0
552 0
553 0
554 0
555 0
556 0
557 0
56 0
57 0
58 0
59 0
6 0
60 0
61 0
62 0
63 0
64 0
65 0
66 0
67 0
68 0
69 0
7 0
70 0
71 0
72 0
73 0
74 0
75 0
76 0
77 0
78 0
79 0
8 0
80 0
81 0
82 0
83 0
84 0
85 0
86 0
87 0
88 0
89 0
9 0
90 0
91 0
92 0
93 0
94 0
95 0
96 0
97 0
98 0
99 0
0 0
1 0
10 0
100 0
101 0
102 0
103 0
104 0
105 0
106 0
107 0
108 0
109 0
11 0
110 0
111 0
112 0
113 0
114 0
115 0
116 0
117 0
118 0
119 0
12 0
120 0
121 0
122 0
123 0
124 0
125 0
126 0
127 0
128 0
129 0
13 0
130 0
131 0
132 0
133 0
134 0
135 0
136 0
137 0
138 0
139 0
14 0
140 0
141 0
142 0
143 0
144 0
145 0
146 0
147 0
148 0
149 0
15 0
150 0
151 0
152 0
153 0
154 0
155 0
156 0
157 0
158 0
159 0
16 0
160 0
161 0
162 0
163 0
164 0
165 0
166 0
167 0
168 0
169 0
17 0
170 0
171 0
172 0
173 0
174 0
175 0
176 0
177 0
178 0
179 0
18 0
180 0
181 0
182 0
183 0
184 0
185 0
186 0
187 0
188 0
189 0
19 0
190 0
191 0
192 0
193 0
194 0
195 0
196 0
197 0
198 0
199 0
2 0
20 0
200 0
201 0
202 0
203 0
204 0
205 0
206 0
207 0
208 0
209 0
21 0
210 0
211 0
212 0
213 0
214 0
215 0
216 0
217 0
218 0
219 0
22 0
220 0
221 0
222 0
223 0
224 0
225 0
226 0
227 0
228 0
229 0
23 0
230 0
231 0
232 0
233 0
234 0
235 0
236 0
237 0
238 0
239 0
24 0
240 0
241 0
242 0
243 0
244 0
245 0
246 0
247 0
248 0
249 0
25 0
250 0
251 0
252 0
253 0
254 0
255 0
256 0
257 0
258 0
259 0
26 0
260 0
261 0
262 0
263 0
264 0
265 0
266 0
267 0
268 0
269 0
27 0
270 0
271 0
272 0
273 0
274 0
275 0
276 0
277 0
278 0
279 0
28 0
280 0
281 0
282 0
283 0
284 0
285 0
286 0
287 0
288 0
289 0
29 0
290 0
291 0
292 0
293 0
294 0
295 0
296 0
297 0
298 0
299 0
3 0
30 0
300 0
301 0
302 0
303 0
304 0
305 0
306 0
307 0
308 0
309 0
31 0
310 0
311 0
312 0
313 0
314 0
315 0
316 0
317 0
318 0
319 0
32 0
320 0
321 0
322 0
323 0
324 0
325 0
326 0
327 0
328 0
329 0
33 0
330 0
331 0
332 0
333 0
334 0
335 0
336 0
337 0
338 0
339 0
34 0
340 0
341 0
342 0
343 0
344 0
345 0
346 0
347 0
348 0
349 0
35 0
350 0
351 0
352 0
353 0
354 0
355 0
356 0
357 0
358 0
359 0
36 0
360 0
361 0
362 0
363 0
364 0
365 0
366 0
367 0
368 0
369 0
37 0
370 0
371 0
372 0
373 0
374 0
375 0
376 0
377 0
378 0
379 0
38 0
380 0
381 0
382 0
383 0
384 0
385 0
386 0
387 0
388 0
389 0
39 0
390 0
391 0
392 0
393 0
394 0
395 0
396 0
397 0
398 0
399 0
4 0
40 0
400 0
401 0
402 0
403 0
404 0
405 0
406 0
407 0
408 0
409 0
41 0
410 0
411 0
412 0
413 0
414 0
415 0
416 0
417 0
418 0
419 0
42 0
420 0
421 0
422 0
423 0
424 0
425 0
426 0
427 0
428 0
429 0
43 0
430 0
431 0
432 0
433 0
434 0
435 0
436 0
437 0
438 0
439 0
44 0
440 0
441 0
442 0
443 0
444 0
445 0
446 0
447 0
448 0
449 0
45 0
450 0
451 0
452 0
453 0
454 0
455 0
456 0
457 0
458 0
459 0
46 0
460 0
461 0
462 0
463 0
464 0
465 0
466 0
467 0
468 0
469 0
47 0
470 0
471 0
472 0
473 0
474 0
475 0
476 0
477 0
478 0
479 0
48 0
480 0
481 0
482 0
483 0
484 0
485 0
486 0
487 0
488 0
489 0
49 0
490 0
491 0
492 0
493 0
494 0
495 0
496 0
497 0
498 0
499 0
5 0
50 0
500 0
501 0
502 0
503 0
504 0
505 0
506 0
507 0
508 0
509 0
51 0
510 0
511 0
512 0
513 0
514 0
515 0
516 0
517 0
518 0
519 0
52 0
520 0
521 0
522 0
523 0
524 0
525 0
526 0
527 0
528 0
529 0
53 0
530 0
531 0
532 0
533 0
534 0
535 0
536 0
537 0
538 0
539 0
54 0
540 0
541 0
542 0
543 0
544 0
545 0
546 0
547 0
548 0
549 0
55 0
550 0
551 0
552 0
553 0
554 0
555 0
556 0
557 0
56 0
57 0
58 0
59 0
6 0
60 0
61 0
62 0
63 0
64 0
65 0
66 0
67 0
68 0
69 0
7 0
70 0
71 0
72 0
73 0
74 0
75 0
76 0
77 0
78 0
79 0
8 0
80 0
81 0
82 0
83 0
84 0
85 0
86 0
87 0
88 0
89 0
9 0
90 0
91 0
92 0
93 0
94 0
95 0
96 0
97 0
98 0
99 0
0 0
1 0
10 0
100 0
101 0
102 0
103 0
104 0
105 0
106 0
107 0
108 0
109 0
11 0
110 0
111 0
112 0
113 0
114 0
115 0
116 0
117 0
118 0
119 0
12 0
120 0
121 0
122 0
123 0
124 0
125 0
126 0
127 0
128 0
129 0
13 0
130 0
131 0
132 0
133 0
134 0
135 0
136 0
137 0
138 0
139 0
14 0
140 0
141 0
142 0
143 0
144 0
145 0
146 0
147 0
148 0
149 0
15 0
150 0
151 0
152 0
153 0
154 0
155 0
156 0
157 0
158 0
159 0
16 0
160 0
161 0
162 0
163 0
164 0
165 0
166 0
167 0
168 0
169 0
17 0
170 0
171 0
172 0
173 0
174 0
175 0
176 0
177 0
178 0
179 0
18 0
180 0
181 0
182 0
183 0
184 0
185 0
186 0
187 0
188 0
189 0
19 0
190 0
191 0
192 0
193 0
194 0
195 0
196 0
197 0
198 0
199 0
2 0
20 0
200 0
201 0
202 0
203 0
204 0
205 0
206 0
207 0
208 0
209 0
21 0
210 0
211 0
212 0
213 0
214 0
215 0
216 0
217 0
218 0
219 0
22 0
220 0
221 0
222 0
223 0
224 0
225 0
226 0
227 0
228 0
229 0
23 0
230 0
231 0
232 0
233 0
234 0
235 0
236 0
237 0
238 0
239 0
24 0
240 0
241 0
242 0
243 0
244 0
245 0
246 0
247 0
248 0
249 0
25 0
250 0
251 0
252 0
253 0
254 0
255 0
256 0
257 0
258 0
259 0
26 0
260 0
261 0
262 0
263 0
264 0
265 0
266 0
267 0
268 0
269 0
27 0
270 0
271 0
272 0
273 0
274 0
275 0
276 0
277 0
278 0
279 0
28 0
280 0
281 0
282 0
283 0
284 0
285 0
286 0
287 0
288 0
289 0
29 0
290 0
291 0
292 0
293 0
294 0
295 0
296 0
297 0
298 0
299 0
3 0
30 0
300 0
301 0
302 0
303 0
304 0
305 0
306 0
307 0
308 0
309 0
31 0
310 0
311 0
312 0
313 0
314 0
315 0
316 0
317 0
318 0
319 0
32 0
320 0
321 0
322 0
323 0
324 0
325 0
326 0
327 0
328 0
329 0
33 0
330 0
331 0
332 0
333 0
334 0
335 0
336 0
337 0
338 0
339 0
34 0
340 0
341 0
342 0
343 0
344 0
345 0
346 0
347 0
348 0
349 0
35 0
350 0
351 0
352 0
353 0
354 0
355 0
356 0
357 0
358 0
359 0
36 0
360 0
361 0
362 0
363 0
364 0
365 0
366 0
367 0
368 0
369 0
37 0
370 0
371 0
372 0
373 0
374 0
375 0
376 0
377 0
378 0
379 0
38 0
380 0
381 0
382 0
383 0
384 0
385 0
386 0
387 0
388 0
389 0
39 0
390 0
391 0
392 0
393 0
394 0
395 0
396 0
397 0
398 0
399 0
4 0
40 0
400 0
401 0
402 0
403 0
404 0
405 0
406 0
407 0
408 0
409 0
41 0
410 0
411 0
412 0
413 0
414 0
415 0
416 0
417 0
418 0
419 0
42 0
420 0
421 0
422 0
423 0
424 0
425 0
426 0
427 0
428 0
429 0
43 0
430 0
431 0
432 0
433 0
434 0
435 0
436 0
437 0
438 0
439 0
44 0
440 0
441 0
442 0
443 0
444 0
445 0
446 0
447 0
448 0
449 0
45 0
450 0
451 0
452 0
453 0
454 0
455 0
456 0
457 0
458 0
459 0
46 0
460 0
461 0
462 0
463 0
464 0
465 0
466 0
467 0
468 0
469 0
47 0
470 0
471 0
472 0
473 0
474 0
475 0
476 0
477 0
478 0
479 0
48 0
480 0
481 0
482 0
483 0
484 0
485 0
486 0
487 0
488 0
489 0
49 0
490 0
491 0
492 0
493 0
494 0
495 0
496 0
497 0
498 0
499 0
5 0
50 0
500 0
501 0
502 0
503 0
504 0
505 0
506 0
507 0
508 0
509 0
51 0
510 0
511 0
512 0
513 0
514 0
515 0
516 0
517 0
518 0
519 0
52 0
520 0
521 0
522 0
523 0
524 0
525 0
526 0
527 0
528 0
529 0
53 0
530 0
531 0
532 0
533 0
534 0
535 0
536 0
537 0
538 0
539 0
54 0
540 0
541 0
542 0
543 0
544 0
545 0
546 0
547 0
548 0
549 0
55 0
550 0
551 0
552 0
553 0
554 0
555 0
556 0
557 0
558 0
559 0
56 0
560 0
561 0
562 0
563 0
564 0
565 0
566 0
567 0
568 0
569 0
57 0
570 0
571 0
58 0
59 0
6 0
60 0
61 0
62 0
63 0
64 0
65 0
66 0
67 0
68 0
69 0
7 0
70 0
71 0
72 0
73 0
74 0
75 0
76 0
77 0
78 0
79 0
8 0
80 0
81 0
82 0
83 0
84 0
85 0
86 0
87 0
88 0
89 0
9 0
90 0
91 0
92 0
93 0
94 0
95 0
96 0
97 0
98 0
99 0
0 0
1 0
10 0
100 0
101 0
102 0
103 0
104 0
105 0
106 0
107 0
108 0
109 0
11 0
110 0
111 0
112 0
113 0
114 0
115 0
116 0
117 0
118 0
119 0
12 0
120 0
121 0
122 0
123 0
124 0
125 0
126 0
127 0
128 0
129 0
13 0
130 0
131 0
132 0
133 0
134 0
135 0
136 0
137 0
138 0
139 0
14 0
140 0
141 0
142 0
143 0
144 0
145 0
146 0
147 0
148 0
149 0
15 0
150 0
151 0
152 0
153 0
154 0
155 0
156 0
157 0
158 0
159 0
16 0
160 0
161 0
162 0
163 0
164 0
165 0
166 0
167 0
168 0
169 0
17 0
170 0
171 0
172 0
173 0
174 0
175 0
176 0
177 0
178 0
179 0
18 0
180 0
181 0
182 0
183 0
184 0
185 0
186 0
187 0
188 0
189 0
19 0
190 0
191 0
192 0
193 0
194 0
195 0
196 0
197 0
198 0
199 0
2 0
20 0
200 0
201 0
202 0
203 0
204 0
205 0
206 0
207 0
208 0
209 0
21 0
210 0
211 0
212 0
213 0
214 0
215 0
216 0
217 0
218 0
219 0
22 0
220 0
221 0
222 0
223 0
224 0
225 0
226 0
227 0
228 0
229 0
23 0
230 0
231 0
232 0
233 0
234 0
235 0
236 0
237 0
238 0
239 0
24 0
240 0
241 0
242 0
243 0
244 0
245 0
246 0
247 0
248 0
249 0
25 0
250 0
251 0
252 0
253 0
254 0
255 0
256 0
257 0
258 0
259 0
26 0
260 0
261 0
262 0
263 0
264 0
265 0
266 0
267 0
268 0
269 0
27 0
270 0
271 0
272 0
273 0
274 0
275 0
276 0
277 0
278 0
279 0
28 0
280 0
281 0
282 0
283 0
284 0
285 0
286 0
287 0
288 0
289 0
29 0
290 0
291 0
292 0
293 0
294 0
295 0
296 0
297 0
298 0
299 0
3 0
30 0
300 0
301 0
302 0
303 0
304 0
305 0
306 0
307 0
308 0
309 0
31 0
310 0
311 0
312 0
313 0
314 0
315 0
316 0
317 0
318 0
319 0
32 0
320 0
321 0
322 0
323 0
324 0
325 0
326 0
327 0
328 0
329 0
33 0
330 0
331 0
332 0
333 0
334 0
335 0
336 0
337 0
338 0
339 0
34 0
340 0
341 0
342 0
343 0
344 0
345 0
346 0
347 0
348 0
349 0
35 0
350 0
351 0
352 0
353 0
354 0
355 0
356 0
357 0
358 0
359 0
36 0
360 0
361 0
362 0
363 0
364 0
365 0
366 0
367 0
368 0
369 0
37 0
370 0
371 0
372 0
373 0
374 0
375 0
376 0
377 0
378 0
379 0
38 0
380 0
381 0
382 0
383 0
384 0
385 0
386 0
387 0
388 0
389 0
39 0
390 0
391 0
392 0
393 0
394 0
395 0
396 0
397 0
398 0
399 0
4 0
40 0
400 0
401 0
402 0
403 0
404 0
405 0
406 0
407 0
408 0
409 0
41 0
410 0
411 0
412 0
413 0
414 0
415 0
416 0
417 0
418 0
419 0
42 0
420 0
421 0
422 0
423 0
424 0
425 0
426 0
427 0
428 0
429 0
43 0
430 0
431 0
432 0
433 0
434 0
435 0
436 0
437 0
438 0
439 0
44 0
440 0
441 0
442 0
443 0
444 0
445 0
446 0
447 0
448 0
449 0
45 0
450 0
451 0
452 0
453 0
454 0
455 0
456 0
457 0
458 0
459 0
46 0
460 0
461 0
462 0
463 0
464 0
465 0
466 0
467 0
468 0
469 0
47 0
470 0
471 0
472 0
473 0
474 0
475 0
476 0
477 0
478 0
479 0
48 0
480 0
481 0
482 0
483 0
484 0
485 0
486 0
487 0
488 0
489 0
49 0
490 0
491 0
492 0
493 0
494 0
495 0
496 0
497 0
498 0
499 0
5 0
50 0
500 0
501 0
502 0
503 0
504 0
505 0
506 0
507 0
508 0
509 0
51 0
510 0
511 0
512 0
513 0
514 0
515 0
516 0
517 0
518 0
519 0
52 0
520 0
521 0
522 0
523 0
524 0
525 0
526 0
527 0
528 0
529 0
53 0
530 0
531 0
532 0
533 0
534 0
535 0
536 0
537 0
538 0
539 0
54 0
540 0
541 0
542 0
543 0
544 0
545 0
546 0
547 0
548 0
549 0
55 0
550 0
551 0
552 0
553 0
554 0
555 0
556 0
557 0
558 0
559 0
56 0
560 0
561 0
562 0
563 0
564 0
565 0
566 0
567 0
568 0
569 0
57 0
570 0
571 0
58 0
59 0
6 0
60 0
61 0
62 0
63 0
64 0
65 0
66 0
67 0
68 0
69 0
7 0
70 0
71 0
72 0
73 0
74 0
75 0
76 0
77 0
78 0
79 0
8 0
80 0
81 0
82 0
83 0
84 0
85 0
86 0
87 0
88 0
89 0
9 0
90 0
91 0
92 0
93 0
94 0
95 0
96 0
97 0
98 0
99 0
109 0
110 0
124 0
125 0
135 0
136 0
140 0
141 0
159 0
160 0
166 0
167 0
172 0
173 0
174 0
175 0
179 0
18 0
180 0
19 0
191 0
192 0
200 0
201 0
221 0
222 0
226 0
227 0
231 0
232 0
248 0
249 0
255 0
256 0
260 0
261 0
269 0
270 0
271 0
272 0
274 0
275 0
281 0
282 0
285 0
286 0
3 0
300 0
301 0
312 0
313 0
322 0
323 0
35 0
350 0
351 0
352 0
353 0
36 0
368 0
369 0
376 0
377 0
379 0
380 0
386 0
387 0
389 0
390 0
395 0
396 0
4 0
40 0
401 0
402 0
408 0
409 0
41 0
415 0
416 0
420 0
421 0
431 0
432 0
434 0
435 0
438 0
439 0
445 0
446 0
459 0
460 0
462 0
463 0
469 0
470 0
474 0
475 0
483 0
484 0
489 0
490 0
491 0
492 0
495 0
496 0
521 0
522 0
527 0
528 0
534 0
535 0
543 0
544 0
549 0
550 0
583 0
584 0
589 0
590 0
597 0
598 0
60 0
606 0
607 0
609 0
61 0
610 0
634 0
635 0
636 0
637 0
654 0
655 0
659 0
660 0
662 0
663 0
671 0
672 0
676 0
677 0
68 0
681 0
682 0
69 0
699 0
700 0
702 0
703 0
709 0
710 0
719 0
72 0
720 0
73 0
76 0
77 0
79 0
80 0
88 0
89 0
95 0
96 0
109 470
110 222
124 0
125 468
135 0
136 15
140 463
141 461
159 431
160 463
166 4
167 462
172 233
173 461
174 458
175 462
179 20
18 416
180 462
19 488
191 460
192 459
200 287
201 460
221 458
222 458
226 3
227 458
231 67
232 458
248 456
249 0
255 1
256 455
260 0
261 119
269 452
270 453
271 12
272 453
274 0
275 453
281 1
282 451
285 441
286 1
3 10
300 247
301 449
312 448
313 448
322 448
323 388
35 481
350 0
351 447
352 60
353 447
36 167
368 0
369 444
376 173
377 185
379 14
380 447
386 357
387 16
389 445
390 447
395 0
396 120
4 494
40 481
401 446
402 446
408 446
409 440
41 481
415 14
416 446
420 8
421 444
431 0
432 6
434 0
435 444
438 443
439 1
445 371
446 143
459 0
460 440
462 8
463 444
469 421
470 444
474 379
475 70
483 441
484 51
489 12
490 444
491 412
492 444
495 442
496 443
521 0
522 426
527 420
528 153
534 419
535 218
543 281
544 440
549 0
550 441
583 10
584 438
589 39
590 438
597 0
598 438
60 2
606 0
607 386
609 412
61 477
610 438
634 430
635 436
636 435
637 434
654 428
655 433
659 433
660 433
662 433
663 431
671 2
672 433
676 409
677 2
68 173
681 309
682 433
69 475
699 432
700 430
702 432
703 433
709 433
710 433
719 432
72 473
720 1
73 474
76 0
77 474
79 452
80 39
88 1
89 474
95 5
96 473
10 999
105 987
106 999
111 999
112 15
113 925
114 999
115 2
116 999
117 1
118 999
12 0
121 988
122 997
129 0
13 999
130 999
133 105
134 999
145 873
146 999
15 102
152 999
153 999
16 999
164 999
165 999
166 12
167 999
169 999
17 999
170 865
176 193
177 999
178 0
179 999
18 999
182 0
183 999
187 0
188 0
197 999
198 998
199 998
200 999
204 999
205 999
207 0
208 999
217 998
218 989
220 999
221 999
223 1
224 999
232 0
233 999
236 875
237 999
243 183
244 999
246 994
247 999
252 6
253 999
262 989
263 999
264 1
265 999
270 999
271 999
274 963
275 999
278 928
279 579
28 0
282 925
283 999
285 900
286 999
289 675
29 0
290 268
298 964
299 997
300 3
301 999
303 14
304 999
308 999
309 1
315 992
316 999
318 1
319 999
321 999
322 999
339 999
340 999
344 11
345 999
347 999
348 991
351 0
352 999
361 147
362 999
368 0
369 13
371 0
372 999
38 2
388 999
389 999
39 999
392 0
393 999
398 939
399 999
4 4
400 905
401 999
404 999
405 999
406 941
407 999
41 0
418 2
419 999
42 999
421 999
422 999
428 0
429 360
440 3
441 999
446 2
447 999
455 1
456 999
460 999
461 999
468 0
469 999
472 999
473 999
475 15
476 999
482 3
483 999
484 0
485 999
487 999
488 998
49 999
490 999
491 999
494 12
495 999
5 999
50 102
500 901
501 999
515 1
516 999
527 924
528 15
533 999
534 999
546 0
547 999
549 167
550 999
553 0
554 999
556 932
557 999
558 890
559 999
560 0
561 999
573 997
574 999
575 521
576 999
579 14
580 999
583 999
584 11
588 1
589 999
592 999
593 999
594 127
595 999
599 0
600 999
605 999
606 12
618 999
619 999
628 943
629 999
643 1
644 999
646 0
647 999
653 991
654 999
70 0
71 4
77 20
78 999
80 999
81 999
84 881
85 999
86 25
87 999
89 999
9 0
90 999
92 182
93 999
10 999
105 987
106 999
111 999
112 15
113 925
114 999
115 2
116 999
117 1
118 999
12 0
121 988
122 997
129 0
13 999
130 999
133 105
134 999
145 873
146 999
15 102
152 999
153 999
16 999
164 999
165 999
166 12
167 999
169 999
17 999
170 865
176 193
177 999
178 0
179 999
18 999
182 0
183 999
187 0
188 0
197 999
198 998
199 998
200 999
204 999
205 999
207 0
208 999
217 998
218 989
220 999
221 999
223 1
224 999
232 0
233 999
236 875
237 999
243 183
244 999
246 994
247 999
252 6
253 999
262 989
263 999
264 1
265 999
270 999
271 999
274 963
275 999
278 928
279 579
28 0
282 925
283 999
285 900
286 999
289 675
29 0
290 268
298 964
299 997
300 3
301 999
303 14
304 999
308 999
309 1
315 992
316 999
318 1
319 999
321 999
322 999
339 999
340 999
344 11
345 999
347 999
348 991
351 0
352 999
361 147
362 999
368 0
369 13
371 0
372 999
38 2
388 999
389 999
39 999
392 0
393 999
398 939
399 999
4 4
400 905
401 999
404 999
405 999
406 941
407 999
41 0
418 2
419 999
42 999
421 999
422 999
428 0
429 360
440 3
441 999
446 2
447 999
455 1
456 999
460 999
461 999
468 0
469 999
472 999
473 999
475 15
476 999
482 3
483 999
484 0
485 999
487 999
488 998
49 999
490 999
491 999
494 12
495 999
5 999
50 102
500 901
501 999
515 1
516 999
527 924
528 15
533 999
534 999
546 0
547 999
549 167
550 999
553 0
554 999
556 932
557 999
558 890
559 999
560 0
561 999
573 997
574 999
575 521
576 999
579 14
580 999
583 999
584 11
588 1
589 999
592 999
593 999
594 127
595 999
599 0
600 999
605 999
606 12
618 999
619 999
628 943
629 999
643 1
644 999
646 0
647 999
653 991
654 999
70 0
71 4
77 20
78 999
80 999
81 999
84 881
85 999
86 25
87 999
89 999
9 0
90 999
92 182
93 999
100 986
111 0
112 986
119 0
12 996
120 984
126 984
127 804
13 996
133 983
134 983
135 0
136 982
15 9
16 996
163 0
164 966
171 979
172 860
173 0
174 979
185 979
186 956
188 1
189 979
19 183
192 979
193 979
198 978
199 979
20 994
202 20
203 979
204 0
205 979
210 21
211 979
213 979
214 917
217 18
218 978
22 994
220 978
221 978
222 13
223 978
23 985
233 0
234 976
235 699
236 976
246 779
247 976
25 1
252 0
253 966
26 994
267 3
268 976
280 13
281 976
282 10
283 975
285 155
286 975
294 4
295 975
299 0
3 3
30 125
300 207
303 104
304 975
305 973
306 975
309 938
31 991
310 975
311 30
312 975
337 4
338 974
345 15
346 974
348 971
349 974
350 6
351 974
369 974
370 974
372 878
373 963
375 180
376 974
377 19
378 974
380 956
381 974
382 955
383 974
384 5
385 974
389 0
39 24
390 974
395 916
396 974
4 997
40 989
414 3
415 974
42 145
425 834
426 974
43 989
430 974
431 898
435 913
436 974
437 98
438 974
447 1
448 967
450 12
451 973
452 1
453 973
458 0
459 973
46 3
462 0
463 973
47 989
470 135
471 973
482 973
483 12
495 1
496 973
503 5
504 972
514 972
515 971
516 220
517 971
518 970
519 971
525 5
526 971
539 0
540 25
542 970
543 964
546 971
547 0
553 3
554 971
557 3
558 971
562 0
563 4
572 970
573 971
576 817
577 971
578 4
579 971
58 987
586 958
587 970
589 970
59 987
590 970
591 20
592 970
60 981
602 970
603 970
605 0
606 970
61 987
614 969
615 970
616 0
617 970
618 12
619 970
620 968
621 970
625 551
626 970
627 647
628 970
634 832
635 970
64 967
641 0
642 970
643 4
644 970
646 970
647 969
65 987
652 8
653 970
69 3
7 2
70 987
72 18
73 987
79 0
8 996
80 18
81 865
82 986
91 986
92 986
99 986
10 999
105 987
106 999
111 999
112 15
113 925
114 999
115 2
116 999
117 1
118 999
12 0
121 988
122 997
129 0
13 999
130 999
133 105
134 999
145 873
146 999
15 102
152 999
153 999
16 999
164 999
165 999
166 12
167 999
169 999
17 999
170 865
176 193
177 999
178 0
179 999
18 999
182 0
183 999
187 0
188 0
197 999
198 998
199 998
200 999
204 999
205 999
207 0
208 999
217 998
218 989
220 999
221 999
223 1
224 999
232 0
233 999
236 875
237 999
243 183
244 999
246 994
247 999
252 6
253 999
262 989
263 999
264 1
265 999
270 999
271 999
274 963
275 999
278 928
279 579
28 0
282 925
283 999
285 900
286 999
289 675
29 0
290 268
298 964
299 997
300 3
301 999
303 14
304 999
308 999
309 1
315 992
316 999
318 1
319 999
321 999
322 999
339 999
340 999
344 11
345 999
347 999
348 991
351 0
352 999
361 147
362 999
368 0
369 13
371 0
372 999
38 2
388 999
389 999
39 999
392 0
393 999
398 939
399 999
4 4
400 905
401 999
404 999
405 999
406 941
407 999
41 0
418 2
419 999
42 999
421 999
422 999
428 0
429 360
440 3
441 999
446 2
447 999
455 1
456 999
460 999
461 999
468 0
469 999
472 999
473 999
475 15
476 999
482 3
483 999
484 0
485 999
487 999
488 998
49 999
490 999
491 999
494 12
495 999
5 999
50 102
500 901
501 999
515 1
516 999
527 924
528 15
533 999
534 999
546 0
547 999
549 167
550 999
553 0
554 999
556 932
557 999
558 890
559 999
560 0
561 999
573 997
574 999
575 521
576 999
579 14
580 999
583 999
584 11
588 1
589 999
592 999
593 999
594 127
595 999
599 0
600 999
605 999
606 12
618 999
619 999
628 943
629 999
643 1
644 999
646 0
647 999
653 991
654 999
70 0
71 4
77 20
78 999
80 999
81 999
84 881
85 999
86 25
87 999
89 999
9 0
90 999
92 182
93 999
10 988
11 999
113 992
114 972
125 953
126 0
13 999
131 218
132 999
133 0
134 997
138 0
139 999
14 997
144 992
145 999
146 17
147 999
15 19
16 999
163 16
164 999
177 24
178 999
189 1
190 999
194 0
195 999
20 0
21 992
210 0
211 998
215 126
216 999
218 999
219 148
223 7
224 999
228 999
229 19
23 1
24 999
244 0
245 999
249 0
250 72
258 0
259 75
26 219
265 0
266 999
27 999
270 219
271 999
273 989
274 0
291 922
292 999
294 219
295 992
319 856
320 992
338 2
339 999
36 999
363 0
364 953
37 999
371 0
372 953
38 29
39 999
399 998
400 6
421 0
422 998
427 13
428 999
434 999
435 999
436 860
437 999
446 29
447 999
458 0
459 998
467 0
468 999
482 17
483 999
491 997
492 16
494 990
495 999
497 987
498 998
501 0
502 999
509 997
510 998
512 2
513 995
519 0
520 993
522 999
523 998
527 3
528 999
543 999
544 934
546 5
547 999
550 899
551 999
552 3
553 999
554 0
555 998
562 148
563 999
564 936
565 999
638 0
639 999
648 148
649 999
656 0
657 897
658 0
659 999
677 4
678 999
680 953
681 202
682 148
683 999
684 999
685 999
692 673
693 953
7 999
705 0
706 992
714 135
715 999
724 0
725 992
733 999
734 996
76 2
77 999
8 985
83 12
84 999
86 19
87 999
1 264
10 499
103 499
104 499
105 56
106 499
107 467
108 499
109 499
110 499
113 499
114 499
115 499
116 499
118 499
119 499
121 499
122 499
126 499
127 499
128 20
129 499
13 0
131 499
132 499
133 499
134 499
138 499
139 496
14 499
140 499
141 499
145 499
146 499
147 499
148 499
149 499
15 7
150 499
151 37
152 499
156 223
157 499
158 449
159 499
16 499
160 28
161 499
166 496
167 499
168 64
169 499
17 0
177 499
178 499
18 499
180 499
181 499
182 499
183 499
186 499
187 499
188 89
189 499
19 499
192 499
193 499
194 8
195 499
197 499
198 499
2 499
20 499
203 499
204 499
207 34
208 499
21 45
212 499
213 499
215 488
216 499
218 499
219 499
22 499
220 49
221 499
222 491
223 499
224 499
225 499
227 88
228 499
229 448
230 499
231 499
232 499
233 491
234 499
235 497
236 499
238 499
239 499
241 106
242 499
243 23
244 499
245 470
246 499
247 0
248 499
25 499
251 499
252 499
253 469
254 499
256 77
257 499
259 499
26 499
260 499
261 495
262 499
263 499
264 499
268 499
269 499
27 70
270 496
271 499
276 499
277 499
279 499
28 499
280 499
281 134
282 499
285 499
286 499
287 4
288 499
291 499
292 499
295 499
296 499
30 499
302 450
303 499
306 499
307 499
309 499
31 499
310 499
314 499
315 499
316 499
317 499
320 499
321 499
324 499
325 499
326 499
327 499
328 499
329 499
330 499
331 499
332 499
333 499
336 499
337 499
339 217
340 499
341 499
342 499
343 499
344 499
345 182
346 499
349 499
35 498
350 499
353 0
354 499
355 499
356 499
358 15
359 499
36 89
360 8
361 499
362 499
363 499
365 499
366 499
37 499
371 499
372 499
373 495
374 499
375 182
376 499
377 499
378 499
379 499
38 499
380 499
381 191
382 499
383 498
384 499
387 499
388 499
389 58
39 498
390 499
391 499
392 499
394 499
395 499
397 499
398 499
40 499
401 70
402 499
403 210
404 499
405 95
406 499
407 6
408 499
412 243
413 499
417 499
418 499
42 499
423 243
424 499
426 311
427 499
429 499
43 499
430 499
431 233
432 499
435 3
436 499
437 499
438 499
441 456
442 499
445 499
446 103
448 499
449 499
45 177
451 487
452 499
457 483
458 448
46 499
460 499
461 499
462 499
463 499
464 499
465 499
466 88
467 499
468 15
469 499
47 199
471 499
472 18
473 34
474 499
475 157
476 499
48 499
481 55
482 499
486 499
487 499
488 499
489 499
49 1
490 499
491 499
492 499
493 499
494 14
495 499
497 499
498 499
499 499
5 209
50 499
500 499
502 453
503 499
504 499
505 499
507 499
508 499
51 70
510 499
511 499
512 66
513 499
515 499
516 499
517 499
518 499
519 499
52 499
520 499
524 499
525 499
526 497
527 499
528 499
529 499
534 471
535 499
536 499
537 499
538 485
539 499
540 32
541 499
542 497
543 499
544 499
545 499
546 467
547 499
548 17
549 499
551 455
552 499
553 499
554 499
555 178
556 499
557 499
558 499
561 499
562 499
565 210
566 499
567 499
568 499
573 499
574 499
575 499
576 499
579 499
58 499
580 499
581 1
582 499
583 490
584 499
587 116
588 499
59 499
591 438
592 499
593 499
594 499
595 499
596 499
597 499
598 499
6 499
600 499
601 499
602 499
603 499
605 4
606 499
607 88
608 499
610 494
611 66
63 0
64 499
65 442
66 499
67 499
68 499
69 473
7 497
70 499
74 86
75 499
76 499
77 499
8 499
83 499
84 499
85 199
86 499
88 486
89 499
9 499
93 0
94 499
95 499
96 499
98 499
99 7
1 277
10 165
100 9999
105 9999
106 9986
107 9994
108 9999
109 9910
11 9999
110 9999
111 9999
112 9999
113 967
114 9999
115 5300
116 9999
119 9999
12 9999
120 9999
122 9955
123 9999
124 91
125 9999
126 57
127 9999
128 9999
129 9999
13 9999
130 9999
131 9999
132 9948
133 9999
134 9999
135 9999
136 9997
137 9999
138 526
139 9999
140 17
141 9999
142 8837
143 9999
144 9999
145 9999
146 9999
147 9999
149 9999
150 9999
151 54
152 9999
153 9999
154 9999
155 6107
156 9999
157 6921
158 9999
16 9999
160 9903
161 9983
162 1377
163 9999
164 31
165 9999
166 7423
167 9999
169 8474
17 9999
170 9999
172 9999
173 9999
174 18
175 9999
176 300
177 9999
178 6240
179 9999
180 9999
181 9999
182 6949
183 9999
184 6429
185 9999
186 1443
187 9999
188 9726
189 9999
19 6428
192 9999
193 9999
195 4
196 9999
198 9999
199 9999
2 9999
20 9999
200 9982
201 9999
202 9999
203 9999
204 9999
205 9999
206 5
207 9999
208 9143
209 9999
21 3
213 14
214 9999
216 1
217 9999
218 9999
219 9999
22 9999
220 1042
221 9999
222 9992
223 9999
224 9990
225 9999
226 1038
227 9999
228 9999
229 9999
230 9979
231 9999
232 9999
233 9999
235 9972
236 9999
238 9999
239 9999
24 65
240 9717
241 9999
242 9999
243 9999
244 9999
245 9999
247 9
248 9999
249 9990
25 9993
250 9999
251 9999
252 9999
253 25
254 9999
255 27
256 9999
257 9999
258 9999
259 39
260 9999
261 8658
262 9999
264 9999
265 9551
27 0
270 1129
271 9999
272 9997
273 9999
275 8062
276 9999
28 9999
280 885
281 9999
282 0
283 9999
284 967
285 9999
287 9999
288 9999
290 9624
291 9999
292 958
293 9999
295 9999
296 9999
297 6632
298 9999
299 9999
300 9999
301 9999
302 9999
303 9999
304 9999
307 9999
308 9999
31 9679
310 9999
311 9999
312 9999
313 9999
314 9999
315 9999
316 1
317 9999
318 9999
319 9999
32 9999
321 12
322 9992
323 9999
324 9999
327 895
328 9999
329 9999
33 1377
330 9999
331 9999
332 9999
334 9999
335 9999
336 43
337 9999
34 9999
343 9999
344 9999
345 9999
346 9999
348 9999
349 9999
352 0
353 9999
354 9999
355 9999
356 5621
357 9999
358 8420
359 9999
36 31
360 6803
361 9999
364 9999
365 9999
366 786
367 9999
368 8955
369 9999
37 9999
370 9757
371 9999
373 12
374 9999
375 9999
376 9999
377 9967
378 9999
379 9999
38 700
380 9999
381 9795
382 9999
385 9999
386 9999
387 594
388 9999
389 8337
39 9999
390 9999
393 0
394 9999
395 9169
396 9999
397 9999
398 9999
399 838
40 9999
400 9999
401 9999
402 9999
403 9999
404 9999
405 9529
406 9999
407 784
408 9999
409 9999
41 9999
410 9999
411 9999
412 9999
414 9999
415 9999
42 858
420 5007
421 9999
422 4642
423 9999
424 9999
425 9999
426 253
427 9999
429 9999
43 9999
430 9999
432 9999
433 9999
435 6635
436 9999
437 29
438 9996
439 5032
440 9999
441 9999
442 9999
443 17
444 9999
445 36
446 9999
447 317
448 9999
449 9999
450 9999
453 8730
454 9999
455 9921
456 9999
457 9433
458 9999
460 710
461 9999
462 9999
463 9999
464 9999
465 9999
466 9999
467 9999
468 637
469 9999
471 9999
472 9999
474 158
475 9999
477 1
478 9999
479 39
480 9999
481 14
482 9999
484 9999
485 9999
488 46
489 9999
49 9999
490 9999
491 9999
492 9999
493 9999
494 9999
495 9999
497 9999
498 9999
499 9999
50 9999
500 9999
501 6255
502 9999
506 166
507 9999
51 6309
510 109
511 9999
513 9999
514 9999
517 6052
518 9999
519 774
52 9999
520 9999
521 5
522 9999
523 9999
524 9999
528 13
529 9999
53 9999
530 9999
531 9999
532 9
533 9995
534 778
535 9999
536 191
537 9999
538 9517
539 9999
54 9999
541 9971
542 9999
543 161
544 9999
547 9986
548 9999
549 6791
550 9999
551 9999
552 9999
554 9999
555 9999
557 0
558 9999
559 15
560 9999
57 3574
58 9999
59 328
6 65
60 9999
61 9999
62 9999
63 9999
64 9999
66 9999
67 952
68 9999
69 9999
7 9999
73 37
74 9999
75 9999
76 9999
77 9999
78 9999
79 8915
80 9999
82 6187
83 9999
84 9999
85 9999
86 9999
87 9999
88 7
89 9993
90 139
91 9999
92 70
93 9999
94 151
95 9999
96 9955
97 9999
99 9999
1 277
10 165
100 9999
105 9999
106 9986
107 9994
108 9999
109 9910
11 9999
110 9999
111 9999
112 9999
113 967
114 9999
115 5300
116 9999
119 9999
12 9999
120 9999
122 9955
123 9999
124 91
125 9999
126 57
127 9999
128 9999
129 9999
13 9999
130 9999
131 9999
132 9948
133 9999
134 9999
135 9999
136 9997
137 9999
138 526
139 9999
140 17
141 9999
142 8837
143 9999
144 9999
145 9999
146 9999
147 9999
149 9999
150 9999
151 54
152 9999
153 9999
154 9999
155 6107
156 9999
157 6921
158 9999
16 9999
160 9903
161 9983
162 1377
163 9999
164 31
165 9999
166 7423
167 9999
169 8474
17 9999
170 9999
172 9999
173 9999
174 18
175 9999
176 300
177 9999
178 6240
179 9999
180 9999
181 9999
182 6949
183 9999
184 6429
185 9999
186 1443
187 9999
188 9726
189 9999
19 6428
192 9999
193 9999
195 4
196 9999
198 9999
199 9999
2 9999
20 9999
200 9982
201 9999
202 9999
203 9999
204 9999
205 9999
206 5
207 9999
208 9143
209 9999
21 3
213 14
214 9999
216 1
217 9999
218 9999
219 9999
22 9999
220 1042
221 9999
222 9992
223 9999
224 9990
225 9999
226 1038
227 9999
228 9999
229 9999
230 9979
231 9999
232 9999
233 9999
235 9972
236 9999
238 9999
239 9999
24 65
240 9717
241 9999
242 9999
243 9999
244 9999
245 9999
247 9
248 9999
249 9990
25 9993
250 9999
251 9999
252 9999
253 25
254 9999
255 27
256 9999
257 9999
258 9999
259 39
260 9999
261 8658
262 9999
264 9999
265 9551
27 0
270 1129
271 9999
272 9997
273 9999
275 8062
276 9999
28 9999
280 885
281 9999
282 0
283 9999
284 967
285 9999
287 9999
288 9999
290 9624
291 9999
292 958
293 9999
295 9999
296 9999
297 6632
298 9999
299 9999
300 9999
301 9999
302 9999
303 9999
304 9999
307 9999
308 9999
31 9679
310 9999
311 9999
312 9999
313 9999
314 9999
315 9999
316 1
317 9999
318 9999
319 9999
32 9999
321 12
322 9992
323 9999
324 9999
327 895
328 9999
329 9999
33 1377
330 9999
331 9999
332 9999
334 9999
335 9999
336 43
337 9999
34 9999
343 9999
344 9999
345 9999
346 9999
348 9999
349 9999
352 0
353 9999
354 9999
355 9999
356 5621
357 9999
358 8420
359 9999
36 31
360 6803
361 9999
364 9999
365 9999
366 786
367 9999
368 8955
369 9999
37 9999
370 9757
371 9999
373 12
374 9999
375 9999
376 9999
377 9967
378 9999
379 9999
38 700
380 9999
381 9795
382 9999
385 9999
386 9999
387 594
388 9999
389 8337
39 9999
390 9999
393 0
394 9999
395 9169
396 9999
397 9999
398 9999
399 838
40 9999
400 9999
401 9999
402 9999
403 9999
404 9999
405 9529
406 9999
407 784
408 9999
409 9999
41 9999
410 9999
411 9999
412 9999
414 9999
415 9999
42 858
420 5007
421 9999
422 4642
423 9999
424 9999
425 9999
426 253
427 9999
429 9999
43 9999
430 9999
432 9999
433 9999
435 6635
436 9999
437 29
438 9996
439 5032
440 9999
441 9999
442 9999
443 17
444 9999
445 36
446 9999
447 317
448 9999
449 9999
450 9999
453 8730
454 9999
455 9921
456 9999
457 9433
458 9999
460 710
461 9999
462 9999
463 9999
464 9999
465 9999
466 9999
467 9999
468 637
469 9999
471 9999
472 9999
474 158
475 9999
477 1
478 9999
479 39
480 9999
481 14
482 9999
484 9999
485 9999
488 46
489 9999
49 9999
490 9999
491 9999
492 9999
493 9999
494 9999
495 9999
497 9999
498 9999
499 9999
50 9999
500 9999
501 6255
502 9999
506 166
507 9999
51 6309
510 109
511 9999
513 9999
514 9999
517 6052
518 9999
519 774
52 9999
520 9999
521 5
522 9999
523 9999
524 9999
528 13
529 9999
53 9999
530 9999
531 9999
532 9
533 9995
534 778
535 9999
536 191
537 9999
538 9517
539 9999
54 9999
541 9971
542 9999
543 161
544 9999
547 9986
548 9999
549 6791
550 9999
551 9999
552 9999
554 9999
555 9999
557 0
558 9999
559 15
560 9999
57 3574
58 9999
59 328
6 65
60 9999
61 9999
62 9999
63 9999
64 9999
66 9999
67 952
68 9999
69 9999
7 9999
73 37
74 9999
75 9999
76 9999
77 9999
78 9999
79 8915
80 9999
82 6187
83 9999
84 9999
85 9999
86 9999
87 9999
88 7
89 9993
90 139
91 9999
92 70
93 9999
94 151
95 9999
96 9955
97 9999
99 9999
