143 92
144 9999
155 0
156 9999
162 0
163 843
167 1172
168 9999
200 0
201 9681
237 0
238 9999
250 969
251 9999
291 3
292 9999
303 0
304 9999
328 9974
329 9999
338 110
339 9999
356 9995
357 9999
387 0
388 9434
454 9999
455 9996
515 0
516 84
638 1112
639 9999
640 4
641 9999
92 7
93 9999
143 92
144 9999
155 0
156 9999
162 0
163 843
167 1172
168 9999
200 0
201 9681
237 0
238 9999
250 969
251 9999
291 3
292 9999
303 0
304 9999
328 9974
329 9999
338 110
339 9999
356 9995
357 9999
387 0
388 9434
454 9999
455 9996
515 0
516 84
638 1112
639 9999
640 4
641 9999
92 7
93 9999
0 0
1 0
10 0
100 0
101 0
102 0
103 0
104 0
105 0
106 0
107 0
108 0
109 0
11 0
110 0
111 0
112 0
113 0
114 0
115 0
116 0
117 0
118 0
119 0
12 0
120 0
121 0
122 0
123 0
124 0
125 0
126 0
127 0
128 0
129 0
13 0
130 0
131 0
132 0
133 0
134 0
135 0
136 0
137 0
138 0
139 0
14 0
140 0
141 0
142 0
143 0
144 0
145 0
146 0
147 0
148 0
149 0
15 0
150 0
151 0
152 0
153 0
154 0
155 0
156 0
157 0
158 0
159 0
16 0
160 0
161 0
162 0
163 0
164 0
165 0
166 0
167 0
168 0
169 0
17 0
170 0
171 0
172 0
173 0
174 0
175 0
176 0
177 0
178 0
179 0
18 0
180 0
181 0
182 0
183 0
184 0
185 0
186 0
187 0
188 0
189 0
19 0
190 0
191 0
192 0
193 0
194 0
195 0
196 0
197 0
198 0
199 0
2 0
20 0
200 0
201 0
202 0
203 0
204 0
205 0
206 0
207 0
208 0
209 0
21 0
210 0
211 0
212 0
213 0
214 0
215 0
216 0
217 0
218 0
219 0
22 0
220 0
221 0
222 0
223 0
224 0
225 0
226 0
227 0
228 0
229 0
23 0
230 0
231 0
232 0
233 0
234 0
235 0
236 0
237 0
238 0
239 0
24 0
240 0
241 0
242 0
243 0
244 0
245 0
246 0
247 0
248 0
249 0
25 0
250 0
251 0
252 0
253 0
254 0
255 0
256 0
257 0
258 0
259 0
26 0
260 0
261 0
262 0
263 0
264 0
265 0
266 0
267 0
268 0
269 0
27 0
270 0
271 0
272 0
273 0
274 0
275 0
276 0
277 0
278 0
279 0
28 0
280 0
281 0
282 0
283 0
284 0
285 0
286 0
287 0
288 0
289 0
29 0
290 0
291 0
292 0
293 0
294 0
295 0
296 0
297 0
298 0
299 0
3 0
30 0
300 0
301 0
302 0
303 0
304 0
305 0
306 0
307 0
308 0
309 0
31 0
310 0
311 0
312 0
313 0
314 0
315 0
316 0
317 0
318 0
319 0
32 0
33 0
34 0
35 0
36 0
37 0
38 0
39 0
4 0
40 0
41 0
42 0
43 0
44 0
45 0
46 0
47 0
48 0
49 0
5 0
50 0
51 0
52 0
53 0
54 0
55 0
56 0
57 0
58 0
59 0
6 0
60 0
61 0
62 0
63 0
64 0
65 0
66 0
67 0
68 0
69 0
7 0
70 0
71 0
72 0
73 0
74 0
75 0
76 0
77 0
78 0
79 0
8 0
80 0
81 0
82 0
83 0
84 0
85 0
86 0
87 0
88 0
89 0
9 0
90 0
91 0
92 0
93 0
94 0
95 0
96 0
97 0
98 0
99 0
0 0
1 0
10 0
100 0
101 0
102 0
103 0
104 0
105 0
106 0
107 0
108 0
109 0
11 0
110 0
111 0
112 0
113 0
114 0
115 0
116 0
117 0
118 0
119 0
12 0
120 0
121 0
122 0
123 0
124 0
125 0
126 0
127 0
128 0
129 0
13 0
130 0
131 0
132 0
133 0
134 0
135 0
136 0
137 0
138 0
139 0
14 0
140 0
141 0
142 0
143 0
144 0
145 0
146 0
147 0
148 0
149 0
15 0
150 0
151 0
152 0
153 0
154 0
155 0
156 0
157 0
158 0
159 0
16 0
160 0
161 0
162 0
163 0
164 0
165 0
166 0
167 0
168 0
169 0
17 0
170 0
171 0
172 0
173 0
174 0
175 0
176 0
177 0
178 0
179 0
18 0
180 0
181 0
182 0
183 0
184 0
185 0
186 0
187 0
188 0
189 0
19 0
190 0
191 0
192 0
193 0
194 0
195 0
196 0
197 0
198 0
199 0
2 0
20 0
200 0
201 0
202 0
203 0
204 0
205 0
206 0
207 0
208 0
209 0
21 0
210 0
211 0
212 0
213 0
214 0
215 0
216 0
217 0
218 0
219 0
22 0
220 0
221 0
222 0
223 0
224 0
225 0
226 0
227 0
228 0
229 0
23 0
230 0
231 0
232 0
233 0
234 0
235 0
236 0
237 0
238 0
239 0
24 0
240 0
241 0
242 0
243 0
244 0
245 0
246 0
247 0
248 0
249 0
25 0
250 0
251 0
252 0
253 0
254 0
255 0
256 0
257 0
258 0
259 0
26 0
260 0
261 0
262 0
263 0
264 0
265 0
266 0
267 0
268 0
269 0
27 0
270 0
271 0
272 0
273 0
274 0
275 0
276 0
277 0
278 0
279 0
28 0
280 0
281 0
282 0
283 0
284 0
285 0
286 0
287 0
288 0
289 0
29 0
290 0
291 0
292 0
293 0
294 0
295 0
296 0
297 0
298 0
299 0
3 0
30 0
300 0
301 0
302 0
303 0
304 0
305 0
306 0
307 0
308 0
309 0
31 0
310 0
311 0
312 0
313 0
314 0
315 0
316 0
317 0
318 0
319 0
32 0
33 0
34 0
35 0
36 0
37 0
38 0
39 0
4 0
40 0
41 0
42 0
43 0
44 0
45 0
46 0
47 0
48 0
49 0
5 0
50 0
51 0
52 0
53 0
54 0
55 0
56 0
57 0
58 0
59 0
6 0
60 0
61 0
62 0
63 0
64 0
65 0
66 0
67 0
68 0
69 0
7 0
70 0
71 0
72 0
73 0
74 0
75 0
76 0
77 0
78 0
79 0
8 0
80 0
81 0
82 0
83 0
84 0
85 0
86 0
87 0
88 0
89 0
9 0
90 0
91 0
92 0
93 0
94 0
95 0
96 0
97 0
98 0
99 0
0 0
1 0
10 0
100 0
101 0
102 0
103 0
104 0
105 0
106 0
107 0
108 0
109 0
11 0
110 0
111 0
112 0
113 0
114 0
115 0
116 0
117 0
118 0
119 0
12 0
120 0
121 0
122 0
123 0
124 0
125 0
126 0
127 0
128 0
129 0
13 0
130 0
131 0
132 0
133 0
134 0
135 0
136 0
137 0
138 0
139 0
14 0
140 0
141 0
142 0
143 0
144 0
145 0
146 0
147 0
148 0
149 0
15 0
150 0
151 0
152 0
153 0
154 0
155 0
156 0
157 0
158 0
159 0
16 0
160 0
161 0
162 0
163 0
164 0
165 0
166 0
167 0
168 0
169 0
17 0
170 0
171 0
172 0
173 0
174 0
175 0
176 0
177 0
178 0
179 0
18 0
180 0
181 0
182 0
183 0
184 0
185 0
186 0
187 0
188 0
189 0
19 0
190 0
191 0
192 0
193 0
194 0
195 0
196 0
197 0
198 0
199 0
2 0
20 0
200 0
201 0
202 0
203 0
204 0
205 0
206 0
207 0
208 0
209 0
21 0
210 0
211 0
212 0
213 0
214 0
215 0
216 0
217 0
218 0
219 0
22 0
220 0
221 0
222 0
223 0
224 0
225 0
226 0
227 0
228 0
229 0
23 0
230 0
231 0
232 0
233 0
234 0
235 0
236 0
237 0
238 0
239 0
24 0
240 0
241 0
242 0
243 0
244 0
245 0
246 0
247 0
248 0
249 0
25 0
250 0
251 0
252 0
253 0
254 0
255 0
256 0
257 0
258 0
259 0
26 0
260 0
261 0
262 0
263 0
264 0
265 0
266 0
267 0
268 0
269 0
27 0
270 0
271 0
272 0
273 0
274 0
275 0
276 0
277 0
278 0
279 0
28 0
280 0
281 0
282 0
283 0
284 0
285 0
286 0
287 0
288 0
289 0
29 0
290 0
291 0
292 0
293 0
294 0
295 0
296 0
297 0
298 0
299 0
3 0
30 0
300 0
301 0
302 0
303 0
304 0
305 0
306 0
307 0
308 0
309 0
31 0
310 0
311 0
312 0
313 0
314 0
315 0
316 0
317 0
318 0
319 0
32 0
33 0
34 0
35 0
36 0
37 0
38 0
39 0
4 0
40 0
41 0
42 0
43 0
44 0
45 0
46 0
47 0
48 0
49 0
5 0
50 0
51 0
52 0
53 0
54 0
55 0
56 0
57 0
58 0
59 0
6 0
60 0
61 0
62 0
63 0
64 0
65 0
66 0
67 0
68 0
69 0
7 0
70 0
71 0
72 0
73 0
74 0
75 0
76 0
77 0
78 0
79 0
8 0
80 0
81 0
82 0
83 0
84 0
85 0
86 0
87 0
88 0
89 0
9 0
90 0
91 0
92 0
93 0
94 0
95 0
96 0
97 0
98 0
99 0
0 0
1 0
10 0
100 0
101 0
102 0
103 0
104 0
105 0
106 0
107 0
108 0
109 0
11 0
110 0
111 0
112 0
113 0
114 0
115 0
116 0
117 0
118 0
119 0
12 0
120 0
121 0
122 0
123 0
124 0
125 0
126 0
127 0
128 0
129 0
13 0
130 0
131 0
132 0
133 0
134 0
135 0
136 0
137 0
138 0
139 0
14 0
140 0
141 0
142 0
143 0
144 0
145 0
146 0
147 0
148 0
149 0
15 0
150 0
151 0
152 0
153 0
154 0
155 0
156 0
157 0
158 0
159 0
16 0
160 0
161 0
162 0
163 0
164 0
165 0
166 0
167 0
168 0
169 0
17 0
170 0
171 0
172 0
173 0
174 0
175 0
176 0
177 0
178 0
179 0
18 0
180 0
181 0
182 0
183 0
184 0
185 0
186 0
187 0
188 0
189 0
19 0
190 0
191 0
192 0
193 0
194 0
195 0
196 0
197 0
198 0
199 0
2 0
20 0
200 0
201 0
202 0
203 0
204 0
205 0
206 0
207 0
208 0
209 0
21 0
210 0
211 0
212 0
213 0
214 0
215 0
216 0
217 0
218 0
219 0
22 0
220 0
221 0
222 0
223 0
224 0
225 0
226 0
227 0
228 0
229 0
23 0
230 0
231 0
232 0
233 0
234 0
235 0
236 0
237 0
238 0
239 0
24 0
240 0
241 0
242 0
243 0
244 0
245 0
246 0
247 0
248 0
249 0
25 0
250 0
251 0
252 0
253 0
254 0
255 0
256 0
257 0
258 0
259 0
26 0
260 0
261 0
262 0
263 0
264 0
265 0
266 0
267 0
268 0
269 0
27 0
270 0
271 0
272 0
273 0
274 0
275 0
276 0
277 0
278 0
279 0
28 0
280 0
281 0
282 0
283 0
284 0
285 0
286 0
287 0
288 0
289 0
29 0
290 0
291 0
292 0
293 0
294 0
295 0
296 0
297 0
298 0
299 0
3 0
30 0
300 0
301 0
302 0
303 0
304 0
305 0
306 0
307 0
308 0
309 0
31 0
310 0
311 0
312 0
313 0
314 0
315 0
316 0
317 0
318 0
319 0
32 0
320 0
321 0
322 0
323 0
324 0
325 0
326 0
327 0
328 0
329 0
33 0
330 0
331 0
332 0
333 0
334 0
335 0
336 0
337 0
338 0
339 0
34 0
35 0
36 0
37 0
38 0
39 0
4 0
40 0
41 0
42 0
43 0
44 0
45 0
46 0
47 0
48 0
49 0
5 0
50 0
51 0
52 0
53 0
54 0
55 0
56 0
57 0
58 0
59 0
6 0
60 0
61 0
62 0
63 0
64 0
65 0
66 0
67 0
68 0
69 0
7 0
70 0
71 0
72 0
73 0
74 0
75 0
76 0
77 0
78 0
79 0
8 0
80 0
81 0
82 0
83 0
84 0
85 0
86 0
87 0
88 0
89 0
9 0
90 0
91 0
92 0
93 0
94 0
95 0
96 0
97 0
98 0
99 0
0 0
1 0
10 0
100 0
101 0
102 0
103 0
104 0
105 0
106 0
107 0
108 0
109 0
11 0
110 0
111 0
112 0
113 0
114 0
115 0
116 0
117 0
118 0
119 0
12 0
120 0
121 0
122 0
123 0
124 0
125 0
126 0
127 0
128 0
129 0
13 0
130 0
131 0
132 0
133 0
134 0
135 0
136 0
137 0
138 0
139 0
14 0
140 0
141 0
142 0
143 0
144 0
145 0
146 0
147 0
148 0
149 0
15 0
150 0
151 0
152 0
153 0
154 0
155 0
156 0
157 0
158 0
159 0
16 0
160 0
161 0
162 0
163 0
164 0
165 0
166 0
167 0
168 0
169 0
17 0
170 0
171 0
172 0
173 0
174 0
175 0
176 0
177 0
178 0
179 0
18 0
180 0
181 0
182 0
183 0
184 0
185 0
186 0
187 0
188 0
189 0
19 0
190 0
191 0
192 0
193 0
194 0
195 0
196 0
197 0
198 0
199 0
2 0
20 0
200 0
201 0
202 0
203 0
204 0
205 0
206 0
207 0
208 0
209 0
21 0
210 0
211 0
212 0
213 0
214 0
215 0
216 0
217 0
218 0
219 0
22 0
220 0
221 0
222 0
223 0
224 0
225 0
226 0
227 0
228 0
229 0
23 0
230 0
231 0
232 0
233 0
234 0
235 0
236 0
237 0
238 0
239 0
24 0
240 0
241 0
242 0
243 0
244 0
245 0
246 0
247 0
248 0
249 0
25 0
250 0
251 0
252 0
253 0
254 0
255 0
256 0
257 0
258 0
259 0
26 0
260 0
261 0
262 0
263 0
264 0
265 0
266 0
267 0
268 0
269 0
27 0
270 0
271 0
272 0
273 0
274 0
275 0
276 0
277 0
278 0
279 0
28 0
280 0
281 0
282 0
283 0
284 0
285 0
286 0
287 0
288 0
289 0
29 0
290 0
291 0
292 0
293 0
294 0
295 0
296 0
297 0
298 0
299 0
3 0
30 0
300 0
301 0
302 0
303 0
304 0
305 0
306 0
307 0
308 0
309 0
31 0
310 0
311 0
312 0
313 0
314 0
315 0
32 0
33 0
34 0
35 0
36 0
37 0
38 0
39 0
4 0
40 0
41 0
42 0
43 0
44 0
45 0
46 0
47 0
48 0
49 0
5 0
50 0
51 0
52 0
53 0
54 0
55 0
56 0
57 0
58 0
59 0
6 0
60 0
61 0
62 0
63 0
64 0
65 0
66 0
67 0
68 0
69 0
7 0
70 0
71 0
72 0
73 0
74 0
75 0
76 0
77 0
78 0
79 0
8 0
80 0
81 0
82 0
83 0
84 0
85 0
86 0
87 0
88 0
89 0
9 0
90 0
91 0
92 0
93 0
94 0
95 0
96 0
97 0
98 0
99 0
149 0
150 0
153 0
154 0
174 0
175 0
191 0
192 0
199 0
20 0
200 0
21 0
224 0
225 0
234 0
235 0
248 0
249 0
250 0
251 0
254 0
255 0
3 0
346 0
347 0
393 0
394 0
4 0
486 0
487 0
496 0
497 0
52 0
53 0
549 0
550 0
57 0
576 0
577 0
58 0
592 0
593 0
6 0
628 0
629 0
650 0
651 0
658 0
659 0
669 0
670 0
7 0
72 0
73 0
75 0
76 0
87 0
88 0
97 0
98 0
149 0
150 1
153 4
154 463
174 0
175 456
191 49
192 462
199 459
20 485
200 462
21 473
224 0
225 2
234 180
235 440
248 9
249 457
250 0
251 456
254 456
255 417
3 0
346 6
347 452
393 0
394 443
4 493
486 440
487 443
496 1
497 133
52 4
53 476
549 440
550 368
57 477
576 0
577 1
58 477
592 0
593 440
6 39
628 439
629 373
650 0
651 414
658 438
659 57
669 1
670 436
7 490
72 364
73 82
75 477
76 135
87 474
88 7
97 3
98 473
107 909
108 171
125 55
126 999
157 27
158 999
161 999
162 865
168 193
169 999
231 998
232 16
256 0
257 999
283 978
284 999
287 0
288 999
302 1
303 999
306 951
307 999
356 937
357 999
400 2
401 999
403 0
404 999
449 1
450 999
467 0
468 999
473 901
474 999
488 1
489 999
502 991
503 999
522 0
523 999
530 0
531 999
549 1
550 999
558 1
559 999
564 125
565 999
573 0
574 19
578 22
579 999
588 503
589 999
67 0
68 991
83 0
84 999
107 909
108 171
125 55
126 999
157 27
158 999
161 999
162 865
168 193
169 999
231 998
232 16
256 0
257 999
283 978
284 999
287 0
288 999
302 1
303 999
306 951
307 999
356 937
357 999
400 2
401 999
403 0
404 999
449 1
450 999
467 0
468 999
473 901
474 999
488 1
489 999
502 991
503 999
522 0
523 999
530 0
531 999
549 1
550 999
558 1
559 999
564 125
565 999
573 0
574 19
578 22
579 999
588 503
589 999
67 0
68 991
83 0
84 999
116 0
117 0
12 997
13 39
151 1
152 985
19 995
20 996
221 29
222 982
227 586
228 981
282 966
283 980
297 978
298 2
313 4
314 977
325 10
326 977
33 82
34 995
343 899
344 977
352 975
353 975
396 29
397 974
414 0
415 974
422 26
423 974
433 973
434 973
455 972
456 972
519 953
520 971
580 969
581 965
65 948
66 991
107 909
108 171
125 55
126 999
157 27
158 999
161 999
162 865
168 193
169 999
231 998
232 16
256 0
257 999
283 978
284 999
287 0
288 999
302 1
303 999
306 951
307 999
356 937
357 999
400 2
401 999
403 0
404 999
449 1
450 999
467 0
468 999
473 901
474 999
488 1
489 999
502 991
503 999
522 0
523 999
530 0
531 999
549 1
550 999
558 1
559 999
564 125
565 999
573 0
574 19
578 22
579 999
588 503
589 999
67 0
68 991
83 0
84 999
10 999
106 992
107 5
134 992
135 999
17 0
18 992
180 0
181 999
201 0
202 999
227 998
228 999
270 922
271 999
317 2
318 999
412 999
413 999
434 0
435 998
469 999
470 16
482 19
483 999
691 999
692 996
9 31
105 223
106 499
11 499
114 482
115 499
12 7
123 499
124 499
129 499
130 499
134 499
135 499
142 499
143 499
15 499
150 499
151 499
154 499
155 499
16 12
162 499
163 499
164 62
165 499
171 499
172 495
177 469
178 499
18 499
182 499
183 1
187 499
188 499
19 499
195 499
196 499
199 499
200 499
204 197
205 499
216 499
217 499
226 499
227 499
229 499
230 499
231 499
232 499
233 311
234 499
239 499
240 499
241 499
242 499
246 499
247 499
250 0
251 476
252 188
253 499
256 8
257 499
258 499
259 499
26 498
265 499
266 499
268 182
269 499
27 25
271 499
272 499
274 498
275 499
278 0
279 499
28 499
281 499
282 499
285 499
286 499
287 70
288 499
29 499
291 6
292 499
300 499
301 499
308 311
309 499
32 212
322 499
323 499
325 487
326 499
33 499
334 499
335 499
336 499
337 499
339 15
340 499
343 34
344 499
345 157
346 499
351 55
352 499
356 499
357 499
359 499
36 199
360 499
362 499
363 499
368 499
369 177
37 499
370 498
371 499
373 499
374 499
375 499
376 499
380 467
381 499
387 499
388 499
391 499
392 499
393 497
394 499
395 499
396 499
401 499
402 499
408 0
409 303
414 0
415 499
417 499
418 499
421 1
422 499
423 490
424 499
432 499
433 499
44 499
45 179
49 204
5 499
50 499
57 43
58 499
6 499
61 199
62 499
64 42
65 499
80 499
81 499
82 138
83 499
88 499
89 499
10 9999
100 9999
102 9999
103 9999
105 9999
106 9999
107 1360
108 9999
109 8653
11 9999
110 9999
111 0
112 9986
115 1377
116 9999
117 31
118 9999
123 9999
124 9999
126 300
127 9999
129 9999
130 9999
131 9999
132 9999
133 1443
134 9999
136 241
137 9999
138 852
139 9999
14 8538
142 9999
143 9999
145 9999
146 9999
15 9999
152 14
153 9999
156 9999
157 9999
158 1042
159 9999
162 1038
163 9999
164 5317
165 9999
166 9129
167 9999
170 9999
171 9999
172 9717
173 9999
174 9999
175 9999
178 216
179 9999
193 8062
194 9999
204 0
205 958
207 6632
208 9999
209 9999
21 8888
210 9999
211 9999
212 9999
215 771
216 9999
217 9999
218 9999
219 9999
22 9999
220 9999
222 9999
223 9999
225 12
226 9992
227 9999
228 9999
232 9999
233 9999
235 0
236 9999
237 0
238 9999
242 9999
243 9999
245 9999
246 9999
249 9999
250 9999
252 8420
253 9999
257 13
258 9999
26 1377
262 12
263 9999
264 9999
265 9999
266 9967
267 9999
268 9999
269 9999
27 9999
270 0
271 9981
277 9169
278 9999
279 760
280 9999
281 9999
282 9999
283 9999
284 9999
285 9999
286 9999
288 9717
289 9999
29 31
290 9999
291 9999
293 812
294 9999
298 9999
299 9999
30 9999
303 9999
304 9999
306 6635
307 9999
31 22
311 8802
312 9999
313 36
314 9999
32 9999
320 910
321 9999
323 710
324 9999
326 9892
327 9999
329 9999
33 858
330 9999
332 8
333 9994
336 14
337 9999
339 9999
34 9999
340 9999
344 9999
345 9999
346 6759
347 9999
349 9999
350 9999
351 246
352 9999
370 13
371 9999
374 9983
375 9999
379 9971
380 9999
387 9999
388 9999
40 6309
41 9999
44 303
45 9999
49 9999
50 9999
54 37
55 9999
56 9999
57 9999
58 159
59 9999
63 9999
64 9999
67 70
68 9999
69 151
70 9999
73 9999
74 9999
83 5300
84 9999
89 174
90 9999
93 950
94 9999
95 9999
96 9999
97 0
98 9993
99 17
10 9999
100 9999
102 9999
103 9999
105 9999
106 9999
107 1360
108 9999
109 8653
11 9999
110 9999
111 0
112 9986
115 1377
116 9999
117 31
118 9999
123 9999
124 9999
126 300
127 9999
129 9999
130 9999
131 9999
132 9999
133 1443
134 9999
136 241
137 9999
138 852
139 9999
14 8538
142 9999
143 9999
145 9999
146 9999
15 9999
152 14
153 9999
156 9999
157 9999
158 1042
159 9999
162 1038
163 9999
164 5317
165 9999
166 9129
167 9999
170 9999
171 9999
172 9717
173 9999
174 9999
175 9999
178 216
179 9999
193 8062
194 9999
204 0
205 958
207 6632
208 9999
209 9999
21 8888
210 9999
211 9999
212 9999
215 771
216 9999
217 9999
218 9999
219 9999
22 9999
220 9999
222 9999
223 9999
225 12
226 9992
227 9999
228 9999
232 9999
233 9999
235 0
236 9999
237 0
238 9999
242 9999
243 9999
245 9999
246 9999
249 9999
250 9999
252 8420
253 9999
257 13
258 9999
26 1377
262 12
263 9999
264 9999
265 9999
266 9967
267 9999
268 9999
269 9999
27 9999
270 0
271 9981
277 9169
278 9999
279 760
280 9999
281 9999
282 9999
283 9999
284 9999
285 9999
286 9999
288 9717
289 9999
29 31
290 9999
291 9999
293 812
294 9999
298 9999
299 9999
30 9999
303 9999
304 9999
306 6635
307 9999
31 22
311 8802
312 9999
313 36
314 9999
32 9999
320 910
321 9999
323 710
324 9999
326 9892
327 9999
329 9999
33 858
330 9999
332 8
333 9994
336 14
337 9999
339 9999
34 9999
340 9999
344 9999
345 9999
346 6759
347 9999
349 9999
350 9999
351 246
352 9999
370 13
371 9999
374 9983
375 9999
379 9971
380 9999
387 9999
388 9999
40 6309
41 9999
44 303
45 9999
49 9999
50 9999
54 37
55 9999
56 9999
57 9999
58 159
59 9999
63 9999
64 9999
67 70
68 9999
69 151
70 9999
73 9999
74 9999
83 5300
84 9999
89 174
90 9999
93 950
94 9999
95 9999
96 9999
97 0
98 9993
99 17
10 0
11 0
27 39
28 499
31 0
32 10
368 0
369 499
43 0
434 1
435 483
436 42
437 499
44 498
530 143
531 23
558 143
559 499
680 499
681 14
716 129
717 499
722 446
723 396
73 0
74 162
744 46
745 499
773 0
774 43
87 0
88 467
