100 9999
101 0
102 9997
106 7
107 9999
134 9996
135 9999
136 0
137 9999
139 9999
140 9996
145 9999
146 9999
154 92
155 9999
16 6491
166 0
167 9999
17 9996
170 1185
171 9999
180 1172
181 9999
203 607
204 9999
208 0
209 9576
225 6
226 9999
228 0
229 9972
231 9584
232 9187
241 0
242 9435
250 0
251 9999
263 969
264 9999
281 9974
282 9997
288 0
289 9999
306 9995
307 9999
308 9999
309 9999
311 6491
312 31
319 0
320 9999
330 9
331 9999
346 9974
347 9999
350 9999
351 9999
357 0
358 9999
359 110
360 9999
377 9995
378 9999
383 9999
384 9953
386 49
387 9999
39 0
393 0
394 9999
40 9995
405 1308
406 9999
409 0
410 9999
419 0
420 9999
439 0
44 9999
440 9999
45 7
455 9586
456 9999
46 0
47 9967
472 0
473 9999
481 9999
482 9996
483 41
484 9999
488 0
489 0
51 7
52 9999
530 7200
531 1341
538 972
539 9
54 9997
541 9440
542 9937
55 9999
572 847
573 9999
634 0
635 9997
643 6
644 9999
654 9966
655 9998
656 8817
657 9999
667 1112
668 9999
669 4
670 9999
675 7
676 9997
677 407
678 9999
692 6414
693 0
694 43
695 9996
75 9674
76 9999
85 7
86 9999
88 9999
89 33
99 7
100 9999
101 0
102 9997
106 7
107 9999
134 9996
135 9999
136 0
137 9999
139 9999
140 9996
145 9999
146 9999
154 92
155 9999
16 6491
166 0
167 9999
17 9996
170 1185
171 9999
180 1172
181 9999
203 607
204 9999
208 0
209 9576
225 6
226 9999
228 0
229 9972
231 9584
232 9187
241 0
242 9435
250 0
251 9999
263 969
264 9999
281 9974
282 9997
288 0
289 9999
306 9995
307 9999
308 9999
309 9999
311 6491
312 31
319 0
320 9999
330 9
331 9999
346 9974
347 9999
350 9999
351 9999
357 0
358 9999
359 110
360 9999
377 9995
378 9999
383 9999
384 9953
386 49
387 9999
39 0
393 0
394 9999
40 9995
405 1308
406 9999
409 0
410 9999
419 0
420 9999
439 0
44 9999
440 9999
45 7
455 9586
456 9999
46 0
47 9967
472 0
473 9999
481 9999
482 9996
483 41
484 9999
488 0
489 0
51 7
52 9999
530 7200
531 1341
538 972
539 9
54 9997
541 9440
542 9937
55 9999
572 847
573 9999
634 0
635 9997
643 6
644 9999
654 9966
655 9998
656 8817
657 9999
667 1112
668 9999
669 4
670 9999
675 7
676 9997
677 407
678 9999
692 6414
693 0
694 43
695 9996
75 9674
76 9999
85 7
86 9999
88 9999
89 33
99 7
0 0
1 0
10 0
100 0
101 0
102 0
103 0
104 0
105 0
106 0
107 0
108 0
109 0
11 0
110 0
111 0
112 0
113 0
114 0
115 0
116 0
117 0
118 0
119 0
12 0
120 0
121 0
122 0
123 0
124 0
125 0
126 0
127 0
128 0
129 0
13 0
130 0
131 0
132 0
133 0
134 0
135 0
136 0
137 0
138 0
139 0
14 0
140 0
141 0
142 0
143 0
144 0
145 0
146 0
147 0
148 0
149 0
15 0
150 0
151 0
152 0
153 0
154 0
155 0
156 0
157 0
158 0
159 0
16 0
160 0
161 0
162 0
163 0
164 0
165 0
166 0
167 0
168 0
169 0
17 0
170 0
171 0
172 0
173 0
174 0
175 0
176 0
177 0
178 0
179 0
18 0
180 0
181 0
182 0
183 0
184 0
185 0
186 0
187 0
188 0
189 0
19 0
190 0
191 0
192 0
193 0
194 0
195 0
196 0
197 0
198 0
199 0
2 0
20 0
200 0
201 0
202 0
203 0
204 0
205 0
206 0
207 0
208 0
209 0
21 0
210 0
211 0
212 0
213 0
214 0
215 0
216 0
217 0
218 0
219 0
22 0
220 0
221 0
222 0
223 0
224 0
225 0
226 0
227 0
228 0
229 0
23 0
230 0
231 0
232 0
233 0
234 0
235 0
236 0
237 0
238 0
239 0
24 0
240 0
241 0
242 0
243 0
244 0
245 0
246 0
247 0
248 0
249 0
25 0
250 0
251 0
252 0
253 0
254 0
255 0
256 0
257 0
258 0
259 0
26 0
260 0
261 0
262 0
263 0
264 0
265 0
266 0
267 0
268 0
269 0
27 0
270 0
271 0
272 0
273 0
274 0
275 0
276 0
277 0
278 0
279 0
28 0
280 0
281 0
282 0
283 0
284 0
285 0
286 0
287 0
288 0
289 0
29 0
290 0
291 0
292 0
293 0
294 0
295 0
296 0
297 0
298 0
299 0
3 0
30 0
300 0
301 0
302 0
303 0
304 0
305 0
306 0
307 0
308 0
309 0
31 0
310 0
311 0
312 0
313 0
314 0
315 0
316 0
317 0
318 0
319 0
32 0
320 0
321 0
322 0
323 0
324 0
325 0
326 0
327 0
328 0
329 0
33 0
330 0
331 0
332 0
333 0
334 0
335 0
336 0
337 0
338 0
339 0
34 0
340 0
341 0
342 0
343 0
344 0
345 0
346 0
347 0
348 0
349 0
35 0
350 0
351 0
352 0
353 0
354 0
355 0
356 0
357 0
358 0
359 0
36 0
360 0
361 0
362 0
363 0
364 0
365 0
366 0
367 0
368 0
369 0
37 0
370 0
371 0
372 0
373 0
374 0
375 0
376 0
377 0
378 0
379 0
38 0
380 0
381 0
382 0
383 0
384 0
385 0
386 0
387 0
388 0
389 0
39 0
390 0
391 0
392 0
393 0
394 0
395 0
396 0
397 0
398 0
399 0
4 0
40 0
400 0
401 0
402 0
403 0
404 0
405 0
406 0
407 0
408 0
409 0
41 0
410 0
411 0
412 0
413 0
414 0
415 0
416 0
417 0
418 0
419 0
42 0
420 0
421 0
422 0
423 0
424 0
425 0
426 0
427 0
428 0
429 0
43 0
430 0
431 0
432 0
433 0
434 0
435 0
436 0
437 0
438 0
439 0
44 0
440 0
441 0
442 0
443 0
444 0
445 0
446 0
447 0
448 0
449 0
45 0
450 0
451 0
452 0
453 0
454 0
455 0
456 0
457 0
458 0
459 0
46 0
460 0
461 0
462 0
463 0
464 0
465 0
466 0
467 0
468 0
469 0
47 0
470 0
471 0
472 0
473 0
474 0
475 0
476 0
477 0
478 0
479 0
48 0
480 0
481 0
482 0
483 0
484 0
485 0
486 0
487 0
488 0
489 0
49 0
490 0
491 0
492 0
493 0
494 0
495 0
496 0
497 0
498 0
499 0
5 0
50 0
500 0
501 0
502 0
503 0
504 0
505 0
506 0
507 0
508 0
509 0
51 0
510 0
511 0
512 0
513 0
514 0
515 0
516 0
517 0
518 0
519 0
52 0
520 0
521 0
522 0
523 0
524 0
525 0
526 0
527 0
528 0
529 0
53 0
530 0
531 0
532 0
533 0
534 0
535 0
536 0
537 0
538 0
539 0
54 0
540 0
541 0
542 0
543 0
544 0
545 0
546 0
547 0
548 0
549 0
55 0
550 0
551 0
552 0
553 0
56 0
57 0
58 0
59 0
6 0
60 0
61 0
62 0
63 0
64 0
65 0
66 0
67 0
68 0
69 0
7 0
70 0
71 0
72 0
73 0
74 0
75 0
76 0
77 0
78 0
79 0
8 0
80 0
81 0
82 0
83 0
84 0
85 0
86 0
87 0
88 0
89 0
9 0
90 0
91 0
92 0
93 0
94 0
95 0
96 0
97 0
98 0
99 0
0 0
1 0
10 0
100 0
101 0
102 0
103 0
104 0
105 0
106 0
107 0
108 0
109 0
11 0
110 0
111 0
112 0
113 0
114 0
115 0
116 0
117 0
118 0
119 0
12 0
120 0
121 0
122 0
123 0
124 0
125 0
126 0
127 0
128 0
129 0
13 0
130 0
131 0
132 0
133 0
134 0
135 0
136 0
137 0
138 0
139 0
14 0
140 0
141 0
142 0
143 0
144 0
145 0
146 0
147 0
148 0
149 0
15 0
150 0
151 0
152 0
153 0
154 0
155 0
156 0
157 0
158 0
159 0
16 0
160 0
161 0
162 0
163 0
164 0
165 0
166 0
167 0
168 0
169 0
17 0
170 0
171 0
172 0
173 0
174 0
175 0
176 0
177 0
178 0
179 0
18 0
180 0
181 0
182 0
183 0
184 0
185 0
186 0
187 0
188 0
189 0
19 0
190 0
191 0
192 0
193 0
194 0
195 0
196 0
197 0
198 0
199 0
2 0
20 0
200 0
201 0
202 0
203 0
204 0
205 0
206 0
207 0
208 0
209 0
21 0
210 0
211 0
212 0
213 0
214 0
215 0
216 0
217 0
218 0
219 0
22 0
220 0
221 0
222 0
223 0
224 0
225 0
226 0
227 0
228 0
229 0
23 0
230 0
231 0
232 0
233 0
234 0
235 0
236 0
237 0
238 0
239 0
24 0
240 0
241 0
242 0
243 0
244 0
245 0
246 0
247 0
248 0
249 0
25 0
250 0
251 0
252 0
253 0
254 0
255 0
256 0
257 0
258 0
259 0
26 0
260 0
261 0
262 0
263 0
264 0
265 0
266 0
267 0
268 0
269 0
27 0
270 0
271 0
272 0
273 0
274 0
275 0
276 0
277 0
278 0
279 0
28 0
280 0
281 0
282 0
283 0
284 0
285 0
286 0
287 0
288 0
289 0
29 0
290 0
291 0
292 0
293 0
294 0
295 0
296 0
297 0
298 0
299 0
3 0
30 0
300 0
301 0
302 0
303 0
304 0
305 0
306 0
307 0
308 0
309 0
31 0
310 0
311 0
312 0
313 0
314 0
315 0
316 0
317 0
318 0
319 0
32 0
320 0
321 0
322 0
323 0
324 0
325 0
326 0
327 0
328 0
329 0
33 0
330 0
331 0
332 0
333 0
334 0
335 0
336 0
337 0
338 0
339 0
34 0
340 0
341 0
342 0
343 0
344 0
345 0
346 0
347 0
348 0
349 0
35 0
350 0
351 0
352 0
353 0
354 0
355 0
356 0
357 0
358 0
359 0
36 0
360 0
361 0
362 0
363 0
364 0
365 0
366 0
367 0
368 0
369 0
37 0
370 0
371 0
372 0
373 0
374 0
375 0
376 0
377 0
378 0
379 0
38 0
380 0
381 0
382 0
383 0
384 0
385 0
386 0
387 0
388 0
389 0
39 0
390 0
391 0
392 0
393 0
394 0
395 0
396 0
397 0
398 0
399 0
4 0
40 0
400 0
401 0
402 0
403 0
404 0
405 0
406 0
407 0
408 0
409 0
41 0
410 0
411 0
412 0
413 0
414 0
415 0
416 0
417 0
418 0
419 0
42 0
420 0
421 0
422 0
423 0
424 0
425 0
426 0
427 0
428 0
429 0
43 0
430 0
431 0
432 0
433 0
434 0
435 0
436 0
437 0
438 0
439 0
44 0
440 0
441 0
442 0
443 0
444 0
445 0
446 0
447 0
448 0
449 0
45 0
450 0
451 0
452 0
453 0
454 0
455 0
456 0
457 0
458 0
459 0
46 0
460 0
461 0
462 0
463 0
464 0
465 0
466 0
467 0
468 0
469 0
47 0
470 0
471 0
472 0
473 0
474 0
475 0
476 0
477 0
478 0
479 0
48 0
480 0
481 0
482 0
483 0
484 0
485 0
486 0
487 0
488 0
489 0
49 0
490 0
491 0
492 0
493 0
494 0
495 0
496 0
497 0
498 0
499 0
5 0
50 0
500 0
501 0
502 0
503 0
504 0
505 0
506 0
507 0
508 0
509 0
51 0
510 0
511 0
512 0
513 0
514 0
515 0
516 0
517 0
518 0
519 0
52 0
520 0
521 0
522 0
523 0
524 0
525 0
526 0
527 0
528 0
529 0
53 0
530 0
531 0
532 0
533 0
534 0
535 0
536 0
537 0
538 0
539 0
54 0
540 0
541 0
542 0
543 0
544 0
545 0
546 0
547 0
548 0
549 0
55 0
550 0
551 0
552 0
553 0
56 0
57 0
58 0
59 0
6 0
60 0
61 0
62 0
63 0
64 0
65 0
66 0
67 0
68 0
69 0
7 0
70 0
71 0
72 0
73 0
74 0
75 0
76 0
77 0
78 0
79 0
8 0
80 0
81 0
82 0
83 0
84 0
85 0
86 0
87 0
88 0
89 0
9 0
90 0
91 0
92 0
93 0
94 0
95 0
96 0
97 0
98 0
99 0
0 0
1 0
10 0
100 0
101 0
102 0
103 0
104 0
105 0
106 0
107 0
108 0
109 0
11 0
110 0
111 0
112 0
113 0
114 0
115 0
116 0
117 0
118 0
119 0
12 0
120 0
121 0
122 0
123 0
124 0
125 0
126 0
127 0
128 0
129 0
13 0
130 0
131 0
132 0
133 0
134 0
135 0
136 0
137 0
138 0
139 0
14 0
140 0
141 0
142 0
143 0
144 0
145 0
146 0
147 0
148 0
149 0
15 0
150 0
151 0
152 0
153 0
154 0
155 0
156 0
157 0
158 0
159 0
16 0
160 0
161 0
162 0
163 0
164 0
165 0
166 0
167 0
168 0
169 0
17 0
170 0
171 0
172 0
173 0
174 0
175 0
176 0
177 0
178 0
179 0
18 0
180 0
181 0
182 0
183 0
184 0
185 0
186 0
187 0
188 0
189 0
19 0
190 0
191 0
192 0
193 0
194 0
195 0
196 0
197 0
198 0
199 0
2 0
20 0
200 0
201 0
202 0
203 0
204 0
205 0
206 0
207 0
208 0
209 0
21 0
210 0
211 0
212 0
213 0
214 0
215 0
216 0
217 0
218 0
219 0
22 0
220 0
221 0
222 0
223 0
224 0
225 0
226 0
227 0
228 0
229 0
23 0
230 0
231 0
232 0
233 0
234 0
235 0
236 0
237 0
238 0
239 0
24 0
240 0
241 0
242 0
243 0
244 0
245 0
246 0
247 0
248 0
249 0
25 0
250 0
251 0
252 0
253 0
254 0
255 0
256 0
257 0
258 0
259 0
26 0
260 0
261 0
262 0
263 0
264 0
265 0
266 0
267 0
268 0
269 0
27 0
270 0
271 0
272 0
273 0
274 0
275 0
276 0
277 0
278 0
279 0
28 0
280 0
281 0
282 0
283 0
284 0
285 0
286 0
287 0
288 0
289 0
29 0
290 0
291 0
292 0
293 0
294 0
295 0
296 0
297 0
298 0
299 0
3 0
30 0
300 0
301 0
302 0
303 0
304 0
305 0
306 0
307 0
308 0
309 0
31 0
310 0
311 0
312 0
313 0
314 0
315 0
316 0
317 0
318 0
319 0
32 0
320 0
321 0
322 0
323 0
324 0
325 0
326 0
327 0
328 0
329 0
33 0
330 0
331 0
332 0
333 0
334 0
335 0
336 0
337 0
338 0
339 0
34 0
340 0
341 0
342 0
343 0
344 0
345 0
346 0
347 0
348 0
349 0
35 0
350 0
351 0
352 0
353 0
354 0
355 0
356 0
357 0
358 0
359 0
36 0
360 0
361 0
362 0
363 0
364 0
365 0
366 0
367 0
368 0
369 0
37 0
370 0
371 0
372 0
373 0
374 0
375 0
376 0
377 0
378 0
379 0
38 0
380 0
381 0
382 0
383 0
384 0
385 0
386 0
387 0
388 0
389 0
39 0
390 0
391 0
392 0
393 0
394 0
395 0
396 0
397 0
398 0
399 0
4 0
40 0
400 0
401 0
402 0
403 0
404 0
405 0
406 0
407 0
408 0
409 0
41 0
410 0
411 0
412 0
413 0
414 0
415 0
416 0
417 0
418 0
419 0
42 0
420 0
421 0
422 0
423 0
424 0
425 0
426 0
427 0
428 0
429 0
43 0
430 0
431 0
432 0
433 0
434 0
435 0
436 0
437 0
438 0
439 0
44 0
440 0
441 0
442 0
443 0
444 0
445 0
446 0
447 0
448 0
449 0
45 0
450 0
451 0
452 0
453 0
454 0
455 0
456 0
457 0
458 0
459 0
46 0
460 0
461 0
462 0
463 0
464 0
465 0
466 0
467 0
468 0
469 0
47 0
470 0
471 0
472 0
473 0
474 0
475 0
476 0
477 0
478 0
479 0
48 0
480 0
481 0
482 0
483 0
484 0
485 0
486 0
487 0
488 0
489 0
49 0
490 0
491 0
492 0
493 0
494 0
495 0
496 0
497 0
498 0
499 0
5 0
50 0
500 0
501 0
502 0
503 0
504 0
505 0
506 0
507 0
508 0
509 0
51 0
510 0
511 0
512 0
513 0
514 0
515 0
516 0
517 0
518 0
519 0
52 0
520 0
521 0
522 0
523 0
524 0
525 0
526 0
527 0
528 0
529 0
53 0
530 0
531 0
532 0
533 0
534 0
535 0
536 0
537 0
538 0
539 0
54 0
540 0
541 0
542 0
543 0
544 0
545 0
546 0
547 0
548 0
549 0
55 0
550 0
551 0
552 0
553 0
56 0
57 0
58 0
59 0
6 0
60 0
61 0
62 0
63 0
64 0
65 0
66 0
67 0
68 0
69 0
7 0
70 0
71 0
72 0
73 0
74 0
75 0
76 0
77 0
78 0
79 0
8 0
80 0
81 0
82 0
83 0
84 0
85 0
86 0
87 0
88 0
89 0
9 0
90 0
91 0
92 0
93 0
94 0
95 0
96 0
97 0
98 0
99 0
0 0
1 0
10 0
100 0
101 0
102 0
103 0
104 0
105 0
106 0
107 0
108 0
109 0
11 0
110 0
111 0
112 0
113 0
114 0
115 0
116 0
117 0
118 0
119 0
12 0
120 0
121 0
122 0
123 0
124 0
125 0
126 0
127 0
128 0
129 0
13 0
130 0
131 0
132 0
133 0
134 0
135 0
136 0
137 0
138 0
139 0
14 0
140 0
141 0
142 0
143 0
144 0
145 0
146 0
147 0
148 0
149 0
15 0
150 0
151 0
152 0
153 0
154 0
155 0
156 0
157 0
158 0
159 0
16 0
160 0
161 0
162 0
163 0
164 0
165 0
166 0
167 0
168 0
169 0
17 0
170 0
171 0
172 0
173 0
174 0
175 0
176 0
177 0
178 0
179 0
18 0
180 0
181 0
182 0
183 0
184 0
185 0
186 0
187 0
188 0
189 0
19 0
190 0
191 0
192 0
193 0
194 0
195 0
196 0
197 0
198 0
199 0
2 0
20 0
200 0
201 0
202 0
203 0
204 0
205 0
206 0
207 0
208 0
209 0
21 0
210 0
211 0
212 0
213 0
214 0
215 0
216 0
217 0
218 0
219 0
22 0
220 0
221 0
222 0
223 0
224 0
225 0
226 0
227 0
228 0
229 0
23 0
230 0
231 0
232 0
233 0
234 0
235 0
236 0
237 0
238 0
239 0
24 0
240 0
241 0
242 0
243 0
244 0
245 0
246 0
247 0
248 0
249 0
25 0
250 0
251 0
252 0
253 0
254 0
255 0
256 0
257 0
258 0
259 0
26 0
260 0
261 0
262 0
263 0
264 0
265 0
266 0
267 0
268 0
269 0
27 0
270 0
271 0
272 0
273 0
274 0
275 0
276 0
277 0
278 0
279 0
28 0
280 0
281 0
282 0
283 0
284 0
285 0
286 0
287 0
288 0
289 0
29 0
290 0
291 0
292 0
293 0
294 0
295 0
296 0
297 0
298 0
299 0
3 0
30 0
300 0
301 0
302 0
303 0
304 0
305 0
306 0
307 0
308 0
309 0
31 0
310 0
311 0
312 0
313 0
314 0
315 0
316 0
317 0
318 0
319 0
32 0
320 0
321 0
322 0
323 0
324 0
325 0
326 0
327 0
328 0
329 0
33 0
330 0
331 0
332 0
333 0
334 0
335 0
336 0
337 0
338 0
339 0
34 0
340 0
341 0
342 0
343 0
344 0
345 0
346 0
347 0
348 0
349 0
35 0
350 0
351 0
352 0
353 0
354 0
355 0
356 0
357 0
358 0
359 0
36 0
360 0
361 0
362 0
363 0
364 0
365 0
366 0
367 0
368 0
369 0
37 0
370 0
371 0
372 0
373 0
374 0
375 0
376 0
377 0
378 0
379 0
38 0
380 0
381 0
382 0
383 0
384 0
385 0
386 0
387 0
388 0
389 0
39 0
390 0
391 0
392 0
393 0
394 0
395 0
396 0
397 0
398 0
399 0
4 0
40 0
400 0
401 0
402 0
403 0
404 0
405 0
406 0
407 0
408 0
409 0
41 0
410 0
411 0
412 0
413 0
414 0
415 0
416 0
417 0
418 0
419 0
42 0
420 0
421 0
422 0
423 0
424 0
425 0
426 0
427 0
428 0
429 0
43 0
430 0
431 0
432 0
433 0
434 0
435 0
436 0
437 0
438 0
439 0
44 0
440 0
441 0
442 0
443 0
444 0
445 0
446 0
447 0
448 0
449 0
45 0
450 0
451 0
452 0
453 0
454 0
455 0
456 0
457 0
458 0
459 0
46 0
460 0
461 0
462 0
463 0
464 0
465 0
466 0
467 0
468 0
469 0
47 0
470 0
471 0
472 0
473 0
474 0
475 0
476 0
477 0
478 0
479 0
48 0
480 0
481 0
482 0
483 0
484 0
485 0
486 0
487 0
488 0
489 0
49 0
490 0
491 0
492 0
493 0
494 0
495 0
496 0
497 0
498 0
499 0
5 0
50 0
500 0
501 0
502 0
503 0
504 0
505 0
506 0
507 0
508 0
509 0
51 0
510 0
511 0
512 0
513 0
514 0
515 0
516 0
517 0
518 0
519 0
52 0
520 0
521 0
522 0
523 0
524 0
525 0
526 0
527 0
528 0
529 0
53 0
530 0
531 0
532 0
533 0
534 0
535 0
536 0
537 0
538 0
539 0
54 0
540 0
541 0
542 0
543 0
544 0
545 0
546 0
547 0
548 0
549 0
55 0
550 0
551 0
552 0
553 0
554 0
555 0
556 0
557 0
558 0
559 0
56 0
57 0
58 0
59 0
6 0
60 0
61 0
62 0
63 0
64 0
65 0
66 0
67 0
68 0
69 0
7 0
70 0
71 0
72 0
73 0
74 0
75 0
76 0
77 0
78 0
79 0
8 0
80 0
81 0
82 0
83 0
84 0
85 0
86 0
87 0
88 0
89 0
9 0
90 0
91 0
92 0
93 0
94 0
95 0
96 0
97 0
98 0
99 0
0 0
1 0
10 0
100 0
101 0
102 0
103 0
104 0
105 0
106 0
107 0
108 0
109 0
11 0
110 0
111 0
112 0
113 0
114 0
115 0
116 0
117 0
118 0
119 0
12 0
120 0
121 0
122 0
123 0
124 0
125 0
126 0
127 0
128 0
129 0
13 0
130 0
131 0
132 0
133 0
134 0
135 0
136 0
137 0
138 0
139 0
14 0
140 0
141 0
142 0
143 0
144 0
145 0
146 0
147 0
148 0
149 0
15 0
150 0
151 0
152 0
153 0
154 0
155 0
156 0
157 0
158 0
159 0
16 0
160 0
161 0
162 0
163 0
164 0
165 0
166 0
167 0
168 0
169 0
17 0
170 0
171 0
172 0
173 0
174 0
175 0
176 0
177 0
178 0
179 0
18 0
180 0
181 0
182 0
183 0
184 0
185 0
186 0
187 0
188 0
189 0
19 0
190 0
191 0
192 0
193 0
194 0
195 0
196 0
197 0
198 0
199 0
2 0
20 0
200 0
201 0
202 0
203 0
204 0
205 0
206 0
207 0
208 0
209 0
21 0
210 0
211 0
212 0
213 0
214 0
215 0
216 0
217 0
218 0
219 0
22 0
220 0
221 0
222 0
223 0
224 0
225 0
226 0
227 0
228 0
229 0
23 0
230 0
231 0
232 0
233 0
234 0
235 0
236 0
237 0
238 0
239 0
24 0
240 0
241 0
242 0
243 0
244 0
245 0
246 0
247 0
248 0
249 0
25 0
250 0
251 0
252 0
253 0
254 0
255 0
256 0
257 0
258 0
259 0
26 0
260 0
261 0
262 0
263 0
264 0
265 0
266 0
267 0
268 0
269 0
27 0
270 0
271 0
272 0
273 0
274 0
275 0
276 0
277 0
278 0
279 0
28 0
280 0
281 0
282 0
283 0
284 0
285 0
286 0
287 0
288 0
289 0
29 0
290 0
291 0
292 0
293 0
294 0
295 0
296 0
297 0
298 0
299 0
3 0
30 0
300 0
301 0
302 0
303 0
304 0
305 0
306 0
307 0
308 0
309 0
31 0
310 0
311 0
312 0
313 0
314 0
315 0
316 0
317 0
318 0
319 0
32 0
320 0
321 0
322 0
323 0
324 0
325 0
326 0
327 0
328 0
329 0
33 0
330 0
331 0
332 0
333 0
334 0
335 0
336 0
337 0
338 0
339 0
34 0
340 0
341 0
342 0
343 0
344 0
345 0
346 0
347 0
348 0
349 0
35 0
350 0
351 0
352 0
353 0
354 0
355 0
356 0
357 0
358 0
359 0
36 0
360 0
361 0
362 0
363 0
364 0
365 0
366 0
367 0
368 0
369 0
37 0
370 0
371 0
372 0
373 0
374 0
375 0
376 0
377 0
378 0
379 0
38 0
380 0
381 0
382 0
383 0
384 0
385 0
386 0
387 0
388 0
389 0
39 0
390 0
391 0
392 0
393 0
394 0
395 0
396 0
397 0
398 0
399 0
4 0
40 0
400 0
401 0
402 0
403 0
404 0
405 0
406 0
407 0
408 0
409 0
41 0
410 0
411 0
412 0
413 0
414 0
415 0
416 0
417 0
418 0
419 0
42 0
420 0
421 0
422 0
423 0
424 0
425 0
426 0
427 0
428 0
429 0
43 0
430 0
431 0
432 0
433 0
434 0
435 0
436 0
437 0
438 0
439 0
44 0
440 0
441 0
442 0
443 0
444 0
445 0
446 0
447 0
448 0
449 0
45 0
450 0
451 0
452 0
453 0
454 0
455 0
456 0
457 0
458 0
459 0
46 0
460 0
461 0
462 0
463 0
464 0
465 0
466 0
467 0
468 0
469 0
47 0
470 0
471 0
472 0
473 0
474 0
475 0
476 0
477 0
478 0
479 0
48 0
480 0
481 0
482 0
483 0
484 0
485 0
486 0
487 0
488 0
489 0
49 0
490 0
491 0
492 0
493 0
494 0
495 0
496 0
497 0
498 0
499 0
5 0
50 0
500 0
501 0
502 0
503 0
504 0
505 0
506 0
507 0
508 0
509 0
51 0
510 0
511 0
512 0
513 0
514 0
515 0
516 0
517 0
518 0
519 0
52 0
520 0
521 0
522 0
523 0
524 0
525 0
526 0
527 0
528 0
529 0
53 0
530 0
531 0
532 0
533 0
534 0
535 0
536 0
537 0
538 0
539 0
54 0
540 0
541 0
542 0
543 0
544 0
545 0
546 0
547 0
548 0
549 0
55 0
550 0
551 0
552 0
553 0
56 0
57 0
58 0
59 0
6 0
60 0
61 0
62 0
63 0
64 0
65 0
66 0
67 0
68 0
69 0
7 0
70 0
71 0
72 0
73 0
74 0
75 0
76 0
77 0
78 0
79 0
8 0
80 0
81 0
82 0
83 0
84 0
85 0
86 0
87 0
88 0
89 0
9 0
90 0
91 0
92 0
93 0
94 0
95 0
96 0
97 0
98 0
99 0
113 0
114 0
118 0
119 0
126 0
127 0
146 0
147 0
151 0
152 0
161 0
162 0
175 0
176 0
18 0
187 0
188 0
19 0
216 0
217 0
236 0
237 0
239 0
240 0
258 0
259 0
264 0
265 0
281 0
282 0
287 0
288 0
289 0
290 0
291 0
292 0
294 0
295 0
3 0
304 0
305 0
313 0
314 0
316 0
317 0
319 0
320 0
331 0
332 0
341 0
342 0
35 0
359 0
36 0
360 0
370 0
371 0
376 0
377 0
380 0
381 0
387 0
388 0
392 0
393 0
397 0
398 0
4 0
40 0
406 0
407 0
41 0
413 0
414 0
423 0
424 0
426 0
427 0
436 0
437 0
441 0
442 0
454 0
455 0
456 0
457 0
466 0
467 0
469 0
470 0
474 0
475 0
477 0
478 0
479 0
480 0
487 0
488 0
492 0
493 0
504 0
505 0
507 0
508 0
512 0
513 0
520 0
521 0
527 0
528 0
535 0
536 0
538 0
539 0
551 0
552 0
553 0
554 0
559 0
560 0
561 0
562 0
580 0
581 0
586 0
587 0
591 0
592 0
60 0
606 0
607 0
61 0
611 0
612 0
622 0
623 0
627 0
628 0
634 0
635 0
644 0
645 0
648 0
649 0
660 0
661 0
664 0
665 0
667 0
668 0
672 0
673 0
675 0
676 0
68 0
69 0
693 0
694 0
704 0
705 0
717 0
718 0
72 0
720 0
721 0
723 0
724 0
726 0
727 0
73 0
730 0
731 0
76 0
77 0
79 0
80 0
88 0
89 0
95 0
96 0
113 29
114 469
118 6
119 468
126 466
127 466
146 462
147 430
151 0
152 465
161 461
162 461
175 17
176 461
18 416
187 0
188 27
19 488
216 3
217 457
236 0
237 455
239 454
240 454
258 362
259 131
264 65
265 452
281 4
282 452
287 9
288 450
289 76
290 452
291 5
292 452
294 452
295 450
3 10
304 414
305 452
313 313
314 451
316 430
317 451
319 447
320 447
331 407
332 444
341 0
342 144
35 481
359 7
36 167
360 451
370 0
371 451
376 1
377 451
380 0
381 147
387 451
388 41
392 22
393 450
397 446
398 450
4 494
40 481
406 0
407 178
41 481
413 449
414 443
423 344
424 450
426 0
427 450
436 449
437 40
441 23
442 449
454 5
455 449
456 123
457 448
466 409
467 447
469 447
470 394
474 447
475 442
477 443
478 447
479 0
480 447
487 0
488 76
492 43
493 446
504 1
505 446
507 44
508 446
512 1
513 445
520 219
521 445
527 99
528 413
535 441
536 442
538 414
539 441
551 20
552 441
553 13
554 441
559 129
560 441
561 33
562 441
580 0
581 439
586 441
587 438
591 440
592 7
60 2
606 97
607 439
61 477
611 439
612 10
622 312
623 439
627 0
628 438
634 155
635 86
644 111
645 438
648 0
649 71
660 21
661 437
664 98
665 437
667 437
668 437
672 437
673 437
675 94
676 437
68 173
69 475
693 437
694 437
704 412
705 435
717 437
718 9
72 473
720 228
721 437
723 437
724 437
726 437
727 437
73 474
730 435
731 421
76 0
77 474
79 452
80 39
88 1
89 474
95 5
96 473
10 999
104 987
105 999
110 999
111 15
112 925
113 999
114 2
115 999
116 1
117 999
12 0
120 988
121 997
128 0
129 999
13 999
132 55
133 999
144 873
145 999
15 102
151 999
152 999
16 999
163 999
164 999
165 12
166 999
168 999
169 865
17 999
175 193
176 999
177 0
178 999
18 999
181 0
182 999
186 0
187 0
196 999
197 998
198 998
199 999
203 999
204 999
206 0
207 999
216 998
217 989
219 999
220 999
222 1
223 999
236 875
237 999
243 183
244 999
246 994
247 999
252 6
253 999
262 984
263 999
264 1
265 999
270 992
271 999
274 963
275 999
282 925
283 999
285 900
286 999
298 964
299 997
300 3
301 999
303 0
304 999
315 992
316 999
318 1
319 999
322 981
323 999
339 999
340 999
344 11
345 999
347 999
348 991
351 0
352 999
361 147
362 999
368 0
369 13
371 0
372 999
388 999
389 999
392 0
393 999
398 939
399 999
4 4
400 905
401 999
404 999
405 999
406 941
407 999
418 2
419 999
421 999
422 999
428 0
429 360
44 0
440 3
441 999
446 2
447 999
45 18
455 1
456 999
460 999
461 999
468 0
469 999
472 999
473 999
475 15
476 999
48 999
482 3
483 999
484 0
485 999
487 999
488 998
49 102
490 999
491 999
494 12
495 999
5 999
500 901
501 999
515 1
516 999
527 924
528 15
533 999
534 999
546 0
547 999
549 167
550 999
555 932
556 999
557 890
558 999
559 0
560 999
572 997
573 999
574 521
575 999
578 1
579 999
582 999
583 11
587 1
588 999
591 999
592 999
593 127
594 999
598 0
599 999
604 999
605 12
617 524
618 999
627 943
628 999
642 1
643 999
645 0
646 999
652 991
653 999
69 0
70 4
76 20
77 999
79 999
80 999
83 881
84 999
85 25
86 999
88 999
89 999
9 0
91 182
92 999
10 999
104 987
105 999
110 999
111 15
112 925
113 999
114 2
115 999
116 1
117 999
12 0
120 988
121 997
128 0
129 999
13 999
132 55
133 999
144 873
145 999
15 102
151 999
152 999
16 999
163 999
164 999
165 12
166 999
168 999
169 865
17 999
175 193
176 999
177 0
178 999
18 999
181 0
182 999
186 0
187 0
196 999
197 998
198 998
199 999
203 999
204 999
206 0
207 999
216 998
217 989
219 999
220 999
222 1
223 999
236 875
237 999
243 183
244 999
246 994
247 999
252 6
253 999
262 984
263 999
264 1
265 999
270 992
271 999
274 963
275 999
282 925
283 999
285 900
286 999
298 964
299 997
300 3
301 999
303 0
304 999
315 992
316 999
318 1
319 999
322 981
323 999
339 999
340 999
344 11
345 999
347 999
348 991
351 0
352 999
361 147
362 999
368 0
369 13
371 0
372 999
388 999
389 999
392 0
393 999
398 939
399 999
4 4
400 905
401 999
404 999
405 999
406 941
407 999
418 2
419 999
421 999
422 999
428 0
429 360
44 0
440 3
441 999
446 2
447 999
45 18
455 1
456 999
460 999
461 999
468 0
469 999
472 999
473 999
475 15
476 999
48 999
482 3
483 999
484 0
485 999
487 999
488 998
49 102
490 999
491 999
494 12
495 999
5 999
500 901
501 999
515 1
516 999
527 924
528 15
533 999
534 999
546 0
547 999
549 167
550 999
555 932
556 999
557 890
558 999
559 0
560 999
572 997
573 999
574 521
575 999
578 1
579 999
582 999
583 11
587 1
588 999
591 999
592 999
593 127
594 999
598 0
599 999
604 999
605 12
617 524
618 999
627 943
628 999
642 1
643 999
645 0
646 999
652 991
653 999
69 0
70 4
76 20
77 999
79 999
80 999
83 881
84 999
85 25
86 999
88 999
89 999
9 0
91 182
92 999
100 4
101 990
106 990
107 14
109 0
110 990
111 17
112 990
113 884
114 990
117 989
118 989
12 996
120 988
121 988
127 12
128 988
13 996
133 986
134 988
135 13
136 988
146 6
147 987
149 7
15 9
150 987
16 996
164 965
165 984
166 970
167 984
180 983
181 7
183 981
184 983
193 0
194 983
196 0
197 983
198 0
199 983
20 631
203 983
204 983
209 983
21 996
210 983
218 0
219 179
220 4
221 982
224 14
225 982
229 0
230 0
239 451
240 980
241 4
242 979
25 12
26 996
262 7
263 978
268 892
269 978
27 2
271 966
272 978
279 0
28 996
280 966
283 146
284 978
291 366
292 978
3 3
309 966
310 977
329 976
330 0
334 976
335 976
336 976
337 976
338 976
339 976
340 1
341 976
345 831
346 975
348 0
349 975
35 996
351 974
352 975
354 818
355 975
358 945
359 974
36 996
368 974
369 974
37 6
370 1
371 974
38 995
380 2
381 973
383 973
384 973
392 882
393 878
396 954
397 972
399 972
4 997
400 972
407 0
408 972
41 0
42 140
421 971
422 19
424 971
425 929
432 970
433 971
440 862
441 971
449 20
450 971
454 971
455 971
457 971
458 961
46 894
47 994
470 33
471 970
476 842
477 970
478 7
479 970
48 0
485 0
486 970
488 0
489 970
49 992
497 0
498 19
502 969
503 528
508 956
509 601
512 0
513 3
516 0
517 969
521 967
522 967
523 1
524 967
533 1
534 966
544 0
545 967
555 4
556 967
557 967
558 967
559 243
560 967
561 945
562 967
563 903
564 967
584 644
585 967
586 940
587 5
592 6
593 967
600 967
601 967
602 959
603 967
604 966
605 966
609 646
610 966
615 1
616 964
62 190
620 955
621 964
622 23
623 964
629 0
63 991
630 859
631 0
632 964
633 913
634 964
635 1
636 964
641 963
642 963
643 1
644 963
648 548
649 963
652 963
653 963
654 35
655 963
7 2
73 7
74 990
75 0
76 990
8 996
80 211
81 990
85 990
86 990
10 999
104 987
105 999
110 999
111 15
112 925
113 999
114 2
115 999
116 1
117 999
12 0
120 988
121 997
128 0
129 999
13 999
132 55
133 999
144 873
145 999
15 102
151 999
152 999
16 999
163 999
164 999
165 12
166 999
168 999
169 865
17 999
175 193
176 999
177 0
178 999
18 999
181 0
182 999
186 0
187 0
196 999
197 998
198 998
199 999
203 999
204 999
206 0
207 999
216 998
217 989
219 999
220 999
222 1
223 999
236 875
237 999
243 183
244 999
246 994
247 999
252 6
253 999
262 984
263 999
264 1
265 999
270 992
271 999
274 963
275 999
282 925
283 999
285 900
286 999
298 964
299 997
300 3
301 999
303 0
304 999
315 992
316 999
318 1
319 999
322 981
323 999
339 999
340 999
344 11
345 999
347 999
348 991
351 0
352 999
361 147
362 999
368 0
369 13
371 0
372 999
388 999
389 999
392 0
393 999
398 939
399 999
4 4
400 905
401 999
404 999
405 999
406 941
407 999
418 2
419 999
421 999
422 999
428 0
429 360
44 0
440 3
441 999
446 2
447 999
45 18
455 1
456 999
460 999
461 999
468 0
469 999
472 999
473 999
475 15
476 999
48 999
482 3
483 999
484 0
485 999
487 999
488 998
49 102
490 999
491 999
494 12
495 999
5 999
500 901
501 999
515 1
516 999
527 924
528 15
533 999
534 999
546 0
547 999
549 167
550 999
555 932
556 999
557 890
558 999
559 0
560 999
572 997
573 999
574 521
575 999
578 1
579 999
582 999
583 11
587 1
588 999
591 999
592 999
593 127
594 999
598 0
599 999
604 999
605 12
617 524
618 999
627 943
628 999
642 1
643 999
645 0
646 999
652 991
653 999
69 0
70 4
76 20
77 999
79 999
80 999
83 881
84 999
85 25
86 999
88 999
89 999
9 0
91 182
92 999
10 988
109 992
11 999
110 972
127 218
128 999
129 0
130 997
134 0
135 999
140 992
141 999
142 17
143 999
159 16
160 999
173 24
174 999
18 0
185 1
186 999
19 992
190 0
191 999
206 0
207 998
211 126
212 999
214 999
215 148
219 7
220 999
224 999
225 19
240 998
241 999
252 0
253 75
259 0
260 999
264 219
265 999
267 989
268 0
285 922
286 999
288 219
289 992
313 856
314 992
33 999
332 2
333 999
34 999
35 29
357 0
358 953
36 999
365 0
366 953
393 998
394 6
415 0
416 998
421 13
422 999
428 999
429 999
430 860
431 999
441 999
442 29
451 0
452 998
460 0
461 999
475 17
476 999
484 997
485 16
487 990
488 999
490 987
491 998
494 0
495 999
502 997
503 998
505 2
506 995
512 0
513 993
515 999
516 998
520 3
521 999
536 999
537 934
539 5
540 999
544 952
545 999
547 993
548 135
555 148
556 999
557 936
558 999
631 0
632 999
641 148
642 999
649 0
650 10
651 0
652 999
670 4
671 999
673 953
674 202
675 148
676 999
677 999
678 999
685 673
686 953
7 999
707 135
708 999
717 0
718 992
726 999
727 996
79 12
8 985
80 999
82 19
83 999
1 264
10 499
103 499
104 499
106 498
107 499
108 499
109 499
112 499
113 499
114 499
115 499
117 499
118 499
120 499
121 499
125 499
126 499
127 20
128 499
13 0
130 499
131 499
132 499
133 499
137 499
138 496
139 499
14 499
140 499
144 499
145 499
146 499
147 499
148 499
149 499
15 7
150 37
151 499
155 223
156 499
157 449
158 499
159 28
16 499
160 499
165 496
166 499
167 64
168 499
17 0
176 499
177 499
179 499
18 499
180 499
181 499
182 499
185 499
186 499
187 89
188 499
19 499
191 499
192 499
193 8
194 499
196 499
197 499
2 499
20 499
202 499
203 499
206 34
207 499
21 45
211 499
212 499
214 488
215 499
217 499
218 499
219 49
22 499
220 499
221 491
222 499
223 499
224 499
226 88
227 499
228 448
229 499
230 499
231 499
232 491
233 499
234 497
235 499
237 499
238 499
240 106
241 499
242 23
243 499
244 470
245 499
246 0
247 499
25 499
250 499
251 499
252 469
253 499
255 77
256 499
258 499
259 499
26 499
260 495
261 499
262 499
263 499
267 499
268 499
269 496
27 70
270 499
275 499
276 499
278 499
279 499
28 499
280 134
281 499
284 499
285 499
286 4
287 499
290 499
291 499
294 499
295 499
30 499
304 499
305 499
307 499
308 499
31 499
312 499
313 499
314 499
315 499
318 499
319 499
322 499
323 499
324 499
325 499
326 499
327 499
328 499
329 499
330 499
331 499
334 499
335 499
337 217
338 499
339 499
340 499
341 499
342 499
343 182
344 499
347 499
348 499
35 498
351 0
352 499
353 499
354 499
356 15
357 499
358 8
359 499
36 89
360 499
361 499
363 499
364 499
369 499
37 499
370 499
371 495
372 499
373 182
374 499
375 499
376 499
377 499
378 499
379 191
38 499
380 499
381 498
382 499
385 499
386 499
387 58
388 499
389 499
39 498
390 499
392 499
393 499
395 499
396 499
399 70
40 499
400 499
401 210
402 499
403 95
404 499
405 6
406 499
410 243
411 499
415 499
416 499
42 499
423 311
424 499
426 499
427 499
428 233
429 499
43 499
432 3
433 499
434 499
435 499
438 456
439 499
442 499
443 103
445 499
446 499
448 487
449 499
45 15
457 499
458 499
459 499
46 499
460 499
461 499
462 499
464 15
465 499
467 499
468 18
469 34
47 199
470 499
471 157
472 499
477 55
478 499
48 499
482 499
483 499
484 499
485 499
486 499
487 499
488 499
489 499
49 1
490 499
491 499
493 499
494 499
496 453
497 499
498 499
499 499
5 209
50 499
501 499
502 499
504 499
505 499
506 66
507 499
509 499
51 70
510 499
511 499
512 499
513 499
514 499
518 499
519 499
52 499
520 497
521 499
522 499
523 499
528 471
529 499
530 499
531 499
532 485
533 499
534 32
535 499
536 497
537 499
538 499
539 499
540 467
541 499
542 17
543 499
545 455
546 499
547 499
548 499
549 178
550 499
551 499
552 499
555 499
556 499
559 210
560 499
561 499
562 499
567 499
568 499
569 499
570 499
573 495
574 499
575 499
576 499
58 499
580 116
581 499
584 438
585 499
586 499
587 499
588 499
589 499
59 499
590 499
591 499
593 499
594 499
595 499
596 499
598 4
599 499
6 499
600 88
601 499
603 494
604 66
63 0
64 499
65 442
66 499
67 499
68 499
69 473
7 497
70 499
74 86
75 499
76 499
77 499
8 499
83 499
84 499
85 199
86 499
88 486
89 499
9 499
93 0
94 499
95 499
96 499
98 499
99 7
1 277
10 165
103 9999
104 9986
105 9994
106 9999
107 9910
108 9999
109 9999
11 9999
110 9999
111 967
112 9999
113 5300
114 9999
117 9999
118 9999
12 9999
120 9955
121 9999
122 91
123 9999
124 57
125 9999
126 9999
127 9999
128 9999
129 9999
13 9999
130 9948
131 9999
132 9999
133 9999
134 9997
135 9999
136 526
137 9999
138 17
139 9999
140 8837
141 9999
142 9999
143 9999
144 9999
145 9999
147 9999
148 9999
149 54
150 9999
151 9999
152 9999
153 6107
154 9999
155 6921
156 9999
158 9903
159 9983
16 8538
160 1377
161 9999
162 31
163 9999
164 7423
165 9999
167 8474
168 9999
17 9999
170 9999
171 9999
172 18
173 9999
174 300
175 9999
176 6240
177 9999
178 9999
179 9999
18 6428
180 6949
181 9999
182 6429
183 9999
184 1443
185 9999
186 9726
187 9999
19 9999
190 9999
191 9999
195 9999
196 9999
197 9982
198 9999
199 9999
2 9999
20 3
200 9999
201 9999
202 9999
203 5
204 9999
205 9143
206 9999
21 9999
210 14
211 9999
213 1
214 9999
215 9999
216 9999
217 1042
218 9999
219 9992
220 9999
221 9990
222 9999
223 1038
224 9999
225 9999
226 9999
227 9979
228 9999
229 9999
23 65
230 9999
232 9972
233 9999
235 9999
236 9999
237 9717
238 9999
239 9999
24 9993
240 9999
241 9999
242 9999
245 9990
246 9999
247 9999
248 9999
249 25
250 9999
251 27
252 9999
253 9999
254 9999
255 39
256 9999
257 8658
258 9999
26 0
260 9999
261 9551
266 1129
267 9999
268 9997
269 9999
27 9999
271 8062
272 9999
276 885
277 9999
278 0
279 9999
280 967
281 9999
283 9999
284 9999
286 9624
287 9999
288 958
289 9999
291 9999
292 9999
293 6632
294 9999
295 9999
296 9999
297 9999
298 9999
299 9999
30 9679
300 9999
303 9999
304 9999
306 9999
307 9999
308 9999
309 9999
31 9999
310 9999
311 9999
312 1
313 9999
314 9999
315 9999
317 12
318 9992
319 9999
32 1377
320 9999
323 895
324 9999
325 9999
326 9999
327 9999
328 9999
33 9999
330 9999
331 9999
332 43
333 9999
339 9999
340 9999
341 9999
342 9999
344 9999
345 9999
346 9954
347 9999
348 0
349 9999
35 31
350 9999
351 9999
353 8420
354 9999
355 6803
356 9999
359 9999
36 9999
360 9999
361 786
362 9999
363 8955
364 9999
365 9757
366 9999
368 12
369 9999
37 700
370 9999
371 9999
372 9967
373 9999
374 9999
375 9999
376 9795
377 9999
38 9999
380 9999
381 9999
382 594
383 9999
384 8337
385 9999
389 9169
39 9999
390 9999
391 9999
392 9999
393 838
394 9999
395 9999
396 9999
397 9999
398 9999
399 9529
40 9999
400 9999
401 784
402 9999
403 9999
404 9999
405 9999
406 9999
408 9999
409 9999
41 858
414 5007
415 9999
416 4642
417 9999
418 9999
419 9999
42 9999
420 253
421 9999
423 9999
424 9999
426 9999
427 9999
429 6635
430 9999
431 29
432 9996
433 5032
434 9999
435 9999
436 9999
437 17
438 9999
439 36
440 9999
441 317
442 9999
443 9999
444 9999
448 9921
449 9999
450 9433
451 9999
453 710
454 9999
455 9999
456 9999
457 9999
458 9999
459 9999
460 9999
461 637
462 9999
464 9999
465 9999
467 158
468 9999
470 1
471 9999
472 39
473 9999
474 14
475 9999
477 9999
478 9999
48 9999
481 46
482 9999
483 9999
484 9999
485 9982
486 9999
487 9999
488 9999
489 9999
49 9999
490 9999
491 9999
492 9999
493 6255
494 9999
498 166
499 9999
50 6309
502 109
503 9999
505 9999
506 9999
509 6052
51 9999
510 9999
511 774
512 9999
513 5
514 9999
515 9999
516 9999
52 9999
520 13
521 9999
522 9999
523 9999
524 9
525 9995
526 778
527 9999
529 9517
53 9999
530 9999
532 9971
533 9999
534 161
535 9999
538 9986
539 9999
540 6791
541 9999
542 9999
543 9999
545 9999
546 9999
548 0
549 9999
550 15
551 9999
56 3574
57 9999
58 328
59 9999
6 65
60 9999
61 9999
62 9999
63 9999
65 9999
66 952
67 9999
68 9999
7 9999
72 37
73 9999
74 9999
75 9999
76 9999
77 9999
78 8915
79 9999
81 6187
82 9999
83 9999
84 9999
85 9925
86 9999
87 4
88 9999
89 9999
90 9999
92 151
93 9999
94 9955
95 9999
97 9999
98 9999
1 277
10 165
103 9999
104 9986
105 9994
106 9999
107 9910
108 9999
109 9999
11 9999
110 9999
111 967
112 9999
113 5300
114 9999
117 9999
118 9999
12 9999
120 9955
121 9999
122 91
123 9999
124 57
125 9999
126 9999
127 9999
128 9999
129 9999
13 9999
130 9948
131 9999
132 9999
133 9999
134 9997
135 9999
136 526
137 9999
138 17
139 9999
140 8837
141 9999
142 9999
143 9999
144 9999
145 9999
147 9999
148 9999
149 54
150 9999
151 9999
152 9999
153 6107
154 9999
155 6921
156 9999
158 9903
159 9983
16 8538
160 1377
161 9999
162 31
163 9999
164 7423
165 9999
167 8474
168 9999
17 9999
170 9999
171 9999
172 18
173 9999
174 300
175 9999
176 6240
177 9999
178 9999
179 9999
18 6428
180 6949
181 9999
182 6429
183 9999
184 1443
185 9999
186 9726
187 9999
19 9999
190 9999
191 9999
195 9999
196 9999
197 9982
198 9999
199 9999
2 9999
20 3
200 9999
201 9999
202 9999
203 5
204 9999
205 9143
206 9999
21 9999
210 14
211 9999
213 1
214 9999
215 9999
216 9999
217 1042
218 9999
219 9992
220 9999
221 9990
222 9999
223 1038
224 9999
225 9999
226 9999
227 9979
228 9999
229 9999
23 65
230 9999
232 9972
233 9999
235 9999
236 9999
237 9717
238 9999
239 9999
24 9993
240 9999
241 9999
242 9999
245 9990
246 9999
247 9999
248 9999
249 25
250 9999
251 27
252 9999
253 9999
254 9999
255 39
256 9999
257 8658
258 9999
26 0
260 9999
261 9551
266 1129
267 9999
268 9997
269 9999
27 9999
271 8062
272 9999
276 885
277 9999
278 0
279 9999
280 967
281 9999
283 9999
284 9999
286 9624
287 9999
288 958
289 9999
291 9999
292 9999
293 6632
294 9999
295 9999
296 9999
297 9999
298 9999
299 9999
30 9679
300 9999
303 9999
304 9999
306 9999
307 9999
308 9999
309 9999
31 9999
310 9999
311 9999
312 1
313 9999
314 9999
315 9999
317 12
318 9992
319 9999
32 1377
320 9999
323 895
324 9999
325 9999
326 9999
327 9999
328 9999
33 9999
330 9999
331 9999
332 43
333 9999
339 9999
340 9999
341 9999
342 9999
344 9999
345 9999
346 9954
347 9999
348 0
349 9999
35 31
350 9999
351 9999
353 8420
354 9999
355 6803
356 9999
359 9999
36 9999
360 9999
361 786
362 9999
363 8955
364 9999
365 9757
366 9999
368 12
369 9999
37 700
370 9999
371 9999
372 9967
373 9999
374 9999
375 9999
376 9795
377 9999
38 9999
380 9999
381 9999
382 594
383 9999
384 8337
385 9999
389 9169
39 9999
390 9999
391 9999
392 9999
393 838
394 9999
395 9999
396 9999
397 9999
398 9999
399 9529
40 9999
400 9999
401 784
402 9999
403 9999
404 9999
405 9999
406 9999
408 9999
409 9999
41 858
414 5007
415 9999
416 4642
417 9999
418 9999
419 9999
42 9999
420 253
421 9999
423 9999
424 9999
426 9999
427 9999
429 6635
430 9999
431 29
432 9996
433 5032
434 9999
435 9999
436 9999
437 17
438 9999
439 36
440 9999
441 317
442 9999
443 9999
444 9999
448 9921
449 9999
450 9433
451 9999
453 710
454 9999
455 9999
456 9999
457 9999
458 9999
459 9999
460 9999
461 637
462 9999
464 9999
465 9999
467 158
468 9999
470 1
471 9999
472 39
473 9999
474 14
475 9999
477 9999
478 9999
48 9999
481 46
482 9999
483 9999
484 9999
485 9982
486 9999
487 9999
488 9999
489 9999
49 9999
490 9999
491 9999
492 9999
493 6255
494 9999
498 166
499 9999
50 6309
502 109
503 9999
505 9999
506 9999
509 6052
51 9999
510 9999
511 774
512 9999
513 5
514 9999
515 9999
516 9999
52 9999
520 13
521 9999
522 9999
523 9999
524 9
525 9995
526 778
527 9999
529 9517
53 9999
530 9999
532 9971
533 9999
534 161
535 9999
538 9986
539 9999
540 6791
541 9999
542 9999
543 9999
545 9999
546 9999
548 0
549 9999
550 15
551 9999
56 3574
57 9999
58 328
59 9999
6 65
60 9999
61 9999
62 9999
63 9999
65 9999
66 952
67 9999
68 9999
7 9999
72 37
73 9999
74 9999
75 9999
76 9999
77 9999
78 8915
79 9999
81 6187
82 9999
83 9999
84 9999
85 9925
86 9999
87 4
88 9999
89 9999
90 9999
92 151
93 9999
94 9955
95 9999
97 9999
98 9999
