0 0
1 0
10 0
11 0
12 0
13 0
14 0
15 0
16 0
17 0
18 0
19 0
2 0
20 0
21 0
22 0
23 0
24 0
25 0
26 0
27 0
28 0
29 0
3 0
30 0
31 0
32 0
33 0
34 0
35 0
36 0
37 0
38 0
39 0
4 0
40 0
41 0
42 0
43 0
44 0
45 0
46 0
47 0
48 0
49 0
5 0
50 0
51 0
52 0
53 0
6 0
7 0
8 0
9 0
0 0
1 0
10 0
11 0
12 0
13 0
14 0
15 0
16 0
17 0
18 0
19 0
2 0
20 0
21 0
22 0
23 0
24 0
25 0
26 0
27 0
28 0
29 0
3 0
30 0
31 0
32 0
33 0
34 0
35 0
36 0
37 0
38 0
39 0
4 0
40 0
41 0
42 0
43 0
44 0
45 0
46 0
47 0
48 0
49 0
5 0
50 0
51 0
52 0
53 0
6 0
7 0
8 0
9 0
0 0
1 0
10 0
11 0
12 0
13 0
14 0
15 0
16 0
17 0
18 0
19 0
2 0
20 0
21 0
22 0
23 0
24 0
25 0
26 0
27 0
28 0
29 0
3 0
30 0
31 0
32 0
33 0
34 0
35 0
36 0
37 0
38 0
39 0
4 0
40 0
41 0
42 0
43 0
44 0
45 0
46 0
47 0
48 0
49 0
5 0
50 0
51 0
52 0
53 0
6 0
7 0
8 0
9 0
0 0
1 0
10 0
11 0
12 0
13 0
14 0
15 0
16 0
17 0
18 0
19 0
2 0
20 0
21 0
22 0
23 0
24 0
25 0
26 0
27 0
28 0
29 0
3 0
30 0
31 0
32 0
33 0
34 0
35 0
36 0
37 0
38 0
39 0
4 0
40 0
41 0
42 0
43 0
44 0
45 0
46 0
47 0
48 0
49 0
5 0
50 0
51 0
52 0
53 0
54 0
55 0
56 0
57 0
58 0
59 0
6 0
7 0
8 0
9 0
0 0
1 0
10 0
11 0
12 0
13 0
14 0
15 0
16 0
17 0
18 0
19 0
2 0
20 0
21 0
22 0
23 0
24 0
25 0
26 0
27 0
28 0
29 0
3 0
30 0
31 0
32 0
33 0
34 0
35 0
36 0
37 0
38 0
39 0
4 0
40 0
41 0
42 0
43 0
44 0
45 0
46 0
47 0
48 0
49 0
5 0
50 0
51 0
52 0
53 0
54 0
55 0
56 0
57 0
6 0
7 0
8 0
9 0
402 0
403 0
402 454
403 16
127 0
128 0
129 0
130 0
131 0
132 0
133 0
134 0
135 0
136 0
137 0
138 0
139 0
140 0
141 0
142 0
143 0
144 0
145 0
146 0
147 0
148 0
149 0
150 0
151 0
152 0
153 0
154 0
155 0
156 0
157 0
158 0
159 0
160 0
161 0
162 0
163 0
164 0
165 0
166 0
167 0
168 0
169 0
170 0
171 0
172 0
129 499
130 499
137 62
138 499
235 0
236 499
251 499
252 499
51 77
52 499
69 499
70 499
181 9967
182 9999
183 9795
184 9999
220 910
221 9999
82 0
83 9999
181 9967
182 9999
183 9795
184 9999
220 910
221 9999
82 0
83 9999
