165 1172
166 9999
201 0
202 1041
235 0
236 9999
250 0
251 0
325 9974
326 9999
335 110
336 9999
510 0
511 84
634 4
635 9999
92 7
93 9999
165 1172
166 9999
201 0
202 1041
235 0
236 9999
250 0
251 0
325 9974
326 9999
335 110
336 9999
510 0
511 84
634 4
635 9999
92 7
93 9999
0 0
1 0
10 0
100 0
101 0
102 0
103 0
104 0
105 0
106 0
107 0
108 0
109 0
11 0
110 0
111 0
112 0
113 0
114 0
115 0
116 0
117 0
118 0
119 0
12 0
120 0
121 0
122 0
123 0
124 0
125 0
126 0
127 0
128 0
129 0
13 0
130 0
131 0
132 0
133 0
134 0
135 0
136 0
137 0
138 0
139 0
14 0
140 0
141 0
142 0
143 0
144 0
145 0
146 0
147 0
148 0
149 0
15 0
150 0
151 0
152 0
153 0
154 0
155 0
156 0
157 0
158 0
159 0
16 0
160 0
161 0
162 0
163 0
164 0
165 0
166 0
167 0
168 0
169 0
17 0
170 0
171 0
172 0
173 0
174 0
175 0
176 0
177 0
178 0
179 0
18 0
180 0
181 0
182 0
183 0
184 0
185 0
186 0
187 0
188 0
189 0
19 0
190 0
191 0
192 0
193 0
194 0
195 0
196 0
197 0
198 0
199 0
2 0
20 0
200 0
201 0
202 0
203 0
204 0
205 0
206 0
207 0
208 0
209 0
21 0
210 0
211 0
212 0
213 0
214 0
215 0
216 0
217 0
218 0
219 0
22 0
220 0
221 0
222 0
223 0
224 0
225 0
226 0
227 0
228 0
229 0
23 0
230 0
231 0
232 0
233 0
234 0
235 0
236 0
237 0
238 0
239 0
24 0
25 0
26 0
27 0
28 0
29 0
3 0
30 0
31 0
32 0
33 0
34 0
35 0
36 0
37 0
38 0
39 0
4 0
40 0
41 0
42 0
43 0
44 0
45 0
46 0
47 0
48 0
49 0
5 0
50 0
51 0
52 0
53 0
54 0
55 0
56 0
57 0
58 0
59 0
6 0
60 0
61 0
62 0
63 0
64 0
65 0
66 0
67 0
68 0
69 0
7 0
70 0
71 0
72 0
73 0
74 0
75 0
76 0
77 0
78 0
79 0
8 0
80 0
81 0
82 0
83 0
84 0
85 0
86 0
87 0
88 0
89 0
9 0
90 0
91 0
92 0
93 0
94 0
95 0
96 0
97 0
98 0
99 0
0 0
1 0
10 0
100 0
101 0
102 0
103 0
104 0
105 0
106 0
107 0
108 0
109 0
11 0
110 0
111 0
112 0
113 0
114 0
115 0
116 0
117 0
118 0
119 0
12 0
120 0
121 0
122 0
123 0
124 0
125 0
126 0
127 0
128 0
129 0
13 0
130 0
131 0
132 0
133 0
134 0
135 0
136 0
137 0
138 0
139 0
14 0
140 0
141 0
142 0
143 0
144 0
145 0
146 0
147 0
148 0
149 0
15 0
150 0
151 0
152 0
153 0
154 0
155 0
156 0
157 0
158 0
159 0
16 0
160 0
161 0
162 0
163 0
164 0
165 0
166 0
167 0
168 0
169 0
17 0
170 0
171 0
172 0
173 0
174 0
175 0
176 0
177 0
178 0
179 0
18 0
180 0
181 0
182 0
183 0
184 0
185 0
186 0
187 0
188 0
189 0
19 0
190 0
191 0
192 0
193 0
194 0
195 0
196 0
197 0
198 0
199 0
2 0
20 0
200 0
201 0
202 0
203 0
204 0
205 0
206 0
207 0
208 0
209 0
21 0
210 0
211 0
212 0
213 0
214 0
215 0
216 0
217 0
218 0
219 0
22 0
220 0
221 0
222 0
223 0
224 0
225 0
226 0
227 0
228 0
229 0
23 0
230 0
231 0
232 0
233 0
234 0
235 0
236 0
237 0
238 0
239 0
24 0
25 0
26 0
27 0
28 0
29 0
3 0
30 0
31 0
32 0
33 0
34 0
35 0
36 0
37 0
38 0
39 0
4 0
40 0
41 0
42 0
43 0
44 0
45 0
46 0
47 0
48 0
49 0
5 0
50 0
51 0
52 0
53 0
54 0
55 0
56 0
57 0
58 0
59 0
6 0
60 0
61 0
62 0
63 0
64 0
65 0
66 0
67 0
68 0
69 0
7 0
70 0
71 0
72 0
73 0
74 0
75 0
76 0
77 0
78 0
79 0
8 0
80 0
81 0
82 0
83 0
84 0
85 0
86 0
87 0
88 0
89 0
9 0
90 0
91 0
92 0
93 0
94 0
95 0
96 0
97 0
98 0
99 0
0 0
1 0
10 0
100 0
101 0
102 0
103 0
104 0
105 0
106 0
107 0
108 0
109 0
11 0
110 0
111 0
112 0
113 0
114 0
115 0
116 0
117 0
118 0
119 0
12 0
120 0
121 0
122 0
123 0
124 0
125 0
126 0
127 0
128 0
129 0
13 0
130 0
131 0
132 0
133 0
134 0
135 0
136 0
137 0
138 0
139 0
14 0
140 0
141 0
142 0
143 0
144 0
145 0
146 0
147 0
148 0
149 0
15 0
150 0
151 0
152 0
153 0
154 0
155 0
156 0
157 0
158 0
159 0
16 0
160 0
161 0
162 0
163 0
164 0
165 0
166 0
167 0
168 0
169 0
17 0
170 0
171 0
172 0
173 0
174 0
175 0
176 0
177 0
178 0
179 0
18 0
180 0
181 0
182 0
183 0
184 0
185 0
186 0
187 0
188 0
189 0
19 0
190 0
191 0
192 0
193 0
194 0
195 0
196 0
197 0
198 0
199 0
2 0
20 0
200 0
201 0
202 0
203 0
204 0
205 0
206 0
207 0
208 0
209 0
21 0
210 0
211 0
212 0
213 0
214 0
215 0
216 0
217 0
218 0
219 0
22 0
220 0
221 0
222 0
223 0
224 0
225 0
226 0
227 0
228 0
229 0
23 0
230 0
231 0
232 0
233 0
234 0
235 0
236 0
237 0
238 0
239 0
24 0
25 0
26 0
27 0
28 0
29 0
3 0
30 0
31 0
32 0
33 0
34 0
35 0
36 0
37 0
38 0
39 0
4 0
40 0
41 0
42 0
43 0
44 0
45 0
46 0
47 0
48 0
49 0
5 0
50 0
51 0
52 0
53 0
54 0
55 0
56 0
57 0
58 0
59 0
6 0
60 0
61 0
62 0
63 0
64 0
65 0
66 0
67 0
68 0
69 0
7 0
70 0
71 0
72 0
73 0
74 0
75 0
76 0
77 0
78 0
79 0
8 0
80 0
81 0
82 0
83 0
84 0
85 0
86 0
87 0
88 0
89 0
9 0
90 0
91 0
92 0
93 0
94 0
95 0
96 0
97 0
98 0
99 0
0 0
1 0
10 0
100 0
101 0
102 0
103 0
104 0
105 0
106 0
107 0
108 0
109 0
11 0
110 0
111 0
112 0
113 0
114 0
115 0
116 0
117 0
118 0
119 0
12 0
120 0
121 0
122 0
123 0
124 0
125 0
126 0
127 0
128 0
129 0
13 0
130 0
131 0
132 0
133 0
134 0
135 0
136 0
137 0
138 0
139 0
14 0
140 0
141 0
142 0
143 0
144 0
145 0
146 0
147 0
148 0
149 0
15 0
150 0
151 0
152 0
153 0
154 0
155 0
156 0
157 0
158 0
159 0
16 0
160 0
161 0
162 0
163 0
164 0
165 0
166 0
167 0
168 0
169 0
17 0
170 0
171 0
172 0
173 0
174 0
175 0
176 0
177 0
178 0
179 0
18 0
180 0
181 0
182 0
183 0
184 0
185 0
186 0
187 0
188 0
189 0
19 0
190 0
191 0
192 0
193 0
194 0
195 0
196 0
197 0
198 0
199 0
2 0
20 0
200 0
201 0
202 0
203 0
204 0
205 0
206 0
207 0
208 0
209 0
21 0
210 0
211 0
212 0
213 0
214 0
215 0
216 0
217 0
218 0
219 0
22 0
220 0
221 0
222 0
223 0
224 0
225 0
226 0
227 0
228 0
229 0
23 0
230 0
231 0
232 0
233 0
234 0
235 0
236 0
237 0
238 0
239 0
24 0
240 0
241 0
242 0
243 0
244 0
245 0
246 0
247 0
248 0
249 0
25 0
250 0
251 0
26 0
27 0
28 0
29 0
3 0
30 0
31 0
32 0
33 0
34 0
35 0
36 0
37 0
38 0
39 0
4 0
40 0
41 0
42 0
43 0
44 0
45 0
46 0
47 0
48 0
49 0
5 0
50 0
51 0
52 0
53 0
54 0
55 0
56 0
57 0
58 0
59 0
6 0
60 0
61 0
62 0
63 0
64 0
65 0
66 0
67 0
68 0
69 0
7 0
70 0
71 0
72 0
73 0
74 0
75 0
76 0
77 0
78 0
79 0
8 0
80 0
81 0
82 0
83 0
84 0
85 0
86 0
87 0
88 0
89 0
9 0
90 0
91 0
92 0
93 0
94 0
95 0
96 0
97 0
98 0
99 0
0 0
1 0
10 0
100 0
101 0
102 0
103 0
104 0
105 0
106 0
107 0
108 0
109 0
11 0
110 0
111 0
112 0
113 0
114 0
115 0
116 0
117 0
118 0
119 0
12 0
120 0
121 0
122 0
123 0
124 0
125 0
126 0
127 0
128 0
129 0
13 0
130 0
131 0
132 0
133 0
134 0
135 0
136 0
137 0
138 0
139 0
14 0
140 0
141 0
142 0
143 0
144 0
145 0
146 0
147 0
148 0
149 0
15 0
150 0
151 0
152 0
153 0
154 0
155 0
156 0
157 0
158 0
159 0
16 0
160 0
161 0
162 0
163 0
164 0
165 0
166 0
167 0
168 0
169 0
17 0
170 0
171 0
172 0
173 0
174 0
175 0
176 0
177 0
178 0
179 0
18 0
180 0
181 0
182 0
183 0
184 0
185 0
186 0
187 0
188 0
189 0
19 0
190 0
191 0
192 0
193 0
194 0
195 0
196 0
197 0
198 0
199 0
2 0
20 0
200 0
201 0
202 0
203 0
204 0
205 0
206 0
207 0
208 0
209 0
21 0
210 0
211 0
212 0
213 0
214 0
215 0
216 0
217 0
218 0
219 0
22 0
220 0
221 0
222 0
223 0
224 0
225 0
226 0
227 0
228 0
229 0
23 0
230 0
231 0
232 0
233 0
234 0
235 0
236 0
237 0
238 0
239 0
24 0
240 0
241 0
242 0
243 0
244 0
245 0
246 0
247 0
248 0
249 0
25 0
250 0
251 0
26 0
27 0
28 0
29 0
3 0
30 0
31 0
32 0
33 0
34 0
35 0
36 0
37 0
38 0
39 0
4 0
40 0
41 0
42 0
43 0
44 0
45 0
46 0
47 0
48 0
49 0
5 0
50 0
51 0
52 0
53 0
54 0
55 0
56 0
57 0
58 0
59 0
6 0
60 0
61 0
62 0
63 0
64 0
65 0
66 0
67 0
68 0
69 0
7 0
70 0
71 0
72 0
73 0
74 0
75 0
76 0
77 0
78 0
79 0
8 0
80 0
81 0
82 0
83 0
84 0
85 0
86 0
87 0
88 0
89 0
9 0
90 0
91 0
92 0
93 0
94 0
95 0
96 0
97 0
98 0
99 0
145 0
146 0
160 0
161 0
20 0
204 0
205 0
21 0
259 0
260 0
278 0
279 0
3 0
348 0
349 0
372 0
373 0
4 0
424 0
425 0
445 0
446 0
489 0
490 0
495 0
496 0
52 0
526 0
527 0
53 0
557 0
558 0
57 0
58 0
6 0
606 0
607 0
624 0
625 0
629 0
630 0
641 0
642 0
657 0
658 0
677 0
678 0
7 0
145 2
146 471
160 470
161 470
20 485
204 0
205 103
21 473
259 410
260 462
278 0
279 7
3 0
348 99
349 459
372 0
373 9
4 493
424 11
425 456
445 0
446 4
489 453
490 452
495 6
496 451
52 4
526 14
527 449
53 476
557 1
558 446
57 477
58 477
6 39
606 6
607 444
624 46
625 443
629 441
630 442
641 434
642 441
657 0
658 14
677 0
678 441
7 490
108 909
109 171
127 55
128 999
170 193
171 999
258 0
259 999
288 0
289 999
303 1
304 999
307 944
308 999
401 2
402 999
449 1
450 999
467 0
468 999
549 1
550 999
558 1
559 999
564 125
565 999
573 0
574 19
587 503
588 999
108 909
109 171
127 55
128 999
170 193
171 999
258 0
259 999
288 0
289 999
303 1
304 999
307 944
308 999
401 2
402 999
449 1
450 999
467 0
468 999
549 1
550 999
558 1
559 999
564 125
565 999
573 0
574 19
587 503
588 999
177 0
178 0
225 0
226 2
270 847
271 975
334 0
335 123
347 960
348 971
351 0
352 971
358 0
359 971
371 0
372 78
397 969
398 969
447 908
448 966
449 2
450 966
521 751
522 964
531 0
532 964
603 960
604 962
108 909
109 171
127 55
128 999
170 193
171 999
258 0
259 999
288 0
289 999
303 1
304 999
307 944
308 999
401 2
402 999
449 1
450 999
467 0
468 999
549 1
550 999
558 1
559 999
564 125
565 999
573 0
574 19
587 503
588 999
105 992
106 5
133 992
134 999
16 0
17 992
226 998
227 999
269 922
270 999
431 0
432 998
469 0
470 8
479 19
480 999
688 999
689 996
105 482
106 499
114 499
115 499
120 499
121 499
125 8
126 499
132 499
133 499
140 499
141 499
144 499
145 499
15 70
152 62
153 499
16 499
171 499
172 499
182 499
183 499
187 197
188 499
199 499
200 499
209 499
210 499
212 499
213 499
214 499
215 499
22 498
220 499
221 499
222 496
223 499
226 499
227 499
23 25
231 188
232 499
236 499
237 499
24 499
243 499
244 499
246 182
247 499
249 499
25 499
250 499
254 0
255 499
257 499
258 499
261 499
262 499
263 70
264 499
28 212
29 499
294 499
295 499
305 499
306 499
311 34
312 499
318 55
319 499
323 499
324 499
326 499
327 499
333 499
334 177
337 499
338 499
342 467
343 499
352 499
353 499
354 497
355 499
356 467
357 499
372 0
373 499
374 456
375 499
377 1
378 499
379 490
380 499
389 0
390 83
54 77
55 499
57 42
58 499
73 499
74 499
80 499
81 499
96 15
97 499
103 31
104 9999
109 9999
110 9999
112 300
113 9999
115 6949
116 9999
117 1020
118 9999
12 8538
122 852
123 9999
126 4072
127 9999
13 9999
133 14
134 9999
137 9999
138 9999
142 1038
143 9999
145 9129
146 9999
149 9999
150 9999
151 9717
152 9999
153 9999
154 9999
157 216
158 9999
182 0
183 958
185 6632
186 9999
187 9999
188 9999
19 8888
191 771
192 9999
193 9999
194 9999
195 9999
196 9999
198 192
199 9999
20 9999
204 15
205 9999
212 9999
213 9999
219 8420
220 9999
226 8508
227 9999
229 12
230 9999
231 9999
232 9999
233 9967
234 9999
235 9999
236 9999
24 1377
244 9169
245 9999
247 9999
248 9999
249 9529
25 9999
250 9999
251 187
252 9999
254 812
255 9999
259 9999
260 9999
264 9999
265 9999
267 6635
268 9999
27 31
272 8802
273 9999
28 9999
281 910
282 9999
284 710
285 9999
287 9892
288 9999
29 22
290 9999
291 9999
293 8
294 9994
299 9999
30 9999
300 9999
304 9999
305 9999
306 15
307 9999
308 9999
309 9999
310 9893
311 9999
328 13
329 9999
342 9999
343 9999
40 303
41 9999
45 9999
46 9999
50 37
51 9999
52 9999
53 9999
54 159
55 9999
59 9999
60 9999
64 151
65 9999
85 9999
86 9999
87 0
88 9993
91 9999
92 9999
94 9999
95 9999
98 9998
99 9986
103 31
104 9999
109 9999
110 9999
112 300
113 9999
115 6949
116 9999
117 1020
118 9999
12 8538
122 852
123 9999
126 4072
127 9999
13 9999
133 14
134 9999
137 9999
138 9999
142 1038
143 9999
145 9129
146 9999
149 9999
150 9999
151 9717
152 9999
153 9999
154 9999
157 216
158 9999
182 0
183 958
185 6632
186 9999
187 9999
188 9999
19 8888
191 771
192 9999
193 9999
194 9999
195 9999
196 9999
198 192
199 9999
20 9999
204 15
205 9999
212 9999
213 9999
219 8420
220 9999
226 8508
227 9999
229 12
230 9999
231 9999
232 9999
233 9967
234 9999
235 9999
236 9999
24 1377
244 9169
245 9999
247 9999
248 9999
249 9529
25 9999
250 9999
251 187
252 9999
254 812
255 9999
259 9999
260 9999
264 9999
265 9999
267 6635
268 9999
27 31
272 8802
273 9999
28 9999
281 910
282 9999
284 710
285 9999
287 9892
288 9999
29 22
290 9999
291 9999
293 8
294 9994
299 9999
30 9999
300 9999
304 9999
305 9999
306 15
307 9999
308 9999
309 9999
310 9893
311 9999
328 13
329 9999
342 9999
343 9999
40 303
41 9999
45 9999
46 9999
50 37
51 9999
52 9999
53 9999
54 159
55 9999
59 9999
60 9999
64 151
65 9999
85 9999
86 9999
87 0
88 9993
91 9999
92 9999
94 9999
95 9999
98 9998
99 9986
368 0
369 499
43 0
44 498
530 143
531 23
566 0
567 1
680 0
681 160
744 46
745 499
