10 9999
104 9970
105 9996
106 0
107 9997
111 7
112 9999
118 9674
119 9999
130 0
131 9999
141 9996
142 9999
143 0
144 9999
146 9999
147 9996
152 9999
153 9999
161 1180
162 9999
17 6491
173 0
174 9999
177 9969
178 9999
18 9999
180 9999
181 9967
188 1172
189 9999
192 0
193 9999
194 58
195 9999
198 972
199 0
204 0
205 9999
214 607
215 9999
219 0
220 9576
225 9999
226 9979
237 6
238 9999
24 5
240 0
241 9972
242 6
243 9999
25 9999
254 0
255 9435
263 0
264 9999
269 47
270 9999
274 0
275 9999
279 0
280 0
283 0
284 9999
285 0
286 9974
291 9601
292 9969
300 9999
301 9912
303 6
304 9999
305 0
306 9999
321 0
322 9996
324 3
325 9999
326 88
327 9999
332 0
333 9999
337 0
338 9999
348 9
349 9999
363 6
364 9999
368 9999
369 9999
375 0
376 9999
377 1335
378 9999
383 58
384 9999
396 9995
397 9999
401 790
402 9999
403 9997
404 9999
409 0
41 0
410 831
414 0
415 9999
42 9995
426 1308
427 9999
430 0
431 9999
434 0
435 9434
440 0
441 9999
444 73
445 9999
447 6951
448 9999
46 9999
460 0
461 9999
47 7
476 9586
477 9999
48 0
49 9967
493 0
494 9999
497 0
498 9999
5 9997
500 0
501 9999
502 4
503 9999
504 5
505 9999
511 0
512 0
52 0
522 0
523 1041
53 9999
544 9972
545 9999
547 0
548 9999
550 9262
551 9999
552 63
553 9999
555 7200
556 1341
562 0
563 9440
566 9440
567 9937
57 9997
571 7
572 9999
58 9999
598 9940
599 9999
6 9999
606 0
607 9643
612 0
613 9999
650 6400
651 9944
653 0
654 9997
662 0
663 9997
671 6
672 9999
675 114
676 9999
679 4
680 9999
681 5
682 9999
684 9966
685 9998
686 8817
687 9999
697 1112
698 9999
699 4
700 9999
705 7
706 9997
707 407
708 9999
719 6
720 9999
723 6414
724 53
725 43
726 9996
78 9999
79 9999
80 0
81 9622
86 0
87 9999
88 0
89 9999
9 9995
90 0
91 9999
97 5
98 9999
10 9999
104 9970
105 9996
106 0
107 9997
111 7
112 9999
118 9674
119 9999
130 0
131 9999
141 9996
142 9999
143 0
144 9999
146 9999
147 9996
152 9999
153 9999
161 1180
162 9999
17 6491
173 0
174 9999
177 9969
178 9999
18 9999
180 9999
181 9967
188 1172
189 9999
192 0
193 9999
194 58
195 9999
198 972
199 0
204 0
205 9999
214 607
215 9999
219 0
220 9576
225 9999
226 9979
237 6
238 9999
24 5
240 0
241 9972
242 6
243 9999
25 9999
254 0
255 9435
263 0
264 9999
269 47
270 9999
274 0
275 9999
279 0
280 0
283 0
284 9999
285 0
286 9974
291 9601
292 9969
300 9999
301 9912
303 6
304 9999
305 0
306 9999
321 0
322 9996
324 3
325 9999
326 88
327 9999
332 0
333 9999
337 0
338 9999
348 9
349 9999
363 6
364 9999
368 9999
369 9999
375 0
376 9999
377 1335
378 9999
383 58
384 9999
396 9995
397 9999
401 790
402 9999
403 9997
404 9999
409 0
41 0
410 831
414 0
415 9999
42 9995
426 1308
427 9999
430 0
431 9999
434 0
435 9434
440 0
441 9999
444 73
445 9999
447 6951
448 9999
46 9999
460 0
461 9999
47 7
476 9586
477 9999
48 0
49 9967
493 0
494 9999
497 0
498 9999
5 9997
500 0
501 9999
502 4
503 9999
504 5
505 9999
511 0
512 0
52 0
522 0
523 1041
53 9999
544 9972
545 9999
547 0
548 9999
550 9262
551 9999
552 63
553 9999
555 7200
556 1341
562 0
563 9440
566 9440
567 9937
57 9997
571 7
572 9999
58 9999
598 9940
599 9999
6 9999
606 0
607 9643
612 0
613 9999
650 6400
651 9944
653 0
654 9997
662 0
663 9997
671 6
672 9999
675 114
676 9999
679 4
680 9999
681 5
682 9999
684 9966
685 9998
686 8817
687 9999
697 1112
698 9999
699 4
700 9999
705 7
706 9997
707 407
708 9999
719 6
720 9999
723 6414
724 53
725 43
726 9996
78 9999
79 9999
80 0
81 9622
86 0
87 9999
88 0
89 9999
9 9995
90 0
91 9999
97 5
98 9999
0 0
1 0
10 0
100 0
101 0
102 0
103 0
104 0
105 0
106 0
107 0
108 0
109 0
11 0
110 0
111 0
112 0
113 0
114 0
115 0
116 0
117 0
118 0
119 0
12 0
120 0
121 0
122 0
123 0
124 0
125 0
126 0
127 0
128 0
129 0
13 0
130 0
131 0
132 0
133 0
134 0
135 0
136 0
137 0
138 0
139 0
14 0
140 0
141 0
142 0
143 0
144 0
145 0
146 0
147 0
148 0
149 0
15 0
150 0
151 0
152 0
153 0
154 0
155 0
156 0
157 0
158 0
159 0
16 0
160 0
161 0
162 0
163 0
164 0
165 0
166 0
167 0
168 0
169 0
17 0
170 0
171 0
172 0
173 0
174 0
175 0
176 0
177 0
178 0
179 0
18 0
180 0
181 0
182 0
183 0
184 0
185 0
186 0
187 0
188 0
189 0
19 0
190 0
191 0
192 0
193 0
194 0
195 0
196 0
197 0
198 0
199 0
2 0
20 0
200 0
201 0
202 0
203 0
204 0
205 0
206 0
207 0
208 0
209 0
21 0
210 0
211 0
212 0
213 0
214 0
215 0
216 0
217 0
218 0
219 0
22 0
220 0
221 0
222 0
223 0
224 0
225 0
226 0
227 0
228 0
229 0
23 0
230 0
231 0
232 0
233 0
234 0
235 0
236 0
237 0
238 0
239 0
24 0
240 0
241 0
242 0
243 0
244 0
245 0
246 0
247 0
248 0
249 0
25 0
250 0
251 0
252 0
253 0
254 0
255 0
256 0
257 0
258 0
259 0
26 0
260 0
261 0
262 0
263 0
264 0
265 0
266 0
267 0
268 0
269 0
27 0
270 0
271 0
272 0
273 0
274 0
275 0
276 0
277 0
278 0
279 0
28 0
280 0
281 0
282 0
283 0
284 0
285 0
286 0
287 0
288 0
289 0
29 0
290 0
291 0
292 0
293 0
294 0
295 0
296 0
297 0
298 0
299 0
3 0
30 0
300 0
301 0
302 0
303 0
304 0
305 0
306 0
307 0
308 0
309 0
31 0
310 0
311 0
312 0
313 0
314 0
315 0
316 0
317 0
318 0
319 0
32 0
320 0
321 0
322 0
323 0
324 0
325 0
326 0
327 0
328 0
329 0
33 0
330 0
331 0
332 0
333 0
334 0
335 0
336 0
337 0
338 0
339 0
34 0
340 0
341 0
342 0
343 0
344 0
345 0
346 0
347 0
348 0
349 0
35 0
350 0
351 0
352 0
353 0
354 0
355 0
356 0
357 0
358 0
359 0
36 0
360 0
361 0
362 0
363 0
364 0
365 0
366 0
367 0
368 0
369 0
37 0
370 0
371 0
372 0
373 0
374 0
375 0
376 0
377 0
378 0
379 0
38 0
380 0
381 0
382 0
383 0
384 0
385 0
386 0
387 0
388 0
389 0
39 0
390 0
391 0
392 0
393 0
394 0
395 0
396 0
397 0
398 0
399 0
4 0
40 0
400 0
401 0
402 0
403 0
404 0
405 0
406 0
407 0
408 0
409 0
41 0
410 0
411 0
412 0
413 0
414 0
415 0
416 0
417 0
418 0
419 0
42 0
420 0
421 0
422 0
423 0
424 0
425 0
426 0
427 0
428 0
429 0
43 0
430 0
431 0
432 0
433 0
434 0
435 0
436 0
437 0
438 0
439 0
44 0
440 0
441 0
442 0
443 0
444 0
445 0
446 0
447 0
448 0
449 0
45 0
450 0
451 0
452 0
453 0
454 0
455 0
456 0
457 0
458 0
459 0
46 0
460 0
461 0
462 0
463 0
464 0
465 0
466 0
467 0
468 0
469 0
47 0
470 0
471 0
472 0
473 0
474 0
475 0
476 0
477 0
478 0
479 0
48 0
480 0
481 0
482 0
483 0
484 0
485 0
486 0
487 0
488 0
489 0
49 0
490 0
491 0
492 0
493 0
494 0
495 0
496 0
497 0
498 0
499 0
5 0
50 0
500 0
501 0
502 0
503 0
504 0
505 0
506 0
507 0
508 0
509 0
51 0
510 0
511 0
512 0
513 0
514 0
515 0
516 0
517 0
518 0
519 0
52 0
520 0
521 0
522 0
523 0
524 0
525 0
526 0
527 0
528 0
529 0
53 0
530 0
531 0
532 0
533 0
534 0
535 0
536 0
537 0
538 0
539 0
54 0
540 0
541 0
542 0
543 0
544 0
545 0
546 0
547 0
548 0
549 0
55 0
550 0
551 0
552 0
553 0
554 0
555 0
556 0
557 0
558 0
559 0
56 0
560 0
561 0
562 0
563 0
564 0
565 0
566 0
567 0
568 0
569 0
57 0
570 0
571 0
572 0
573 0
574 0
575 0
576 0
577 0
578 0
579 0
58 0
580 0
581 0
582 0
583 0
584 0
585 0
586 0
587 0
588 0
589 0
59 0
590 0
591 0
592 0
593 0
594 0
595 0
596 0
597 0
598 0
599 0
6 0
60 0
600 0
601 0
602 0
603 0
604 0
605 0
606 0
607 0
608 0
609 0
61 0
610 0
611 0
612 0
613 0
614 0
615 0
616 0
617 0
618 0
619 0
62 0
620 0
621 0
622 0
623 0
624 0
625 0
626 0
627 0
628 0
629 0
63 0
630 0
631 0
632 0
633 0
634 0
635 0
636 0
637 0
64 0
65 0
66 0
67 0
68 0
69 0
7 0
70 0
71 0
72 0
73 0
74 0
75 0
76 0
77 0
78 0
79 0
8 0
80 0
81 0
82 0
83 0
84 0
85 0
86 0
87 0
88 0
89 0
9 0
90 0
91 0
92 0
93 0
94 0
95 0
96 0
97 0
98 0
99 0
0 0
1 0
10 0
100 0
101 0
102 0
103 0
104 0
105 0
106 0
107 0
108 0
109 0
11 0
110 0
111 0
112 0
113 0
114 0
115 0
116 0
117 0
118 0
119 0
12 0
120 0
121 0
122 0
123 0
124 0
125 0
126 0
127 0
128 0
129 0
13 0
130 0
131 0
132 0
133 0
134 0
135 0
136 0
137 0
138 0
139 0
14 0
140 0
141 0
142 0
143 0
144 0
145 0
146 0
147 0
148 0
149 0
15 0
150 0
151 0
152 0
153 0
154 0
155 0
156 0
157 0
158 0
159 0
16 0
160 0
161 0
162 0
163 0
164 0
165 0
166 0
167 0
168 0
169 0
17 0
170 0
171 0
172 0
173 0
174 0
175 0
176 0
177 0
178 0
179 0
18 0
180 0
181 0
182 0
183 0
184 0
185 0
186 0
187 0
188 0
189 0
19 0
190 0
191 0
192 0
193 0
194 0
195 0
196 0
197 0
198 0
199 0
2 0
20 0
200 0
201 0
202 0
203 0
204 0
205 0
206 0
207 0
208 0
209 0
21 0
210 0
211 0
212 0
213 0
214 0
215 0
216 0
217 0
218 0
219 0
22 0
220 0
221 0
222 0
223 0
224 0
225 0
226 0
227 0
228 0
229 0
23 0
230 0
231 0
232 0
233 0
234 0
235 0
236 0
237 0
238 0
239 0
24 0
240 0
241 0
242 0
243 0
244 0
245 0
246 0
247 0
248 0
249 0
25 0
250 0
251 0
252 0
253 0
254 0
255 0
256 0
257 0
258 0
259 0
26 0
260 0
261 0
262 0
263 0
264 0
265 0
266 0
267 0
268 0
269 0
27 0
270 0
271 0
272 0
273 0
274 0
275 0
276 0
277 0
278 0
279 0
28 0
280 0
281 0
282 0
283 0
284 0
285 0
286 0
287 0
288 0
289 0
29 0
290 0
291 0
292 0
293 0
294 0
295 0
296 0
297 0
298 0
299 0
3 0
30 0
300 0
301 0
302 0
303 0
304 0
305 0
306 0
307 0
308 0
309 0
31 0
310 0
311 0
312 0
313 0
314 0
315 0
316 0
317 0
318 0
319 0
32 0
320 0
321 0
322 0
323 0
324 0
325 0
326 0
327 0
328 0
329 0
33 0
330 0
331 0
332 0
333 0
334 0
335 0
336 0
337 0
338 0
339 0
34 0
340 0
341 0
342 0
343 0
344 0
345 0
346 0
347 0
348 0
349 0
35 0
350 0
351 0
352 0
353 0
354 0
355 0
356 0
357 0
358 0
359 0
36 0
360 0
361 0
362 0
363 0
364 0
365 0
366 0
367 0
368 0
369 0
37 0
370 0
371 0
372 0
373 0
374 0
375 0
376 0
377 0
378 0
379 0
38 0
380 0
381 0
382 0
383 0
384 0
385 0
386 0
387 0
388 0
389 0
39 0
390 0
391 0
392 0
393 0
394 0
395 0
396 0
397 0
398 0
399 0
4 0
40 0
400 0
401 0
402 0
403 0
404 0
405 0
406 0
407 0
408 0
409 0
41 0
410 0
411 0
412 0
413 0
414 0
415 0
416 0
417 0
418 0
419 0
42 0
420 0
421 0
422 0
423 0
424 0
425 0
426 0
427 0
428 0
429 0
43 0
430 0
431 0
432 0
433 0
434 0
435 0
436 0
437 0
438 0
439 0
44 0
440 0
441 0
442 0
443 0
444 0
445 0
446 0
447 0
448 0
449 0
45 0
450 0
451 0
452 0
453 0
454 0
455 0
456 0
457 0
458 0
459 0
46 0
460 0
461 0
462 0
463 0
464 0
465 0
466 0
467 0
468 0
469 0
47 0
470 0
471 0
472 0
473 0
474 0
475 0
476 0
477 0
478 0
479 0
48 0
480 0
481 0
482 0
483 0
484 0
485 0
486 0
487 0
488 0
489 0
49 0
490 0
491 0
492 0
493 0
494 0
495 0
496 0
497 0
498 0
499 0
5 0
50 0
500 0
501 0
502 0
503 0
504 0
505 0
506 0
507 0
508 0
509 0
51 0
510 0
511 0
512 0
513 0
514 0
515 0
516 0
517 0
518 0
519 0
52 0
520 0
521 0
522 0
523 0
524 0
525 0
526 0
527 0
528 0
529 0
53 0
530 0
531 0
532 0
533 0
534 0
535 0
536 0
537 0
538 0
539 0
54 0
540 0
541 0
542 0
543 0
544 0
545 0
546 0
547 0
548 0
549 0
55 0
550 0
551 0
552 0
553 0
554 0
555 0
556 0
557 0
558 0
559 0
56 0
560 0
561 0
562 0
563 0
564 0
565 0
566 0
567 0
568 0
569 0
57 0
570 0
571 0
572 0
573 0
574 0
575 0
576 0
577 0
578 0
579 0
58 0
580 0
581 0
582 0
583 0
584 0
585 0
586 0
587 0
588 0
589 0
59 0
590 0
591 0
592 0
593 0
594 0
595 0
596 0
597 0
598 0
599 0
6 0
60 0
600 0
601 0
602 0
603 0
604 0
605 0
606 0
607 0
608 0
609 0
61 0
610 0
611 0
612 0
613 0
614 0
615 0
616 0
617 0
618 0
619 0
62 0
620 0
621 0
622 0
623 0
624 0
625 0
626 0
627 0
628 0
629 0
63 0
630 0
631 0
632 0
633 0
634 0
635 0
636 0
637 0
64 0
65 0
66 0
67 0
68 0
69 0
7 0
70 0
71 0
72 0
73 0
74 0
75 0
76 0
77 0
78 0
79 0
8 0
80 0
81 0
82 0
83 0
84 0
85 0
86 0
87 0
88 0
89 0
9 0
90 0
91 0
92 0
93 0
94 0
95 0
96 0
97 0
98 0
99 0
0 0
1 0
10 0
100 0
101 0
102 0
103 0
104 0
105 0
106 0
107 0
108 0
109 0
11 0
110 0
111 0
112 0
113 0
114 0
115 0
116 0
117 0
118 0
119 0
12 0
120 0
121 0
122 0
123 0
124 0
125 0
126 0
127 0
128 0
129 0
13 0
130 0
131 0
132 0
133 0
134 0
135 0
136 0
137 0
138 0
139 0
14 0
140 0
141 0
142 0
143 0
144 0
145 0
146 0
147 0
148 0
149 0
15 0
150 0
151 0
152 0
153 0
154 0
155 0
156 0
157 0
158 0
159 0
16 0
160 0
161 0
162 0
163 0
164 0
165 0
166 0
167 0
168 0
169 0
17 0
170 0
171 0
172 0
173 0
174 0
175 0
176 0
177 0
178 0
179 0
18 0
180 0
181 0
182 0
183 0
184 0
185 0
186 0
187 0
188 0
189 0
19 0
190 0
191 0
192 0
193 0
194 0
195 0
196 0
197 0
198 0
199 0
2 0
20 0
200 0
201 0
202 0
203 0
204 0
205 0
206 0
207 0
208 0
209 0
21 0
210 0
211 0
212 0
213 0
214 0
215 0
216 0
217 0
218 0
219 0
22 0
220 0
221 0
222 0
223 0
224 0
225 0
226 0
227 0
228 0
229 0
23 0
230 0
231 0
232 0
233 0
234 0
235 0
236 0
237 0
238 0
239 0
24 0
240 0
241 0
242 0
243 0
244 0
245 0
246 0
247 0
248 0
249 0
25 0
250 0
251 0
252 0
253 0
254 0
255 0
256 0
257 0
258 0
259 0
26 0
260 0
261 0
262 0
263 0
264 0
265 0
266 0
267 0
268 0
269 0
27 0
270 0
271 0
272 0
273 0
274 0
275 0
276 0
277 0
278 0
279 0
28 0
280 0
281 0
282 0
283 0
284 0
285 0
286 0
287 0
288 0
289 0
29 0
290 0
291 0
292 0
293 0
294 0
295 0
296 0
297 0
298 0
299 0
3 0
30 0
300 0
301 0
302 0
303 0
304 0
305 0
306 0
307 0
308 0
309 0
31 0
310 0
311 0
312 0
313 0
314 0
315 0
316 0
317 0
318 0
319 0
32 0
320 0
321 0
322 0
323 0
324 0
325 0
326 0
327 0
328 0
329 0
33 0
330 0
331 0
332 0
333 0
334 0
335 0
336 0
337 0
338 0
339 0
34 0
340 0
341 0
342 0
343 0
344 0
345 0
346 0
347 0
348 0
349 0
35 0
350 0
351 0
352 0
353 0
354 0
355 0
356 0
357 0
358 0
359 0
36 0
360 0
361 0
362 0
363 0
364 0
365 0
366 0
367 0
368 0
369 0
37 0
370 0
371 0
372 0
373 0
374 0
375 0
376 0
377 0
378 0
379 0
38 0
380 0
381 0
382 0
383 0
384 0
385 0
386 0
387 0
388 0
389 0
39 0
390 0
391 0
392 0
393 0
394 0
395 0
396 0
397 0
398 0
399 0
4 0
40 0
400 0
401 0
402 0
403 0
404 0
405 0
406 0
407 0
408 0
409 0
41 0
410 0
411 0
412 0
413 0
414 0
415 0
416 0
417 0
418 0
419 0
42 0
420 0
421 0
422 0
423 0
424 0
425 0
426 0
427 0
428 0
429 0
43 0
430 0
431 0
432 0
433 0
434 0
435 0
436 0
437 0
438 0
439 0
44 0
440 0
441 0
442 0
443 0
444 0
445 0
446 0
447 0
448 0
449 0
45 0
450 0
451 0
452 0
453 0
454 0
455 0
456 0
457 0
458 0
459 0
46 0
460 0
461 0
462 0
463 0
464 0
465 0
466 0
467 0
468 0
469 0
47 0
470 0
471 0
472 0
473 0
474 0
475 0
476 0
477 0
478 0
479 0
48 0
480 0
481 0
482 0
483 0
484 0
485 0
486 0
487 0
488 0
489 0
49 0
490 0
491 0
492 0
493 0
494 0
495 0
496 0
497 0
498 0
499 0
5 0
50 0
500 0
501 0
502 0
503 0
504 0
505 0
506 0
507 0
508 0
509 0
51 0
510 0
511 0
512 0
513 0
514 0
515 0
516 0
517 0
518 0
519 0
52 0
520 0
521 0
522 0
523 0
524 0
525 0
526 0
527 0
528 0
529 0
53 0
530 0
531 0
532 0
533 0
534 0
535 0
536 0
537 0
538 0
539 0
54 0
540 0
541 0
542 0
543 0
544 0
545 0
546 0
547 0
548 0
549 0
55 0
550 0
551 0
552 0
553 0
554 0
555 0
556 0
557 0
558 0
559 0
56 0
560 0
561 0
562 0
563 0
564 0
565 0
566 0
567 0
568 0
569 0
57 0
570 0
571 0
572 0
573 0
574 0
575 0
576 0
577 0
578 0
579 0
58 0
580 0
581 0
582 0
583 0
584 0
585 0
586 0
587 0
588 0
589 0
59 0
590 0
591 0
592 0
593 0
594 0
595 0
596 0
597 0
598 0
599 0
6 0
60 0
600 0
601 0
602 0
603 0
604 0
605 0
606 0
607 0
608 0
609 0
61 0
610 0
611 0
612 0
613 0
614 0
615 0
616 0
617 0
618 0
619 0
62 0
620 0
621 0
622 0
623 0
624 0
625 0
626 0
627 0
628 0
629 0
63 0
630 0
631 0
632 0
633 0
634 0
635 0
636 0
637 0
64 0
65 0
66 0
67 0
68 0
69 0
7 0
70 0
71 0
72 0
73 0
74 0
75 0
76 0
77 0
78 0
79 0
8 0
80 0
81 0
82 0
83 0
84 0
85 0
86 0
87 0
88 0
89 0
9 0
90 0
91 0
92 0
93 0
94 0
95 0
96 0
97 0
98 0
99 0
0 0
1 0
10 0
100 0
101 0
102 0
103 0
104 0
105 0
106 0
107 0
108 0
109 0
11 0
110 0
111 0
112 0
113 0
114 0
115 0
116 0
117 0
118 0
119 0
12 0
120 0
121 0
122 0
123 0
124 0
125 0
126 0
127 0
128 0
129 0
13 0
130 0
131 0
132 0
133 0
134 0
135 0
136 0
137 0
138 0
139 0
14 0
140 0
141 0
142 0
143 0
144 0
145 0
146 0
147 0
148 0
149 0
15 0
150 0
151 0
152 0
153 0
154 0
155 0
156 0
157 0
158 0
159 0
16 0
160 0
161 0
162 0
163 0
164 0
165 0
166 0
167 0
168 0
169 0
17 0
170 0
171 0
172 0
173 0
174 0
175 0
176 0
177 0
178 0
179 0
18 0
180 0
181 0
182 0
183 0
184 0
185 0
186 0
187 0
188 0
189 0
19 0
190 0
191 0
192 0
193 0
194 0
195 0
196 0
197 0
198 0
199 0
2 0
20 0
200 0
201 0
202 0
203 0
204 0
205 0
206 0
207 0
208 0
209 0
21 0
210 0
211 0
212 0
213 0
214 0
215 0
216 0
217 0
218 0
219 0
22 0
220 0
221 0
222 0
223 0
224 0
225 0
226 0
227 0
228 0
229 0
23 0
230 0
231 0
232 0
233 0
234 0
235 0
236 0
237 0
238 0
239 0
24 0
240 0
241 0
242 0
243 0
244 0
245 0
246 0
247 0
248 0
249 0
25 0
250 0
251 0
252 0
253 0
254 0
255 0
256 0
257 0
258 0
259 0
26 0
260 0
261 0
262 0
263 0
264 0
265 0
266 0
267 0
268 0
269 0
27 0
270 0
271 0
272 0
273 0
274 0
275 0
276 0
277 0
278 0
279 0
28 0
280 0
281 0
282 0
283 0
284 0
285 0
286 0
287 0
288 0
289 0
29 0
290 0
291 0
292 0
293 0
294 0
295 0
296 0
297 0
298 0
299 0
3 0
30 0
300 0
301 0
302 0
303 0
304 0
305 0
306 0
307 0
308 0
309 0
31 0
310 0
311 0
312 0
313 0
314 0
315 0
316 0
317 0
318 0
319 0
32 0
320 0
321 0
322 0
323 0
324 0
325 0
326 0
327 0
328 0
329 0
33 0
330 0
331 0
332 0
333 0
334 0
335 0
336 0
337 0
338 0
339 0
34 0
340 0
341 0
342 0
343 0
344 0
345 0
346 0
347 0
348 0
349 0
35 0
350 0
351 0
352 0
353 0
354 0
355 0
356 0
357 0
358 0
359 0
36 0
360 0
361 0
362 0
363 0
364 0
365 0
366 0
367 0
368 0
369 0
37 0
370 0
371 0
372 0
373 0
374 0
375 0
376 0
377 0
378 0
379 0
38 0
380 0
381 0
382 0
383 0
384 0
385 0
386 0
387 0
388 0
389 0
39 0
390 0
391 0
392 0
393 0
394 0
395 0
396 0
397 0
398 0
399 0
4 0
40 0
400 0
401 0
402 0
403 0
404 0
405 0
406 0
407 0
408 0
409 0
41 0
410 0
411 0
412 0
413 0
414 0
415 0
416 0
417 0
418 0
419 0
42 0
420 0
421 0
422 0
423 0
424 0
425 0
426 0
427 0
428 0
429 0
43 0
430 0
431 0
432 0
433 0
434 0
435 0
436 0
437 0
438 0
439 0
44 0
440 0
441 0
442 0
443 0
444 0
445 0
446 0
447 0
448 0
449 0
45 0
450 0
451 0
452 0
453 0
454 0
455 0
456 0
457 0
458 0
459 0
46 0
460 0
461 0
462 0
463 0
464 0
465 0
466 0
467 0
468 0
469 0
47 0
470 0
471 0
472 0
473 0
474 0
475 0
476 0
477 0
478 0
479 0
48 0
480 0
481 0
482 0
483 0
484 0
485 0
486 0
487 0
488 0
489 0
49 0
490 0
491 0
492 0
493 0
494 0
495 0
496 0
497 0
498 0
499 0
5 0
50 0
500 0
501 0
502 0
503 0
504 0
505 0
506 0
507 0
508 0
509 0
51 0
510 0
511 0
512 0
513 0
514 0
515 0
516 0
517 0
518 0
519 0
52 0
520 0
521 0
522 0
523 0
524 0
525 0
526 0
527 0
528 0
529 0
53 0
530 0
531 0
532 0
533 0
534 0
535 0
536 0
537 0
538 0
539 0
54 0
540 0
541 0
542 0
543 0
544 0
545 0
546 0
547 0
548 0
549 0
55 0
550 0
551 0
552 0
553 0
554 0
555 0
556 0
557 0
558 0
559 0
56 0
560 0
561 0
562 0
563 0
564 0
565 0
566 0
567 0
568 0
569 0
57 0
570 0
571 0
572 0
573 0
574 0
575 0
576 0
577 0
578 0
579 0
58 0
580 0
581 0
582 0
583 0
584 0
585 0
586 0
587 0
588 0
589 0
59 0
590 0
591 0
592 0
593 0
594 0
595 0
596 0
597 0
598 0
599 0
6 0
60 0
600 0
601 0
602 0
603 0
604 0
605 0
606 0
607 0
608 0
609 0
61 0
610 0
611 0
612 0
613 0
614 0
615 0
616 0
617 0
618 0
619 0
62 0
620 0
621 0
622 0
623 0
624 0
625 0
626 0
627 0
628 0
629 0
63 0
630 0
631 0
632 0
633 0
634 0
635 0
636 0
637 0
638 0
639 0
64 0
640 0
641 0
642 0
643 0
644 0
645 0
646 0
647 0
648 0
649 0
65 0
650 0
651 0
652 0
653 0
654 0
655 0
656 0
657 0
658 0
659 0
66 0
660 0
661 0
662 0
663 0
664 0
665 0
666 0
667 0
668 0
669 0
67 0
68 0
69 0
7 0
70 0
71 0
72 0
73 0
74 0
75 0
76 0
77 0
78 0
79 0
8 0
80 0
81 0
82 0
83 0
84 0
85 0
86 0
87 0
88 0
89 0
9 0
90 0
91 0
92 0
93 0
94 0
95 0
96 0
97 0
98 0
99 0
0 0
1 0
10 0
100 0
101 0
102 0
103 0
104 0
105 0
106 0
107 0
108 0
109 0
11 0
110 0
111 0
112 0
113 0
114 0
115 0
116 0
117 0
118 0
119 0
12 0
120 0
121 0
122 0
123 0
124 0
125 0
126 0
127 0
128 0
129 0
13 0
130 0
131 0
132 0
133 0
134 0
135 0
136 0
137 0
138 0
139 0
14 0
140 0
141 0
142 0
143 0
144 0
145 0
146 0
147 0
148 0
149 0
15 0
150 0
151 0
152 0
153 0
154 0
155 0
156 0
157 0
158 0
159 0
16 0
160 0
161 0
162 0
163 0
164 0
165 0
166 0
167 0
168 0
169 0
17 0
170 0
171 0
172 0
173 0
174 0
175 0
176 0
177 0
178 0
179 0
18 0
180 0
181 0
182 0
183 0
184 0
185 0
186 0
187 0
188 0
189 0
19 0
190 0
191 0
192 0
193 0
194 0
195 0
196 0
197 0
198 0
199 0
2 0
20 0
200 0
201 0
202 0
203 0
204 0
205 0
206 0
207 0
208 0
209 0
21 0
210 0
211 0
212 0
213 0
214 0
215 0
216 0
217 0
218 0
219 0
22 0
220 0
221 0
222 0
223 0
224 0
225 0
226 0
227 0
228 0
229 0
23 0
230 0
231 0
232 0
233 0
234 0
235 0
236 0
237 0
238 0
239 0
24 0
240 0
241 0
242 0
243 0
244 0
245 0
246 0
247 0
248 0
249 0
25 0
250 0
251 0
252 0
253 0
254 0
255 0
256 0
257 0
258 0
259 0
26 0
260 0
261 0
262 0
263 0
264 0
265 0
266 0
267 0
268 0
269 0
27 0
270 0
271 0
272 0
273 0
274 0
275 0
276 0
277 0
278 0
279 0
28 0
280 0
281 0
282 0
283 0
284 0
285 0
286 0
287 0
288 0
289 0
29 0
290 0
291 0
292 0
293 0
294 0
295 0
296 0
297 0
298 0
299 0
3 0
30 0
300 0
301 0
302 0
303 0
304 0
305 0
306 0
307 0
308 0
309 0
31 0
310 0
311 0
312 0
313 0
314 0
315 0
316 0
317 0
318 0
319 0
32 0
320 0
321 0
322 0
323 0
324 0
325 0
326 0
327 0
328 0
329 0
33 0
330 0
331 0
332 0
333 0
334 0
335 0
336 0
337 0
338 0
339 0
34 0
340 0
341 0
342 0
343 0
344 0
345 0
346 0
347 0
348 0
349 0
35 0
350 0
351 0
352 0
353 0
354 0
355 0
356 0
357 0
358 0
359 0
36 0
360 0
361 0
362 0
363 0
364 0
365 0
366 0
367 0
368 0
369 0
37 0
370 0
371 0
372 0
373 0
374 0
375 0
376 0
377 0
378 0
379 0
38 0
380 0
381 0
382 0
383 0
384 0
385 0
386 0
387 0
388 0
389 0
39 0
390 0
391 0
392 0
393 0
394 0
395 0
396 0
397 0
398 0
399 0
4 0
40 0
400 0
401 0
402 0
403 0
404 0
405 0
406 0
407 0
408 0
409 0
41 0
410 0
411 0
412 0
413 0
414 0
415 0
416 0
417 0
418 0
419 0
42 0
420 0
421 0
422 0
423 0
424 0
425 0
426 0
427 0
428 0
429 0
43 0
430 0
431 0
432 0
433 0
434 0
435 0
436 0
437 0
438 0
439 0
44 0
440 0
441 0
442 0
443 0
444 0
445 0
446 0
447 0
448 0
449 0
45 0
450 0
451 0
452 0
453 0
454 0
455 0
456 0
457 0
458 0
459 0
46 0
460 0
461 0
462 0
463 0
464 0
465 0
466 0
467 0
468 0
469 0
47 0
470 0
471 0
472 0
473 0
474 0
475 0
476 0
477 0
478 0
479 0
48 0
480 0
481 0
482 0
483 0
484 0
485 0
486 0
487 0
488 0
489 0
49 0
490 0
491 0
492 0
493 0
494 0
495 0
496 0
497 0
498 0
499 0
5 0
50 0
500 0
501 0
502 0
503 0
504 0
505 0
506 0
507 0
508 0
509 0
51 0
510 0
511 0
512 0
513 0
514 0
515 0
516 0
517 0
518 0
519 0
52 0
520 0
521 0
522 0
523 0
524 0
525 0
526 0
527 0
528 0
529 0
53 0
530 0
531 0
532 0
533 0
534 0
535 0
536 0
537 0
538 0
539 0
54 0
540 0
541 0
542 0
543 0
544 0
545 0
546 0
547 0
548 0
549 0
55 0
550 0
551 0
552 0
553 0
554 0
555 0
556 0
557 0
558 0
559 0
56 0
560 0
561 0
562 0
563 0
564 0
565 0
566 0
567 0
568 0
569 0
57 0
570 0
571 0
572 0
573 0
574 0
575 0
576 0
577 0
578 0
579 0
58 0
580 0
581 0
582 0
583 0
584 0
585 0
586 0
587 0
588 0
589 0
59 0
590 0
591 0
592 0
593 0
594 0
595 0
596 0
597 0
598 0
599 0
6 0
60 0
600 0
601 0
602 0
603 0
604 0
605 0
606 0
607 0
608 0
609 0
61 0
610 0
611 0
612 0
613 0
614 0
615 0
616 0
617 0
618 0
619 0
62 0
620 0
621 0
622 0
623 0
624 0
625 0
626 0
627 0
628 0
629 0
63 0
630 0
631 0
632 0
633 0
634 0
635 0
636 0
637 0
638 0
639 0
64 0
640 0
641 0
642 0
643 0
644 0
645 0
646 0
647 0
648 0
649 0
65 0
650 0
651 0
652 0
653 0
654 0
655 0
66 0
67 0
68 0
69 0
7 0
70 0
71 0
72 0
73 0
74 0
75 0
76 0
77 0
78 0
79 0
8 0
80 0
81 0
82 0
83 0
84 0
85 0
86 0
87 0
88 0
89 0
9 0
90 0
91 0
92 0
93 0
94 0
95 0
96 0
97 0
98 0
99 0
108 0
109 0
110 0
111 0
116 0
117 0
12 0
124 0
125 0
13 0
130 0
131 0
132 0
133 0
140 0
141 0
151 0
152 0
157 0
158 0
161 0
162 0
164 0
165 0
168 0
169 0
171 0
172 0
176 0
177 0
178 0
179 0
191 0
192 0
194 0
195 0
197 0
198 0
2 0
200 0
201 0
212 0
213 0
222 0
223 0
224 0
225 0
228 0
229 0
236 0
237 0
241 0
242 0
247 0
248 0
249 0
250 0
260 0
261 0
263 0
264 0
265 0
266 0
269 0
270 0
275 0
276 0
278 0
279 0
280 0
281 0
283 0
284 0
291 0
292 0
295 0
296 0
3 0
300 0
301 0
302 0
303 0
305 0
306 0
309 0
310 0
313 0
314 0
315 0
316 0
321 0
322 0
325 0
326 0
335 0
336 0
340 0
341 0
343 0
344 0
351 0
352 0
353 0
354 0
355 0
356 0
380 0
381 0
385 0
386 0
387 0
388 0
389 0
390 0
40 0
400 0
401 0
408 0
409 0
41 0
415 0
416 0
419 0
420 0
422 0
423 0
425 0
426 0
430 0
431 0
432 0
433 0
436 0
437 0
438 0
439 0
440 0
441 0
45 0
451 0
452 0
46 0
461 0
462 0
474 0
475 0
48 0
49 0
492 0
493 0
494 0
495 0
497 0
498 0
5 0
503 0
504 0
506 0
507 0
509 0
510 0
514 0
515 0
52 0
521 0
522 0
53 0
535 0
536 0
539 0
540 0
56 0
563 0
564 0
57 0
580 0
581 0
589 0
590 0
591 0
592 0
595 0
596 0
6 0
601 0
602 0
604 0
605 0
612 0
613 0
614 0
615 0
617 0
618 0
625 0
626 0
628 0
629 0
634 0
635 0
636 0
637 0
645 0
646 0
667 0
668 0
670 0
671 0
678 0
679 0
684 0
685 0
691 0
692 0
698 0
699 0
701 0
702 0
708 0
709 0
710 0
711 0
716 0
717 0
721 0
722 0
727 0
728 0
73 0
732 0
733 0
739 0
74 0
740 0
744 0
745 0
746 0
747 0
751 0
752 0
754 0
755 0
756 0
757 0
759 0
760 0
79 0
8 0
80 0
81 0
82 0
83 0
84 0
89 0
9 0
90 0
108 18
109 468
110 11
111 468
116 0
117 440
12 21
124 183
125 468
13 490
130 0
131 445
132 5
133 467
140 421
141 102
151 442
152 438
157 276
158 13
161 460
162 41
164 463
165 29
168 457
169 463
171 4
172 463
176 0
177 463
178 1
179 463
191 451
192 3
194 15
195 463
197 428
198 463
2 157
200 434
201 431
212 412
213 462
222 15
223 462
224 432
225 462
228 436
229 462
236 7
237 462
241 0
242 462
247 462
248 29
249 0
250 462
260 458
261 414
263 114
264 460
265 459
266 460
269 0
270 460
275 412
276 459
278 14
279 457
280 17
281 457
283 456
284 456
291 456
292 456
295 456
296 456
3 495
300 451
301 456
302 0
303 456
305 454
306 451
309 456
310 456
313 456
314 456
315 26
316 456
321 451
322 455
325 0
326 447
335 0
336 122
340 89
341 455
343 455
344 455
351 424
352 454
353 57
354 454
355 187
356 454
380 13
381 453
385 0
386 433
387 435
388 453
389 445
390 452
40 118
400 0
401 7
408 0
409 8
41 483
415 8
416 448
419 448
420 448
422 448
423 439
425 344
426 175
430 447
431 398
432 2
433 446
436 1
437 446
438 7
439 446
440 19
441 446
45 466
451 446
452 445
46 483
461 446
462 443
474 282
475 445
48 301
49 474
492 0
493 217
494 208
495 446
497 435
498 446
5 2
503 0
504 115
506 442
507 446
509 3
510 445
514 0
515 445
52 18
521 2
522 446
53 480
535 5
536 445
539 444
540 444
56 480
563 444
564 443
57 115
580 401
581 443
589 327
590 443
591 0
592 443
595 0
596 0
6 492
601 0
602 443
604 443
605 437
612 16
613 442
614 2
615 442
617 442
618 442
625 30
626 442
628 439
629 442
634 442
635 442
636 6
637 442
645 442
646 442
667 0
668 442
670 257
671 442
678 0
679 0
684 398
685 163
691 11
692 441
698 82
699 441
701 441
702 19
708 399
709 40
710 44
711 441
716 0
717 16
721 0
722 132
727 430
728 18
73 1
732 0
733 48
739 437
74 478
740 412
744 439
745 432
746 55
747 439
751 438
752 438
754 407
755 434
756 0
757 438
759 438
760 438
79 476
8 14
80 60
81 412
82 475
83 77
84 474
89 473
9 492
90 473
10 999
102 29
103 999
107 987
108 999
109 8
110 999
113 999
114 15
115 925
116 999
117 2
118 999
119 1
12 10
120 999
123 988
124 997
125 10
126 999
129 18
13 999
130 999
133 0
134 999
137 105
138 999
144 3
145 999
15 102
150 943
151 999
153 997
154 999
158 999
159 999
16 999
161 4
162 999
167 0
168 1
17 999
170 999
171 999
172 27
173 999
174 0
175 999
177 999
178 991
18 999
181 426
182 999
184 935
185 999
186 0
187 999
189 999
190 13
191 17
192 999
193 192
194 999
195 172
196 999
206 999
207 998
208 998
209 999
211 16
212 999
214 999
215 999
217 0
218 999
223 2
224 999
226 0
227 999
230 999
231 999
233 1
234 999
242 0
243 999
246 963
247 999
250 999
251 999
253 183
254 999
255 254
256 999
257 994
258 999
26 0
263 6
264 999
267 994
268 996
27 28
271 11
272 999
275 999
276 999
277 999
278 999
283 0
284 999
287 963
288 999
291 992
292 579
295 991
296 999
298 988
299 999
301 999
302 148
308 3
309 999
31 999
312 964
313 997
314 3
315 999
317 989
318 999
32 999
322 847
323 999
330 993
331 999
333 1
334 999
336 999
337 999
354 999
355 999
359 11
360 999
361 0
362 999
367 941
368 999
369 0
370 999
379 998
38 2
380 999
386 0
387 999
389 18
39 999
390 999
393 697
394 999
4 114
404 999
405 999
407 999
408 1
409 0
41 1
410 999
412 989
413 711
415 999
416 999
417 905
418 999
42 999
421 999
422 999
423 999
424 999
431 916
432 999
437 999
438 999
439 0
440 999
441 999
442 999
443 0
444 999
447 0
448 999
452 9
453 999
459 0
460 914
461 892
462 999
467 0
468 991
469 998
470 999
473 8
474 999
477 1
478 999
482 999
483 999
489 0
49 999
490 0
493 999
494 999
496 15
497 999
5 999
50 103
503 3
504 999
505 0
506 999
508 999
509 999
511 999
512 999
515 12
516 999
517 0
518 999
519 3
520 999
523 990
524 999
529 0
530 998
537 10
538 999
541 999
542 991
547 243
548 999
551 999
552 15
555 999
556 999
557 198
558 999
559 999
560 999
570 24
571 999
572 0
573 999
575 167
576 999
579 23
580 999
582 932
583 999
584 890
585 999
586 0
587 999
590 1
591 999
594 987
595 999
600 999
601 999
602 521
603 999
606 140
607 999
608 0
609 999
611 915
612 999
614 999
615 999
617 999
618 999
619 918
620 999
621 611
622 999
624 999
625 999
626 127
627 999
629 2
630 999
632 0
633 999
638 999
639 12
650 999
651 999
660 943
661 999
663 999
664 18
668 843
669 991
677 988
678 999
681 999
682 999
685 991
686 999
689 999
69 0
690 999
691 174
692 999
70 4
71 991
72 999
77 20
78 999
80 999
81 999
83 1
84 999
85 999
86 999
88 999
89 999
9 0
90 5
91 999
94 932
95 999
97 9
98 999
10 999
102 29
103 999
107 987
108 999
109 8
110 999
113 999
114 15
115 925
116 999
117 2
118 999
119 1
12 10
120 999
123 988
124 997
125 10
126 999
129 18
13 999
130 999
133 0
134 999
137 105
138 999
144 3
145 999
15 102
150 943
151 999
153 997
154 999
158 999
159 999
16 999
161 4
162 999
167 0
168 1
17 999
170 999
171 999
172 27
173 999
174 0
175 999
177 999
178 991
18 999
181 426
182 999
184 935
185 999
186 0
187 999
189 999
190 13
191 17
192 999
193 192
194 999
195 172
196 999
206 999
207 998
208 998
209 999
211 16
212 999
214 999
215 999
217 0
218 999
223 2
224 999
226 0
227 999
230 999
231 999
233 1
234 999
242 0
243 999
246 963
247 999
250 999
251 999
253 183
254 999
255 254
256 999
257 994
258 999
26 0
263 6
264 999
267 994
268 996
27 28
271 11
272 999
275 999
276 999
277 999
278 999
283 0
284 999
287 963
288 999
291 992
292 579
295 991
296 999
298 988
299 999
301 999
302 148
308 3
309 999
31 999
312 964
313 997
314 3
315 999
317 989
318 999
32 999
322 847
323 999
330 993
331 999
333 1
334 999
336 999
337 999
354 999
355 999
359 11
360 999
361 0
362 999
367 941
368 999
369 0
370 999
379 998
38 2
380 999
386 0
387 999
389 18
39 999
390 999
393 697
394 999
4 114
404 999
405 999
407 999
408 1
409 0
41 1
410 999
412 989
413 711
415 999
416 999
417 905
418 999
42 999
421 999
422 999
423 999
424 999
431 916
432 999
437 999
438 999
439 0
440 999
441 999
442 999
443 0
444 999
447 0
448 999
452 9
453 999
459 0
460 914
461 892
462 999
467 0
468 991
469 998
470 999
473 8
474 999
477 1
478 999
482 999
483 999
489 0
49 999
490 0
493 999
494 999
496 15
497 999
5 999
50 103
503 3
504 999
505 0
506 999
508 999
509 999
511 999
512 999
515 12
516 999
517 0
518 999
519 3
520 999
523 990
524 999
529 0
530 998
537 10
538 999
541 999
542 991
547 243
548 999
551 999
552 15
555 999
556 999
557 198
558 999
559 999
560 999
570 24
571 999
572 0
573 999
575 167
576 999
579 23
580 999
582 932
583 999
584 890
585 999
586 0
587 999
590 1
591 999
594 987
595 999
600 999
601 999
602 521
603 999
606 140
607 999
608 0
609 999
611 915
612 999
614 999
615 999
617 999
618 999
619 918
620 999
621 611
622 999
624 999
625 999
626 127
627 999
629 2
630 999
632 0
633 999
638 999
639 12
650 999
651 999
660 943
661 999
663 999
664 18
668 843
669 991
677 988
678 999
681 999
682 999
685 991
686 999
689 999
69 0
690 999
691 174
692 999
70 4
71 991
72 999
77 20
78 999
80 999
81 999
83 1
84 999
85 999
86 999
88 999
89 999
9 0
90 5
91 999
94 932
95 999
97 9
98 999
109 981
11 947
110 9
111 0
112 978
116 981
117 980
118 980
119 980
12 994
123 0
124 980
127 15
128 980
13 994
131 0
132 137
133 1
134 979
138 11
139 979
14 993
142 1
143 979
144 1
145 978
149 0
150 978
151 978
152 978
153 227
154 978
157 978
158 978
168 8
169 976
170 3
171 976
172 393
173 976
174 976
175 976
176 0
177 976
18 0
184 19
185 975
189 380
19 988
190 972
194 834
195 972
196 17
197 971
198 16
199 971
20 0
203 970
204 970
209 0
21 992
210 970
213 970
214 970
22 0
226 3
227 970
228 968
229 970
23 991
230 426
231 970
236 1
237 970
238 21
239 969
242 0
243 969
249 969
250 969
253 12
254 969
255 810
256 969
259 13
26 435
260 969
264 965
265 969
27 991
274 0
275 968
277 40
278 968
279 8
28 416
280 967
282 0
283 966
285 146
286 965
287 16
288 964
29 990
291 964
292 898
294 964
295 964
296 0
297 964
304 848
305 964
306 34
307 964
310 1
311 962
313 962
314 158
317 962
318 962
319 167
320 962
321 962
322 962
324 960
325 962
326 2
327 962
337 111
338 962
343 962
344 962
347 17
348 962
349 0
350 962
351 951
352 962
353 8
354 962
356 962
357 962
359 962
36 23
360 888
363 0
364 199
368 962
369 962
37 990
370 953
371 962
375 0
376 961
378 951
379 961
380 138
381 961
385 960
386 852
389 960
39 0
390 2
394 543
395 948
40 986
400 955
401 960
402 23
403 960
405 0
406 960
407 3
408 960
411 208
412 960
413 960
414 960
415 20
416 960
417 30
418 960
421 168
422 960
424 0
425 960
427 870
428 960
432 863
433 960
436 0
437 959
44 990
441 0
442 4
449 960
45 989
450 960
451 90
452 960
454 9
455 960
458 960
459 960
460 960
461 960
462 960
463 960
465 942
466 960
468 2
469 960
47 989
472 945
473 772
476 22
477 959
478 959
479 959
48 980
480 1
481 959
482 946
483 959
489 951
490 959
491 31
492 959
497 688
498 958
499 671
5 103
500 959
501 5
502 958
505 0
506 958
51 904
514 958
515 958
516 576
517 958
52 987
520 944
521 958
523 958
524 958
525 0
526 958
527 7
528 958
531 957
532 958
534 8
535 957
538 841
539 957
54 976
546 957
547 951
548 18
549 957
55 986
554 957
555 573
558 887
559 957
560 132
561 957
568 783
569 957
572 1
573 957
578 5
579 955
580 955
581 955
584 955
585 955
59 983
590 944
591 955
595 955
596 954
599 937
6 995
60 986
600 954
601 10
602 954
604 2
605 954
606 0
607 954
61 679
611 860
612 954
614 954
615 954
617 953
618 369
619 856
62 986
620 953
622 323
623 953
625 118
626 953
628 953
629 0
630 0
631 953
632 0
633 953
634 953
635 953
636 953
637 953
638 952
639 952
642 136
643 951
644 5
645 951
647 3
648 951
65 901
652 951
653 951
655 1
656 951
659 0
66 986
660 951
661 1
662 951
666 951
667 951
669 950
670 951
674 924
675 951
676 951
677 951
68 0
683 951
684 950
685 948
686 950
687 1
688 950
69 985
690 59
691 950
693 950
694 950
7 991
700 0
701 950
702 20
703 950
704 949
705 950
706 950
707 950
711 949
712 949
72 985
73 549
75 29
76 984
78 19
79 984
8 995
80 984
81 982
86 982
87 982
89 0
90 982
94 576
95 982
96 3
97 981
98 1
99 981
10 999
102 29
103 999
107 987
108 999
109 8
110 999
113 999
114 15
115 925
116 999
117 2
118 999
119 1
12 10
120 999
123 988
124 997
125 10
126 999
129 18
13 999
130 999
133 0
134 999
137 105
138 999
144 3
145 999
15 102
150 943
151 999
153 997
154 999
158 999
159 999
16 999
161 4
162 999
167 0
168 1
17 999
170 999
171 999
172 27
173 999
174 0
175 999
177 999
178 991
18 999
181 426
182 999
184 935
185 999
186 0
187 999
189 999
190 13
191 17
192 999
193 192
194 999
195 172
196 999
206 999
207 998
208 998
209 999
211 16
212 999
214 999
215 999
217 0
218 999
223 2
224 999
226 0
227 999
230 999
231 999
233 1
234 999
242 0
243 999
246 963
247 999
250 999
251 999
253 183
254 999
255 254
256 999
257 994
258 999
26 0
263 6
264 999
267 994
268 996
27 28
271 11
272 999
275 999
276 999
277 999
278 999
283 0
284 999
287 963
288 999
291 992
292 579
295 991
296 999
298 988
299 999
301 999
302 148
308 3
309 999
31 999
312 964
313 997
314 3
315 999
317 989
318 999
32 999
322 847
323 999
330 993
331 999
333 1
334 999
336 999
337 999
354 999
355 999
359 11
360 999
361 0
362 999
367 941
368 999
369 0
370 999
379 998
38 2
380 999
386 0
387 999
389 18
39 999
390 999
393 697
394 999
4 114
404 999
405 999
407 999
408 1
409 0
41 1
410 999
412 989
413 711
415 999
416 999
417 905
418 999
42 999
421 999
422 999
423 999
424 999
431 916
432 999
437 999
438 999
439 0
440 999
441 999
442 999
443 0
444 999
447 0
448 999
452 9
453 999
459 0
460 914
461 892
462 999
467 0
468 991
469 998
470 999
473 8
474 999
477 1
478 999
482 999
483 999
489 0
49 999
490 0
493 999
494 999
496 15
497 999
5 999
50 103
503 3
504 999
505 0
506 999
508 999
509 999
511 999
512 999
515 12
516 999
517 0
518 999
519 3
520 999
523 990
524 999
529 0
530 998
537 10
538 999
541 999
542 991
547 243
548 999
551 999
552 15
555 999
556 999
557 198
558 999
559 999
560 999
570 24
571 999
572 0
573 999
575 167
576 999
579 23
580 999
582 932
583 999
584 890
585 999
586 0
587 999
590 1
591 999
594 987
595 999
600 999
601 999
602 521
603 999
606 140
607 999
608 0
609 999
611 915
612 999
614 999
615 999
617 999
618 999
619 918
620 999
621 611
622 999
624 999
625 999
626 127
627 999
629 2
630 999
632 0
633 999
638 999
639 12
650 999
651 999
660 943
661 999
663 999
664 18
668 843
669 991
677 988
678 999
681 999
682 999
685 991
686 999
689 999
69 0
690 999
691 174
692 999
70 4
71 991
72 999
77 20
78 999
80 999
81 999
83 1
84 999
85 999
86 999
88 999
89 999
9 0
90 5
91 999
94 932
95 999
97 9
98 999
10 988
11 999
116 992
117 972
128 953
129 0
13 999
134 218
135 999
136 0
137 997
14 997
141 0
142 999
147 992
148 999
149 17
15 19
150 999
16 999
166 16
167 999
176 99
177 999
181 949
182 999
192 0
193 29
194 1
195 999
199 0
20 0
200 999
203 999
204 67
206 28
207 999
21 992
212 25
213 999
217 0
218 998
222 126
223 999
225 999
226 922
23 1
230 7
231 999
235 999
236 19
24 999
246 998
247 999
249 999
250 997
252 998
253 999
254 796
255 999
26 219
260 999
261 0
265 0
266 75
27 999
272 0
273 999
277 219
278 999
280 989
281 4
29 10
298 922
299 999
30 999
301 219
302 992
31 0
32 999
326 856
327 992
34 0
345 2
346 999
35 949
36 4
37 999
370 0
371 953
378 0
379 953
38 216
39 999
398 1
399 999
40 943
407 998
408 6
41 999
417 1
418 999
430 0
431 998
436 13
437 999
438 19
439 999
441 3
442 999
445 999
446 999
447 860
448 999
457 29
458 999
459 0
460 993
464 996
465 191
469 0
470 998
472 999
473 999
479 0
480 999
481 2
482 999
496 17
497 999
505 997
506 558
508 990
509 999
511 987
512 998
515 0
516 999
523 997
524 998
526 2
527 995
533 0
534 993
536 999
537 998
538 0
539 999
542 3
543 999
544 402
545 999
55 999
558 999
559 998
56 1
560 1
561 999
563 5
564 999
567 899
568 999
569 3
570 999
571 0
572 998
575 2
576 999
577 992
578 999
580 148
581 999
582 936
583 999
595 4
596 998
607 3
608 999
616 15
617 999
623 998
624 999
627 922
628 999
630 999
631 998
632 935
633 999
643 0
644 993
650 14
651 999
652 148
653 999
662 0
663 999
669 3
670 998
673 148
674 999
680 0
681 23
682 10
683 999
684 0
685 999
7 999
70 4
703 4
704 999
706 953
707 202
708 148
709 999
71 999
710 999
711 999
718 673
719 953
72 146
73 999
731 3
732 999
740 135
741 999
750 0
751 992
758 999
759 999
761 999
762 999
79 2
8 985
80 999
86 12
87 999
89 148
90 999
1 264
10 499
100 456
101 499
102 297
103 499
105 499
106 203
109 0
110 499
111 499
112 499
114 155
115 499
116 188
117 499
118 498
119 499
122 499
123 499
124 56
125 499
126 467
127 499
128 499
129 499
13 0
132 499
133 499
134 499
135 499
137 499
138 499
14 499
140 499
141 499
145 499
146 499
147 499
148 499
149 20
15 7
150 499
152 499
153 499
154 499
155 499
157 14
158 499
159 492
16 499
160 499
161 496
162 499
163 499
164 499
168 499
169 499
17 0
170 499
171 499
172 499
173 499
174 109
175 499
179 223
18 499
180 499
181 449
182 499
183 28
184 499
189 496
19 499
190 499
191 64
192 499
199 499
2 499
20 499
200 499
202 499
203 499
205 499
206 499
207 499
208 499
21 281
211 499
212 499
213 89
214 499
217 499
218 499
219 456
22 499
220 499
221 494
222 499
223 499
224 499
227 495
228 498
229 499
23 497
230 499
231 499
232 499
235 34
236 499
239 499
24 499
240 499
241 499
242 499
244 499
245 488
247 499
248 499
249 495
250 499
251 491
252 499
253 499
254 499
255 87
256 499
257 88
258 499
259 497
26 499
260 499
261 499
262 499
263 491
264 499
265 497
266 499
268 499
269 499
27 499
271 106
272 499
273 499
274 499
276 470
277 499
278 0
279 499
28 499
282 499
283 499
284 469
285 499
287 499
288 499
29 499
290 499
291 499
292 499
293 499
294 495
295 499
296 499
297 499
301 499
302 499
303 496
304 499
306 499
307 499
31 496
310 499
311 499
313 499
314 499
315 134
316 499
319 499
32 499
320 499
321 4
322 499
325 499
326 499
327 197
328 499
330 499
331 499
335 498
336 499
337 182
338 499
339 488
34 499
340 499
341 145
342 499
343 495
344 499
345 499
346 499
347 461
348 499
349 422
35 499
350 499
354 499
355 499
356 499
357 499
358 26
359 499
361 499
362 499
365 499
366 499
367 499
368 499
369 79
37 45
370 499
371 499
372 499
373 499
374 499
375 488
376 499
379 499
38 499
380 499
381 499
382 499
383 217
384 499
385 499
386 499
387 499
388 499
389 499
39 171
390 499
391 14
392 499
394 499
395 499
397 499
398 499
399 297
40 499
400 499
401 499
402 499
403 188
404 499
405 15
406 499
407 492
408 499
409 499
410 499
412 499
413 499
414 482
415 499
417 482
418 499
420 499
421 499
422 499
423 499
425 182
426 499
427 499
428 499
429 499
43 499
430 499
431 191
432 499
433 498
434 499
437 499
438 499
439 498
44 499
440 499
442 499
443 499
445 499
446 499
448 499
449 499
45 498
451 499
452 499
453 70
454 499
455 210
456 499
457 95
458 499
459 6
46 499
460 499
461 493
462 499
463 189
464 499
466 499
467 499
468 24
469 499
472 499
473 499
478 459
479 499
48 499
481 311
482 499
484 499
485 499
486 233
487 499
49 499
490 499
491 499
492 499
493 499
494 59
495 499
497 456
498 499
5 209
501 499
502 499
503 103
504 499
506 499
507 499
509 487
51 177
510 499
513 490
514 499
516 483
517 448
519 499
52 499
520 499
521 499
522 499
523 499
524 499
525 496
526 499
527 15
528 499
53 461
530 499
531 499
533 496
534 499
535 499
536 499
538 492
539 49
54 499
540 28
541 499
544 55
545 499
548 499
549 499
55 1
550 499
551 499
552 499
553 499
554 499
555 499
556 499
557 499
558 499
559 499
56 499
560 499
561 499
563 499
564 499
565 499
566 499
567 480
568 499
569 499
57 70
570 499
571 486
572 499
574 499
575 499
576 499
577 499
578 498
579 499
58 499
580 499
581 499
583 499
584 499
585 499
586 499
587 499
588 499
592 499
593 499
594 497
595 499
596 499
597 499
6 499
600 0
601 490
603 471
604 499
605 499
606 499
607 499
608 499
610 499
611 499
612 499
613 499
615 499
616 499
617 467
618 499
619 17
62 499
620 499
622 499
623 499
625 499
626 499
627 178
628 499
629 499
63 499
630 499
631 68
632 499
634 499
635 499
636 499
637 499
639 210
64 499
640 499
641 499
642 499
646 0
647 499
649 499
65 499
650 499
651 499
652 499
655 499
656 499
657 499
658 499
659 499
660 499
663 118
664 499
665 116
666 499
669 438
67 385
670 499
671 499
672 499
673 499
674 499
675 499
676 499
677 499
678 499
679 247
68 499
680 499
681 83
682 499
683 57
684 499
685 4
686 499
687 497
688 499
689 473
690 499
691 4
692 468
7 497
72 0
73 499
74 442
75 499
76 499
77 499
78 473
79 499
8 499
81 64
82 499
84 86
85 499
86 499
87 499
89 483
9 499
90 499
91 84
92 499
93 11
94 499
95 499
96 499
98 499
99 499
1 9999
100 9999
101 7
102 9993
103 9986
104 9999
105 9999
106 9999
108 151
109 9999
110 9955
111 9999
113 9999
114 9999
116 9955
117 9999
12 8416
120 9999
121 9986
122 9999
123 9999
124 965
125 9999
126 6102
127 9999
128 9973
129 9999
13 9999
130 9969
131 9999
132 42
133 9999
134 225
135 9999
137 9999
138 9999
139 5218
14 9999
140 9999
142 9955
143 9999
144 7709
145 9999
146 9999
147 9999
148 9659
149 9999
15 9999
151 9999
152 9999
153 9999
154 9999
155 9948
156 9999
157 9999
158 9999
159 9997
16 9999
160 9999
161 9897
162 9999
163 9999
164 9999
166 9981
167 9999
168 9999
169 9999
17 9999
170 9999
171 9999
173 9999
174 9999
175 54
176 9999
177 9999
178 9999
179 8653
180 9999
181 0
182 9986
183 187
184 9999
185 9983
186 9999
187 1377
188 9999
189 31
190 9999
191 7423
192 9999
194 8474
195 9999
196 115
197 9999
198 9999
199 9999
2 9999
20 8538
200 18
201 9999
202 300
203 9999
204 6240
205 9999
206 9999
207 9999
208 6949
209 9999
21 9999
210 6429
211 9999
212 1443
213 9999
214 9999
215 9999
216 247
217 9999
218 10
219 9999
22 9999
220 9999
221 9999
223 905
224 9999
226 9999
227 9999
228 9982
229 9999
23 9999
230 9999
231 9999
232 9999
233 9999
234 8893
235 9999
236 9999
237 9999
238 1223
239 9999
240 8745
241 9999
242 9636
243 9999
244 284
245 9999
246 2
247 9999
248 9999
249 9999
25 3
250 9999
251 9999
252 1042
253 9999
254 9992
255 9999
256 9990
257 9999
258 8777
259 9999
26 9999
260 4
261 9999
262 9979
263 9999
264 9999
265 9999
267 9999
268 9999
270 9999
271 9938
272 9999
273 9999
274 9999
275 9999
276 253
277 9999
278 9988
279 9999
28 65
280 9999
281 9999
283 9
284 9999
285 9990
286 9999
287 9999
288 9999
289 8143
29 9993
290 9999
291 9999
292 9999
293 9999
294 9999
295 9999
296 9999
297 295
298 9999
299 8658
3 277
300 9999
302 9999
303 9551
306 9998
307 9999
309 9473
31 0
310 9999
311 6319
312 9999
313 9997
314 9999
316 8062
317 9999
32 9999
321 9999
322 9999
323 810
324 9999
326 967
327 9999
329 9999
33 9992
330 9999
332 9624
333 9999
334 958
335 9999
337 9999
338 9999
339 9999
34 9999
340 9999
341 943
342 9999
343 9999
344 9999
345 9999
346 9999
347 9999
348 9999
35 7547
350 9978
351 9999
353 8514
354 9999
355 9999
356 9999
357 9940
358 9999
359 9999
36 9999
360 9999
361 6051
362 9999
363 9999
364 9999
365 192
366 9999
367 9992
368 9999
369 9999
37 215
370 9999
371 26
372 9999
373 9975
374 9999
375 9999
376 9999
377 9999
378 9999
379 9999
38 9999
380 9999
382 9999
383 9999
384 43
385 9999
387 0
388 9999
389 9999
39 1377
390 9999
394 9999
395 9999
396 9999
397 9999
398 9999
399 9999
4 9999
40 9999
400 3
401 9999
402 4916
403 9999
405 0
406 9999
407 9999
408 9999
409 9999
410 9999
412 8420
413 9999
414 6803
415 9999
416 9940
417 9999
419 9999
42 31
420 9999
421 786
422 9999
423 8955
424 9999
425 9757
426 9999
428 12
429 9999
43 9999
430 9999
431 9999
432 9967
433 9999
434 9999
435 9999
436 9795
437 9999
438 0
439 9981
44 700
440 9999
441 9999
442 9972
443 9999
444 9925
445 9999
448 0
449 9999
45 9999
450 9169
451 9999
452 9999
453 9999
454 838
455 9999
456 9999
457 9999
458 9999
459 9999
46 9999
460 9529
461 9999
462 784
463 9999
464 9999
465 9999
466 9999
467 9999
468 9046
469 9999
47 9999
470 9999
471 9999
476 5007
477 9999
478 4642
479 9999
48 9999
480 9999
481 9999
482 253
483 9999
484 5920
485 9999
486 9999
487 9999
489 9999
49 9999
490 9999
493 6635
494 9999
495 29
496 9996
497 5032
498 9999
499 9999
50 858
500 9999
501 17
502 9999
503 36
504 9999
505 317
506 9999
507 9999
508 9999
51 9999
511 8730
512 9999
513 9921
514 9999
515 9433
516 9999
518 9999
519 9993
520 9999
521 9999
522 9999
523 9999
524 9999
525 9999
526 9999
527 9999
528 637
529 9999
531 9999
532 9999
534 9999
535 9999
536 9999
537 9999
539 1
54 52
540 9999
541 608
542 9999
543 9693
544 9999
545 2213
546 9999
547 9999
548 9999
55 9999
550 721
551 9999
552 8825
553 9999
554 9999
555 9999
556 9999
557 9999
558 9999
559 9999
560 9999
561 9999
563 9999
564 9999
565 9999
566 9999
567 6255
568 9999
572 9999
573 9999
575 1012
576 9999
578 457
579 9999
58 9999
580 9555
581 9999
582 9999
583 9999
586 6052
587 9999
588 5712
589 9999
59 9999
590 9898
591 9999
592 9999
593 9999
598 13
599 9999
60 6309
600 9999
601 9999
602 9
603 9995
604 9922
605 9999
606 9983
607 9999
608 2016
609 9999
61 9999
610 119
611 9999
612 53
613 9999
614 9971
615 9999
616 161
617 9999
62 9999
620 9986
621 9999
622 6791
623 9999
624 9999
625 9999
627 9999
628 9999
63 9999
630 0
631 9999
632 621
633 9999
634 3092
635 9999
636 9999
637 9999
64 48
65 9999
66 0
67 9999
69 328
70 9999
71 9999
72 9999
73 9999
74 9999
75 5776
76 9999
77 952
78 9999
79 9999
8 65
80 9999
81 9946
82 9999
85 37
86 9999
87 9999
88 9999
89 9999
9 9999
90 9999
91 5942
92 9999
95 6187
96 9999
97 9999
98 9999
99 9999
1 9999
100 9999
101 7
102 9993
103 9986
104 9999
105 9999
106 9999
108 151
109 9999
110 9955
111 9999
113 9999
114 9999
116 9955
117 9999
12 8416
120 9999
121 9986
122 9999
123 9999
124 965
125 9999
126 6102
127 9999
128 9973
129 9999
13 9999
130 9969
131 9999
132 42
133 9999
134 225
135 9999
137 9999
138 9999
139 5218
14 9999
140 9999
142 9955
143 9999
144 7709
145 9999
146 9999
147 9999
148 9659
149 9999
15 9999
151 9999
152 9999
153 9999
154 9999
155 9948
156 9999
157 9999
158 9999
159 9997
16 9999
160 9999
161 9897
162 9999
163 9999
164 9999
166 9981
167 9999
168 9999
169 9999
17 9999
170 9999
171 9999
173 9999
174 9999
175 54
176 9999
177 9999
178 9999
179 8653
180 9999
181 0
182 9986
183 187
184 9999
185 9983
186 9999
187 1377
188 9999
189 31
190 9999
191 7423
192 9999
194 8474
195 9999
196 115
197 9999
198 9999
199 9999
2 9999
20 8538
200 18
201 9999
202 300
203 9999
204 6240
205 9999
206 9999
207 9999
208 6949
209 9999
21 9999
210 6429
211 9999
212 1443
213 9999
214 9999
215 9999
216 247
217 9999
218 10
219 9999
22 9999
220 9999
221 9999
223 905
224 9999
226 9999
227 9999
228 9982
229 9999
23 9999
230 9999
231 9999
232 9999
233 9999
234 8893
235 9999
236 9999
237 9999
238 1223
239 9999
240 8745
241 9999
242 9636
243 9999
244 284
245 9999
246 2
247 9999
248 9999
249 9999
25 3
250 9999
251 9999
252 1042
253 9999
254 9992
255 9999
256 9990
257 9999
258 8777
259 9999
26 9999
260 4
261 9999
262 9979
263 9999
264 9999
265 9999
267 9999
268 9999
270 9999
271 9938
272 9999
273 9999
274 9999
275 9999
276 253
277 9999
278 9988
279 9999
28 65
280 9999
281 9999
283 9
284 9999
285 9990
286 9999
287 9999
288 9999
289 8143
29 9993
290 9999
291 9999
292 9999
293 9999
294 9999
295 9999
296 9999
297 295
298 9999
299 8658
3 277
300 9999
302 9999
303 9551
306 9998
307 9999
309 9473
31 0
310 9999
311 6319
312 9999
313 9997
314 9999
316 8062
317 9999
32 9999
321 9999
322 9999
323 810
324 9999
326 967
327 9999
329 9999
33 9992
330 9999
332 9624
333 9999
334 958
335 9999
337 9999
338 9999
339 9999
34 9999
340 9999
341 943
342 9999
343 9999
344 9999
345 9999
346 9999
347 9999
348 9999
35 7547
350 9978
351 9999
353 8514
354 9999
355 9999
356 9999
357 9940
358 9999
359 9999
36 9999
360 9999
361 6051
362 9999
363 9999
364 9999
365 192
366 9999
367 9992
368 9999
369 9999
37 215
370 9999
371 26
372 9999
373 9975
374 9999
375 9999
376 9999
377 9999
378 9999
379 9999
38 9999
380 9999
382 9999
383 9999
384 43
385 9999
387 0
388 9999
389 9999
39 1377
390 9999
394 9999
395 9999
396 9999
397 9999
398 9999
399 9999
4 9999
40 9999
400 3
401 9999
402 4916
403 9999
405 0
406 9999
407 9999
408 9999
409 9999
410 9999
412 8420
413 9999
414 6803
415 9999
416 9940
417 9999
419 9999
42 31
420 9999
421 786
422 9999
423 8955
424 9999
425 9757
426 9999
428 12
429 9999
43 9999
430 9999
431 9999
432 9967
433 9999
434 9999
435 9999
436 9795
437 9999
438 0
439 9981
44 700
440 9999
441 9999
442 9972
443 9999
444 9925
445 9999
448 0
449 9999
45 9999
450 9169
451 9999
452 9999
453 9999
454 838
455 9999
456 9999
457 9999
458 9999
459 9999
46 9999
460 9529
461 9999
462 784
463 9999
464 9999
465 9999
466 9999
467 9999
468 9046
469 9999
47 9999
470 9999
471 9999
476 5007
477 9999
478 4642
479 9999
48 9999
480 9999
481 9999
482 253
483 9999
484 5920
485 9999
486 9999
487 9999
489 9999
49 9999
490 9999
493 6635
494 9999
495 29
496 9996
497 5032
498 9999
499 9999
50 858
500 9999
501 17
502 9999
503 36
504 9999
505 317
506 9999
507 9999
508 9999
51 9999
511 8730
512 9999
513 9921
514 9999
515 9433
516 9999
518 9999
519 9993
520 9999
521 9999
522 9999
523 9999
524 9999
525 9999
526 9999
527 9999
528 637
529 9999
531 9999
532 9999
534 9999
535 9999
536 9999
537 9999
539 1
54 52
540 9999
541 608
542 9999
543 9693
544 9999
545 2213
546 9999
547 9999
548 9999
55 9999
550 721
551 9999
552 8825
553 9999
554 9999
555 9999
556 9999
557 9999
558 9999
559 9999
560 9999
561 9999
563 9999
564 9999
565 9999
566 9999
567 6255
568 9999
572 9999
573 9999
575 1012
576 9999
578 457
579 9999
58 9999
580 9555
581 9999
582 9999
583 9999
586 6052
587 9999
588 5712
589 9999
59 9999
590 9898
591 9999
592 9999
593 9999
598 13
599 9999
60 6309
600 9999
601 9999
602 9
603 9995
604 9922
605 9999
606 9983
607 9999
608 2016
609 9999
61 9999
610 119
611 9999
612 53
613 9999
614 9971
615 9999
616 161
617 9999
62 9999
620 9986
621 9999
622 6791
623 9999
624 9999
625 9999
627 9999
628 9999
63 9999
630 0
631 9999
632 621
633 9999
634 3092
635 9999
636 9999
637 9999
64 48
65 9999
66 0
67 9999
69 328
70 9999
71 9999
72 9999
73 9999
74 9999
75 5776
76 9999
77 952
78 9999
79 9999
8 65
80 9999
81 9946
82 9999
85 37
86 9999
87 9999
88 9999
89 9999
9 9999
90 9999
91 5942
92 9999
95 6187
96 9999
97 9999
98 9999
99 9999
