10 9999
102 5
103 9999
109 9970
110 9996
111 0
112 9997
116 7
117 9999
123 9674
124 9999
135 0
136 9999
14 0
146 9996
147 9999
148 0
149 9999
15 9999
151 9999
152 9996
157 9999
158 9999
165 843
166 9999
167 1180
168 9999
179 0
18 6491
180 9999
183 9969
184 9999
186 9999
187 9967
19 9999
194 1172
195 9999
198 0
199 9999
200 58
201 9999
204 972
205 0
210 0
211 9999
220 607
221 9999
225 0
226 9576
231 9999
232 9979
243 6
244 9999
246 0
247 9972
248 6
249 9999
25 5
26 9999
260 0
261 9435
269 0
270 9999
275 47
276 9999
28 7
280 9
281 9999
285 0
286 0
289 0
29 9999
290 9999
291 0
292 9974
297 9601
298 9969
306 9999
307 9912
309 6
310 9999
311 0
312 9999
316 9
317 9999
318 84
319 9999
328 0
329 9996
331 3
332 9999
333 88
334 9999
339 0
340 9999
344 0
345 9999
355 9
356 9999
362 9440
363 9999
370 43
371 9999
372 6
373 9999
377 9999
378 9999
384 0
385 9999
386 1335
387 9999
392 58
393 9999
40 0
401 0
402 9999
403 3
404 9999
406 9995
407 9999
41 9997
411 790
412 9999
413 9997
414 9999
416 9977
417 9999
418 9995
419 9999
425 9999
426 9999
43 0
437 1308
438 9999
44 9995
441 0
442 9999
445 0
446 9434
451 0
452 9999
455 73
456 9999
458 6951
459 9999
463 58
464 9997
465 3
466 9999
472 0
473 9999
48 9999
487 92
488 9999
49 7
5 9997
50 0
500 9997
501 9999
507 0
508 9999
51 9967
511 0
512 9999
514 0
515 9999
516 4
517 9999
518 5
519 9999
525 0
526 0
535 9586
536 9636
54 0
55 9999
556 0
557 9999
561 0
562 9999
564 9262
565 9999
566 63
567 9999
569 7200
570 1341
576 0
577 9440
580 9440
581 9937
585 7
586 9999
59 9997
6 9999
60 9999
612 9940
613 9999
620 0
621 9643
626 0
627 9999
658 9998
659 9999
665 6400
666 9944
668 0
669 9997
677 0
678 9997
686 6
687 9999
690 114
691 9999
694 4
695 9999
696 5
697 9999
699 9966
700 9998
701 8817
702 9999
708 68
709 9999
713 1112
714 9999
715 4
716 9999
721 7
722 9997
723 407
724 9999
726 9999
727 378
728 1204
729 9999
736 6
737 9999
738 0
739 9999
742 43
743 9996
76 2
77 9999
78 95
79 9999
81 9674
82 9999
83 9999
84 9999
85 0
86 9622
87 711
88 9999
9 9995
91 0
92 9999
93 0
94 9999
95 0
96 9999
10 9999
102 5
103 9999
109 9970
110 9996
111 0
112 9997
116 7
117 9999
123 9674
124 9999
135 0
136 9999
14 0
146 9996
147 9999
148 0
149 9999
15 9999
151 9999
152 9996
157 9999
158 9999
165 843
166 9999
167 1180
168 9999
179 0
18 6491
180 9999
183 9969
184 9999
186 9999
187 9967
19 9999
194 1172
195 9999
198 0
199 9999
200 58
201 9999
204 972
205 0
210 0
211 9999
220 607
221 9999
225 0
226 9576
231 9999
232 9979
243 6
244 9999
246 0
247 9972
248 6
249 9999
25 5
26 9999
260 0
261 9435
269 0
270 9999
275 47
276 9999
28 7
280 9
281 9999
285 0
286 0
289 0
29 9999
290 9999
291 0
292 9974
297 9601
298 9969
306 9999
307 9912
309 6
310 9999
311 0
312 9999
316 9
317 9999
318 84
319 9999
328 0
329 9996
331 3
332 9999
333 88
334 9999
339 0
340 9999
344 0
345 9999
355 9
356 9999
362 9440
363 9999
370 43
371 9999
372 6
373 9999
377 9999
378 9999
384 0
385 9999
386 1335
387 9999
392 58
393 9999
40 0
401 0
402 9999
403 3
404 9999
406 9995
407 9999
41 9997
411 790
412 9999
413 9997
414 9999
416 9977
417 9999
418 9995
419 9999
425 9999
426 9999
43 0
437 1308
438 9999
44 9995
441 0
442 9999
445 0
446 9434
451 0
452 9999
455 73
456 9999
458 6951
459 9999
463 58
464 9997
465 3
466 9999
472 0
473 9999
48 9999
487 92
488 9999
49 7
5 9997
50 0
500 9997
501 9999
507 0
508 9999
51 9967
511 0
512 9999
514 0
515 9999
516 4
517 9999
518 5
519 9999
525 0
526 0
535 9586
536 9636
54 0
55 9999
556 0
557 9999
561 0
562 9999
564 9262
565 9999
566 63
567 9999
569 7200
570 1341
576 0
577 9440
580 9440
581 9937
585 7
586 9999
59 9997
6 9999
60 9999
612 9940
613 9999
620 0
621 9643
626 0
627 9999
658 9998
659 9999
665 6400
666 9944
668 0
669 9997
677 0
678 9997
686 6
687 9999
690 114
691 9999
694 4
695 9999
696 5
697 9999
699 9966
700 9998
701 8817
702 9999
708 68
709 9999
713 1112
714 9999
715 4
716 9999
721 7
722 9997
723 407
724 9999
726 9999
727 378
728 1204
729 9999
736 6
737 9999
738 0
739 9999
742 43
743 9996
76 2
77 9999
78 95
79 9999
81 9674
82 9999
83 9999
84 9999
85 0
86 9622
87 711
88 9999
9 9995
91 0
92 9999
93 0
94 9999
95 0
96 9999
0 0
1 0
10 0
100 0
101 0
102 0
103 0
104 0
105 0
106 0
107 0
108 0
109 0
11 0
110 0
111 0
112 0
113 0
114 0
115 0
116 0
117 0
118 0
119 0
12 0
120 0
121 0
122 0
123 0
124 0
125 0
126 0
127 0
128 0
129 0
13 0
130 0
131 0
132 0
133 0
134 0
135 0
136 0
137 0
138 0
139 0
14 0
140 0
141 0
142 0
143 0
144 0
145 0
146 0
147 0
148 0
149 0
15 0
150 0
151 0
152 0
153 0
154 0
155 0
156 0
157 0
158 0
159 0
16 0
160 0
161 0
162 0
163 0
164 0
165 0
166 0
167 0
168 0
169 0
17 0
170 0
171 0
172 0
173 0
174 0
175 0
176 0
177 0
178 0
179 0
18 0
180 0
181 0
182 0
183 0
184 0
185 0
186 0
187 0
188 0
189 0
19 0
190 0
191 0
192 0
193 0
194 0
195 0
196 0
197 0
198 0
199 0
2 0
20 0
200 0
201 0
202 0
203 0
204 0
205 0
206 0
207 0
208 0
209 0
21 0
210 0
211 0
212 0
213 0
214 0
215 0
216 0
217 0
218 0
219 0
22 0
220 0
221 0
222 0
223 0
224 0
225 0
226 0
227 0
228 0
229 0
23 0
230 0
231 0
232 0
233 0
234 0
235 0
236 0
237 0
238 0
239 0
24 0
240 0
241 0
242 0
243 0
244 0
245 0
246 0
247 0
248 0
249 0
25 0
250 0
251 0
252 0
253 0
254 0
255 0
256 0
257 0
258 0
259 0
26 0
260 0
261 0
262 0
263 0
264 0
265 0
266 0
267 0
268 0
269 0
27 0
270 0
271 0
272 0
273 0
274 0
275 0
276 0
277 0
278 0
279 0
28 0
280 0
281 0
282 0
283 0
284 0
285 0
286 0
287 0
288 0
289 0
29 0
290 0
291 0
292 0
293 0
294 0
295 0
296 0
297 0
298 0
299 0
3 0
30 0
300 0
301 0
302 0
303 0
304 0
305 0
306 0
307 0
308 0
309 0
31 0
310 0
311 0
312 0
313 0
314 0
315 0
316 0
317 0
318 0
319 0
32 0
320 0
321 0
322 0
323 0
324 0
325 0
326 0
327 0
328 0
329 0
33 0
330 0
331 0
332 0
333 0
334 0
335 0
336 0
337 0
338 0
339 0
34 0
340 0
341 0
342 0
343 0
344 0
345 0
346 0
347 0
348 0
349 0
35 0
350 0
351 0
352 0
353 0
354 0
355 0
356 0
357 0
358 0
359 0
36 0
360 0
361 0
362 0
363 0
364 0
365 0
366 0
367 0
368 0
369 0
37 0
370 0
371 0
372 0
373 0
374 0
375 0
376 0
377 0
378 0
379 0
38 0
380 0
381 0
382 0
383 0
384 0
385 0
386 0
387 0
388 0
389 0
39 0
390 0
391 0
392 0
393 0
394 0
395 0
396 0
397 0
398 0
399 0
4 0
40 0
400 0
401 0
402 0
403 0
404 0
405 0
406 0
407 0
408 0
409 0
41 0
410 0
411 0
412 0
413 0
414 0
415 0
416 0
417 0
418 0
419 0
42 0
420 0
421 0
422 0
423 0
424 0
425 0
426 0
427 0
428 0
429 0
43 0
430 0
431 0
432 0
433 0
434 0
435 0
436 0
437 0
438 0
439 0
44 0
440 0
441 0
442 0
443 0
444 0
445 0
446 0
447 0
448 0
449 0
45 0
450 0
451 0
452 0
453 0
454 0
455 0
456 0
457 0
458 0
459 0
46 0
460 0
461 0
462 0
463 0
464 0
465 0
466 0
467 0
468 0
469 0
47 0
470 0
471 0
472 0
473 0
474 0
475 0
476 0
477 0
478 0
479 0
48 0
480 0
481 0
482 0
483 0
484 0
485 0
486 0
487 0
488 0
489 0
49 0
490 0
491 0
492 0
493 0
494 0
495 0
496 0
497 0
498 0
499 0
5 0
50 0
500 0
501 0
502 0
503 0
504 0
505 0
506 0
507 0
508 0
509 0
51 0
510 0
511 0
512 0
513 0
514 0
515 0
516 0
517 0
518 0
519 0
52 0
520 0
521 0
522 0
523 0
524 0
525 0
526 0
527 0
528 0
529 0
53 0
530 0
531 0
532 0
533 0
534 0
535 0
536 0
537 0
538 0
539 0
54 0
540 0
541 0
542 0
543 0
544 0
545 0
546 0
547 0
548 0
549 0
55 0
550 0
551 0
552 0
553 0
554 0
555 0
556 0
557 0
558 0
559 0
56 0
560 0
561 0
562 0
563 0
564 0
565 0
566 0
567 0
568 0
569 0
57 0
570 0
571 0
572 0
573 0
574 0
575 0
576 0
577 0
578 0
579 0
58 0
580 0
581 0
582 0
583 0
584 0
585 0
586 0
587 0
588 0
589 0
59 0
590 0
591 0
592 0
593 0
594 0
595 0
596 0
597 0
598 0
599 0
6 0
60 0
600 0
601 0
602 0
603 0
604 0
605 0
606 0
607 0
608 0
609 0
61 0
610 0
611 0
612 0
613 0
614 0
615 0
616 0
617 0
618 0
619 0
62 0
620 0
621 0
622 0
623 0
624 0
625 0
626 0
627 0
628 0
629 0
63 0
630 0
631 0
632 0
633 0
634 0
635 0
636 0
637 0
638 0
639 0
64 0
640 0
641 0
642 0
643 0
644 0
645 0
646 0
647 0
648 0
649 0
65 0
650 0
651 0
652 0
653 0
654 0
655 0
656 0
657 0
658 0
659 0
66 0
660 0
661 0
662 0
663 0
664 0
665 0
67 0
68 0
69 0
7 0
70 0
71 0
72 0
73 0
74 0
75 0
76 0
77 0
78 0
79 0
8 0
80 0
81 0
82 0
83 0
84 0
85 0
86 0
87 0
88 0
89 0
9 0
90 0
91 0
92 0
93 0
94 0
95 0
96 0
97 0
98 0
99 0
0 0
1 0
10 0
100 0
101 0
102 0
103 0
104 0
105 0
106 0
107 0
108 0
109 0
11 0
110 0
111 0
112 0
113 0
114 0
115 0
116 0
117 0
118 0
119 0
12 0
120 0
121 0
122 0
123 0
124 0
125 0
126 0
127 0
128 0
129 0
13 0
130 0
131 0
132 0
133 0
134 0
135 0
136 0
137 0
138 0
139 0
14 0
140 0
141 0
142 0
143 0
144 0
145 0
146 0
147 0
148 0
149 0
15 0
150 0
151 0
152 0
153 0
154 0
155 0
156 0
157 0
158 0
159 0
16 0
160 0
161 0
162 0
163 0
164 0
165 0
166 0
167 0
168 0
169 0
17 0
170 0
171 0
172 0
173 0
174 0
175 0
176 0
177 0
178 0
179 0
18 0
180 0
181 0
182 0
183 0
184 0
185 0
186 0
187 0
188 0
189 0
19 0
190 0
191 0
192 0
193 0
194 0
195 0
196 0
197 0
198 0
199 0
2 0
20 0
200 0
201 0
202 0
203 0
204 0
205 0
206 0
207 0
208 0
209 0
21 0
210 0
211 0
212 0
213 0
214 0
215 0
216 0
217 0
218 0
219 0
22 0
220 0
221 0
222 0
223 0
224 0
225 0
226 0
227 0
228 0
229 0
23 0
230 0
231 0
232 0
233 0
234 0
235 0
236 0
237 0
238 0
239 0
24 0
240 0
241 0
242 0
243 0
244 0
245 0
246 0
247 0
248 0
249 0
25 0
250 0
251 0
252 0
253 0
254 0
255 0
256 0
257 0
258 0
259 0
26 0
260 0
261 0
262 0
263 0
264 0
265 0
266 0
267 0
268 0
269 0
27 0
270 0
271 0
272 0
273 0
274 0
275 0
276 0
277 0
278 0
279 0
28 0
280 0
281 0
282 0
283 0
284 0
285 0
286 0
287 0
288 0
289 0
29 0
290 0
291 0
292 0
293 0
294 0
295 0
296 0
297 0
298 0
299 0
3 0
30 0
300 0
301 0
302 0
303 0
304 0
305 0
306 0
307 0
308 0
309 0
31 0
310 0
311 0
312 0
313 0
314 0
315 0
316 0
317 0
318 0
319 0
32 0
320 0
321 0
322 0
323 0
324 0
325 0
326 0
327 0
328 0
329 0
33 0
330 0
331 0
332 0
333 0
334 0
335 0
336 0
337 0
338 0
339 0
34 0
340 0
341 0
342 0
343 0
344 0
345 0
346 0
347 0
348 0
349 0
35 0
350 0
351 0
352 0
353 0
354 0
355 0
356 0
357 0
358 0
359 0
36 0
360 0
361 0
362 0
363 0
364 0
365 0
366 0
367 0
368 0
369 0
37 0
370 0
371 0
372 0
373 0
374 0
375 0
376 0
377 0
378 0
379 0
38 0
380 0
381 0
382 0
383 0
384 0
385 0
386 0
387 0
388 0
389 0
39 0
390 0
391 0
392 0
393 0
394 0
395 0
396 0
397 0
398 0
399 0
4 0
40 0
400 0
401 0
402 0
403 0
404 0
405 0
406 0
407 0
408 0
409 0
41 0
410 0
411 0
412 0
413 0
414 0
415 0
416 0
417 0
418 0
419 0
42 0
420 0
421 0
422 0
423 0
424 0
425 0
426 0
427 0
428 0
429 0
43 0
430 0
431 0
432 0
433 0
434 0
435 0
436 0
437 0
438 0
439 0
44 0
440 0
441 0
442 0
443 0
444 0
445 0
446 0
447 0
448 0
449 0
45 0
450 0
451 0
452 0
453 0
454 0
455 0
456 0
457 0
458 0
459 0
46 0
460 0
461 0
462 0
463 0
464 0
465 0
466 0
467 0
468 0
469 0
47 0
470 0
471 0
472 0
473 0
474 0
475 0
476 0
477 0
478 0
479 0
48 0
480 0
481 0
482 0
483 0
484 0
485 0
486 0
487 0
488 0
489 0
49 0
490 0
491 0
492 0
493 0
494 0
495 0
496 0
497 0
498 0
499 0
5 0
50 0
500 0
501 0
502 0
503 0
504 0
505 0
506 0
507 0
508 0
509 0
51 0
510 0
511 0
512 0
513 0
514 0
515 0
516 0
517 0
518 0
519 0
52 0
520 0
521 0
522 0
523 0
524 0
525 0
526 0
527 0
528 0
529 0
53 0
530 0
531 0
532 0
533 0
534 0
535 0
536 0
537 0
538 0
539 0
54 0
540 0
541 0
542 0
543 0
544 0
545 0
546 0
547 0
548 0
549 0
55 0
550 0
551 0
552 0
553 0
554 0
555 0
556 0
557 0
558 0
559 0
56 0
560 0
561 0
562 0
563 0
564 0
565 0
566 0
567 0
568 0
569 0
57 0
570 0
571 0
572 0
573 0
574 0
575 0
576 0
577 0
578 0
579 0
58 0
580 0
581 0
582 0
583 0
584 0
585 0
586 0
587 0
588 0
589 0
59 0
590 0
591 0
592 0
593 0
594 0
595 0
596 0
597 0
598 0
599 0
6 0
60 0
600 0
601 0
602 0
603 0
604 0
605 0
606 0
607 0
608 0
609 0
61 0
610 0
611 0
612 0
613 0
614 0
615 0
616 0
617 0
618 0
619 0
62 0
620 0
621 0
622 0
623 0
624 0
625 0
626 0
627 0
628 0
629 0
63 0
630 0
631 0
632 0
633 0
634 0
635 0
636 0
637 0
638 0
639 0
64 0
640 0
641 0
642 0
643 0
644 0
645 0
646 0
647 0
648 0
649 0
65 0
650 0
651 0
652 0
653 0
654 0
655 0
656 0
657 0
658 0
659 0
66 0
660 0
661 0
662 0
663 0
664 0
665 0
67 0
68 0
69 0
7 0
70 0
71 0
72 0
73 0
74 0
75 0
76 0
77 0
78 0
79 0
8 0
80 0
81 0
82 0
83 0
84 0
85 0
86 0
87 0
88 0
89 0
9 0
90 0
91 0
92 0
93 0
94 0
95 0
96 0
97 0
98 0
99 0
0 0
1 0
10 0
100 0
101 0
102 0
103 0
104 0
105 0
106 0
107 0
108 0
109 0
11 0
110 0
111 0
112 0
113 0
114 0
115 0
116 0
117 0
118 0
119 0
12 0
120 0
121 0
122 0
123 0
124 0
125 0
126 0
127 0
128 0
129 0
13 0
130 0
131 0
132 0
133 0
134 0
135 0
136 0
137 0
138 0
139 0
14 0
140 0
141 0
142 0
143 0
144 0
145 0
146 0
147 0
148 0
149 0
15 0
150 0
151 0
152 0
153 0
154 0
155 0
156 0
157 0
158 0
159 0
16 0
160 0
161 0
162 0
163 0
164 0
165 0
166 0
167 0
168 0
169 0
17 0
170 0
171 0
172 0
173 0
174 0
175 0
176 0
177 0
178 0
179 0
18 0
180 0
181 0
182 0
183 0
184 0
185 0
186 0
187 0
188 0
189 0
19 0
190 0
191 0
192 0
193 0
194 0
195 0
196 0
197 0
198 0
199 0
2 0
20 0
200 0
201 0
202 0
203 0
204 0
205 0
206 0
207 0
208 0
209 0
21 0
210 0
211 0
212 0
213 0
214 0
215 0
216 0
217 0
218 0
219 0
22 0
220 0
221 0
222 0
223 0
224 0
225 0
226 0
227 0
228 0
229 0
23 0
230 0
231 0
232 0
233 0
234 0
235 0
236 0
237 0
238 0
239 0
24 0
240 0
241 0
242 0
243 0
244 0
245 0
246 0
247 0
248 0
249 0
25 0
250 0
251 0
252 0
253 0
254 0
255 0
256 0
257 0
258 0
259 0
26 0
260 0
261 0
262 0
263 0
264 0
265 0
266 0
267 0
268 0
269 0
27 0
270 0
271 0
272 0
273 0
274 0
275 0
276 0
277 0
278 0
279 0
28 0
280 0
281 0
282 0
283 0
284 0
285 0
286 0
287 0
288 0
289 0
29 0
290 0
291 0
292 0
293 0
294 0
295 0
296 0
297 0
298 0
299 0
3 0
30 0
300 0
301 0
302 0
303 0
304 0
305 0
306 0
307 0
308 0
309 0
31 0
310 0
311 0
312 0
313 0
314 0
315 0
316 0
317 0
318 0
319 0
32 0
320 0
321 0
322 0
323 0
324 0
325 0
326 0
327 0
328 0
329 0
33 0
330 0
331 0
332 0
333 0
334 0
335 0
336 0
337 0
338 0
339 0
34 0
340 0
341 0
342 0
343 0
344 0
345 0
346 0
347 0
348 0
349 0
35 0
350 0
351 0
352 0
353 0
354 0
355 0
356 0
357 0
358 0
359 0
36 0
360 0
361 0
362 0
363 0
364 0
365 0
366 0
367 0
368 0
369 0
37 0
370 0
371 0
372 0
373 0
374 0
375 0
376 0
377 0
378 0
379 0
38 0
380 0
381 0
382 0
383 0
384 0
385 0
386 0
387 0
388 0
389 0
39 0
390 0
391 0
392 0
393 0
394 0
395 0
396 0
397 0
398 0
399 0
4 0
40 0
400 0
401 0
402 0
403 0
404 0
405 0
406 0
407 0
408 0
409 0
41 0
410 0
411 0
412 0
413 0
414 0
415 0
416 0
417 0
418 0
419 0
42 0
420 0
421 0
422 0
423 0
424 0
425 0
426 0
427 0
428 0
429 0
43 0
430 0
431 0
432 0
433 0
434 0
435 0
436 0
437 0
438 0
439 0
44 0
440 0
441 0
442 0
443 0
444 0
445 0
446 0
447 0
448 0
449 0
45 0
450 0
451 0
452 0
453 0
454 0
455 0
456 0
457 0
458 0
459 0
46 0
460 0
461 0
462 0
463 0
464 0
465 0
466 0
467 0
468 0
469 0
47 0
470 0
471 0
472 0
473 0
474 0
475 0
476 0
477 0
478 0
479 0
48 0
480 0
481 0
482 0
483 0
484 0
485 0
486 0
487 0
488 0
489 0
49 0
490 0
491 0
492 0
493 0
494 0
495 0
496 0
497 0
498 0
499 0
5 0
50 0
500 0
501 0
502 0
503 0
504 0
505 0
506 0
507 0
508 0
509 0
51 0
510 0
511 0
512 0
513 0
514 0
515 0
516 0
517 0
518 0
519 0
52 0
520 0
521 0
522 0
523 0
524 0
525 0
526 0
527 0
528 0
529 0
53 0
530 0
531 0
532 0
533 0
534 0
535 0
536 0
537 0
538 0
539 0
54 0
540 0
541 0
542 0
543 0
544 0
545 0
546 0
547 0
548 0
549 0
55 0
550 0
551 0
552 0
553 0
554 0
555 0
556 0
557 0
558 0
559 0
56 0
560 0
561 0
562 0
563 0
564 0
565 0
566 0
567 0
568 0
569 0
57 0
570 0
571 0
572 0
573 0
574 0
575 0
576 0
577 0
578 0
579 0
58 0
580 0
581 0
582 0
583 0
584 0
585 0
586 0
587 0
588 0
589 0
59 0
590 0
591 0
592 0
593 0
594 0
595 0
596 0
597 0
598 0
599 0
6 0
60 0
600 0
601 0
602 0
603 0
604 0
605 0
606 0
607 0
608 0
609 0
61 0
610 0
611 0
612 0
613 0
614 0
615 0
616 0
617 0
618 0
619 0
62 0
620 0
621 0
622 0
623 0
624 0
625 0
626 0
627 0
628 0
629 0
63 0
630 0
631 0
632 0
633 0
634 0
635 0
636 0
637 0
638 0
639 0
64 0
640 0
641 0
642 0
643 0
644 0
645 0
646 0
647 0
648 0
649 0
65 0
650 0
651 0
652 0
653 0
654 0
655 0
656 0
657 0
658 0
659 0
66 0
660 0
661 0
662 0
663 0
664 0
665 0
67 0
68 0
69 0
7 0
70 0
71 0
72 0
73 0
74 0
75 0
76 0
77 0
78 0
79 0
8 0
80 0
81 0
82 0
83 0
84 0
85 0
86 0
87 0
88 0
89 0
9 0
90 0
91 0
92 0
93 0
94 0
95 0
96 0
97 0
98 0
99 0
0 0
1 0
10 0
100 0
101 0
102 0
103 0
104 0
105 0
106 0
107 0
108 0
109 0
11 0
110 0
111 0
112 0
113 0
114 0
115 0
116 0
117 0
118 0
119 0
12 0
120 0
121 0
122 0
123 0
124 0
125 0
126 0
127 0
128 0
129 0
13 0
130 0
131 0
132 0
133 0
134 0
135 0
136 0
137 0
138 0
139 0
14 0
140 0
141 0
142 0
143 0
144 0
145 0
146 0
147 0
148 0
149 0
15 0
150 0
151 0
152 0
153 0
154 0
155 0
156 0
157 0
158 0
159 0
16 0
160 0
161 0
162 0
163 0
164 0
165 0
166 0
167 0
168 0
169 0
17 0
170 0
171 0
172 0
173 0
174 0
175 0
176 0
177 0
178 0
179 0
18 0
180 0
181 0
182 0
183 0
184 0
185 0
186 0
187 0
188 0
189 0
19 0
190 0
191 0
192 0
193 0
194 0
195 0
196 0
197 0
198 0
199 0
2 0
20 0
200 0
201 0
202 0
203 0
204 0
205 0
206 0
207 0
208 0
209 0
21 0
210 0
211 0
212 0
213 0
214 0
215 0
216 0
217 0
218 0
219 0
22 0
220 0
221 0
222 0
223 0
224 0
225 0
226 0
227 0
228 0
229 0
23 0
230 0
231 0
232 0
233 0
234 0
235 0
236 0
237 0
238 0
239 0
24 0
240 0
241 0
242 0
243 0
244 0
245 0
246 0
247 0
248 0
249 0
25 0
250 0
251 0
252 0
253 0
254 0
255 0
256 0
257 0
258 0
259 0
26 0
260 0
261 0
262 0
263 0
264 0
265 0
266 0
267 0
268 0
269 0
27 0
270 0
271 0
272 0
273 0
274 0
275 0
276 0
277 0
278 0
279 0
28 0
280 0
281 0
282 0
283 0
284 0
285 0
286 0
287 0
288 0
289 0
29 0
290 0
291 0
292 0
293 0
294 0
295 0
296 0
297 0
298 0
299 0
3 0
30 0
300 0
301 0
302 0
303 0
304 0
305 0
306 0
307 0
308 0
309 0
31 0
310 0
311 0
312 0
313 0
314 0
315 0
316 0
317 0
318 0
319 0
32 0
320 0
321 0
322 0
323 0
324 0
325 0
326 0
327 0
328 0
329 0
33 0
330 0
331 0
332 0
333 0
334 0
335 0
336 0
337 0
338 0
339 0
34 0
340 0
341 0
342 0
343 0
344 0
345 0
346 0
347 0
348 0
349 0
35 0
350 0
351 0
352 0
353 0
354 0
355 0
356 0
357 0
358 0
359 0
36 0
360 0
361 0
362 0
363 0
364 0
365 0
366 0
367 0
368 0
369 0
37 0
370 0
371 0
372 0
373 0
374 0
375 0
376 0
377 0
378 0
379 0
38 0
380 0
381 0
382 0
383 0
384 0
385 0
386 0
387 0
388 0
389 0
39 0
390 0
391 0
392 0
393 0
394 0
395 0
396 0
397 0
398 0
399 0
4 0
40 0
400 0
401 0
402 0
403 0
404 0
405 0
406 0
407 0
408 0
409 0
41 0
410 0
411 0
412 0
413 0
414 0
415 0
416 0
417 0
418 0
419 0
42 0
420 0
421 0
422 0
423 0
424 0
425 0
426 0
427 0
428 0
429 0
43 0
430 0
431 0
432 0
433 0
434 0
435 0
436 0
437 0
438 0
439 0
44 0
440 0
441 0
442 0
443 0
444 0
445 0
446 0
447 0
448 0
449 0
45 0
450 0
451 0
452 0
453 0
454 0
455 0
456 0
457 0
458 0
459 0
46 0
460 0
461 0
462 0
463 0
464 0
465 0
466 0
467 0
468 0
469 0
47 0
470 0
471 0
472 0
473 0
474 0
475 0
476 0
477 0
478 0
479 0
48 0
480 0
481 0
482 0
483 0
484 0
485 0
486 0
487 0
488 0
489 0
49 0
490 0
491 0
492 0
493 0
494 0
495 0
496 0
497 0
498 0
499 0
5 0
50 0
500 0
501 0
502 0
503 0
504 0
505 0
506 0
507 0
508 0
509 0
51 0
510 0
511 0
512 0
513 0
514 0
515 0
516 0
517 0
518 0
519 0
52 0
520 0
521 0
522 0
523 0
524 0
525 0
526 0
527 0
528 0
529 0
53 0
530 0
531 0
532 0
533 0
534 0
535 0
536 0
537 0
538 0
539 0
54 0
540 0
541 0
542 0
543 0
544 0
545 0
546 0
547 0
548 0
549 0
55 0
550 0
551 0
552 0
553 0
554 0
555 0
556 0
557 0
558 0
559 0
56 0
560 0
561 0
562 0
563 0
564 0
565 0
566 0
567 0
568 0
569 0
57 0
570 0
571 0
572 0
573 0
574 0
575 0
576 0
577 0
578 0
579 0
58 0
580 0
581 0
582 0
583 0
584 0
585 0
586 0
587 0
588 0
589 0
59 0
590 0
591 0
592 0
593 0
594 0
595 0
596 0
597 0
598 0
599 0
6 0
60 0
600 0
601 0
602 0
603 0
604 0
605 0
606 0
607 0
608 0
609 0
61 0
610 0
611 0
612 0
613 0
614 0
615 0
616 0
617 0
618 0
619 0
62 0
620 0
621 0
622 0
623 0
624 0
625 0
626 0
627 0
628 0
629 0
63 0
630 0
631 0
632 0
633 0
634 0
635 0
636 0
637 0
638 0
639 0
64 0
640 0
641 0
642 0
643 0
644 0
645 0
646 0
647 0
648 0
649 0
65 0
650 0
651 0
652 0
653 0
654 0
655 0
656 0
657 0
658 0
659 0
66 0
660 0
661 0
662 0
663 0
664 0
665 0
666 0
667 0
668 0
669 0
67 0
670 0
671 0
672 0
673 0
674 0
675 0
676 0
677 0
678 0
679 0
68 0
680 0
681 0
682 0
683 0
684 0
685 0
686 0
687 0
688 0
689 0
69 0
690 0
691 0
692 0
693 0
694 0
695 0
696 0
697 0
7 0
70 0
71 0
72 0
73 0
74 0
75 0
76 0
77 0
78 0
79 0
8 0
80 0
81 0
82 0
83 0
84 0
85 0
86 0
87 0
88 0
89 0
9 0
90 0
91 0
92 0
93 0
94 0
95 0
96 0
97 0
98 0
99 0
0 0
1 0
10 0
100 0
101 0
102 0
103 0
104 0
105 0
106 0
107 0
108 0
109 0
11 0
110 0
111 0
112 0
113 0
114 0
115 0
116 0
117 0
118 0
119 0
12 0
120 0
121 0
122 0
123 0
124 0
125 0
126 0
127 0
128 0
129 0
13 0
130 0
131 0
132 0
133 0
134 0
135 0
136 0
137 0
138 0
139 0
14 0
140 0
141 0
142 0
143 0
144 0
145 0
146 0
147 0
148 0
149 0
15 0
150 0
151 0
152 0
153 0
154 0
155 0
156 0
157 0
158 0
159 0
16 0
160 0
161 0
162 0
163 0
164 0
165 0
166 0
167 0
168 0
169 0
17 0
170 0
171 0
172 0
173 0
174 0
175 0
176 0
177 0
178 0
179 0
18 0
180 0
181 0
182 0
183 0
184 0
185 0
186 0
187 0
188 0
189 0
19 0
190 0
191 0
192 0
193 0
194 0
195 0
196 0
197 0
198 0
199 0
2 0
20 0
200 0
201 0
202 0
203 0
204 0
205 0
206 0
207 0
208 0
209 0
21 0
210 0
211 0
212 0
213 0
214 0
215 0
216 0
217 0
218 0
219 0
22 0
220 0
221 0
222 0
223 0
224 0
225 0
226 0
227 0
228 0
229 0
23 0
230 0
231 0
232 0
233 0
234 0
235 0
236 0
237 0
238 0
239 0
24 0
240 0
241 0
242 0
243 0
244 0
245 0
246 0
247 0
248 0
249 0
25 0
250 0
251 0
252 0
253 0
254 0
255 0
256 0
257 0
258 0
259 0
26 0
260 0
261 0
262 0
263 0
264 0
265 0
266 0
267 0
268 0
269 0
27 0
270 0
271 0
272 0
273 0
274 0
275 0
276 0
277 0
278 0
279 0
28 0
280 0
281 0
282 0
283 0
284 0
285 0
286 0
287 0
288 0
289 0
29 0
290 0
291 0
292 0
293 0
294 0
295 0
296 0
297 0
298 0
299 0
3 0
30 0
300 0
301 0
302 0
303 0
304 0
305 0
306 0
307 0
308 0
309 0
31 0
310 0
311 0
312 0
313 0
314 0
315 0
316 0
317 0
318 0
319 0
32 0
320 0
321 0
322 0
323 0
324 0
325 0
326 0
327 0
328 0
329 0
33 0
330 0
331 0
332 0
333 0
334 0
335 0
336 0
337 0
338 0
339 0
34 0
340 0
341 0
342 0
343 0
344 0
345 0
346 0
347 0
348 0
349 0
35 0
350 0
351 0
352 0
353 0
354 0
355 0
356 0
357 0
358 0
359 0
36 0
360 0
361 0
362 0
363 0
364 0
365 0
366 0
367 0
368 0
369 0
37 0
370 0
371 0
372 0
373 0
374 0
375 0
376 0
377 0
378 0
379 0
38 0
380 0
381 0
382 0
383 0
384 0
385 0
386 0
387 0
388 0
389 0
39 0
390 0
391 0
392 0
393 0
394 0
395 0
396 0
397 0
398 0
399 0
4 0
40 0
400 0
401 0
402 0
403 0
404 0
405 0
406 0
407 0
408 0
409 0
41 0
410 0
411 0
412 0
413 0
414 0
415 0
416 0
417 0
418 0
419 0
42 0
420 0
421 0
422 0
423 0
424 0
425 0
426 0
427 0
428 0
429 0
43 0
430 0
431 0
432 0
433 0
434 0
435 0
436 0
437 0
438 0
439 0
44 0
440 0
441 0
442 0
443 0
444 0
445 0
446 0
447 0
448 0
449 0
45 0
450 0
451 0
452 0
453 0
454 0
455 0
456 0
457 0
458 0
459 0
46 0
460 0
461 0
462 0
463 0
464 0
465 0
466 0
467 0
468 0
469 0
47 0
470 0
471 0
472 0
473 0
474 0
475 0
476 0
477 0
478 0
479 0
48 0
480 0
481 0
482 0
483 0
484 0
485 0
486 0
487 0
488 0
489 0
49 0
490 0
491 0
492 0
493 0
494 0
495 0
496 0
497 0
498 0
499 0
5 0
50 0
500 0
501 0
502 0
503 0
504 0
505 0
506 0
507 0
508 0
509 0
51 0
510 0
511 0
512 0
513 0
514 0
515 0
516 0
517 0
518 0
519 0
52 0
520 0
521 0
522 0
523 0
524 0
525 0
526 0
527 0
528 0
529 0
53 0
530 0
531 0
532 0
533 0
534 0
535 0
536 0
537 0
538 0
539 0
54 0
540 0
541 0
542 0
543 0
544 0
545 0
546 0
547 0
548 0
549 0
55 0
550 0
551 0
552 0
553 0
554 0
555 0
556 0
557 0
558 0
559 0
56 0
560 0
561 0
562 0
563 0
564 0
565 0
566 0
567 0
568 0
569 0
57 0
570 0
571 0
572 0
573 0
574 0
575 0
576 0
577 0
578 0
579 0
58 0
580 0
581 0
582 0
583 0
584 0
585 0
586 0
587 0
588 0
589 0
59 0
590 0
591 0
592 0
593 0
594 0
595 0
596 0
597 0
598 0
599 0
6 0
60 0
600 0
601 0
602 0
603 0
604 0
605 0
606 0
607 0
608 0
609 0
61 0
610 0
611 0
612 0
613 0
614 0
615 0
616 0
617 0
618 0
619 0
62 0
620 0
621 0
622 0
623 0
624 0
625 0
626 0
627 0
628 0
629 0
63 0
630 0
631 0
632 0
633 0
634 0
635 0
636 0
637 0
638 0
639 0
64 0
640 0
641 0
642 0
643 0
644 0
645 0
646 0
647 0
648 0
649 0
65 0
650 0
651 0
652 0
653 0
654 0
655 0
656 0
657 0
658 0
659 0
66 0
660 0
661 0
662 0
663 0
664 0
665 0
666 0
667 0
668 0
669 0
67 0
670 0
671 0
672 0
673 0
674 0
675 0
676 0
677 0
678 0
679 0
68 0
680 0
681 0
682 0
683 0
684 0
685 0
686 0
687 0
69 0
7 0
70 0
71 0
72 0
73 0
74 0
75 0
76 0
77 0
78 0
79 0
8 0
80 0
81 0
82 0
83 0
84 0
85 0
86 0
87 0
88 0
89 0
9 0
90 0
91 0
92 0
93 0
94 0
95 0
96 0
97 0
98 0
99 0
100 0
111 0
112 0
115 0
116 0
117 0
118 0
120 0
121 0
122 0
123 0
127 0
128 0
137 0
138 0
139 0
140 0
141 0
142 0
146 0
147 0
15 0
154 0
155 0
156 0
157 0
16 0
165 0
166 0
168 0
169 0
171 0
172 0
174 0
175 0
176 0
177 0
18 0
187 0
188 0
19 0
194 0
195 0
2 0
200 0
201 0
203 0
204 0
216 0
217 0
220 0
221 0
223 0
224 0
228 0
229 0
236 0
237 0
238 0
239 0
240 0
241 0
253 0
254 0
258 0
259 0
262 0
263 0
264 0
265 0
267 0
268 0
277 0
278 0
279 0
28 0
280 0
281 0
282 0
288 0
289 0
29 0
292 0
293 0
295 0
296 0
298 0
299 0
3 0
302 0
303 0
304 0
305 0
308 0
309 0
318 0
319 0
320 0
321 0
322 0
323 0
328 0
329 0
336 0
337 0
339 0
340 0
343 0
344 0
347 0
348 0
353 0
354 0
366 0
367 0
368 0
369 0
375 0
376 0
377 0
378 0
381 0
382 0
385 0
386 0
387 0
388 0
392 0
393 0
401 0
402 0
403 0
404 0
408 0
409 0
41 0
411 0
412 0
414 0
415 0
42 0
423 0
424 0
425 0
426 0
428 0
429 0
430 0
431 0
433 0
434 0
435 0
436 0
447 0
448 0
450 0
451 0
455 0
456 0
466 0
467 0
469 0
470 0
476 0
477 0
5 0
50 0
503 0
504 0
51 0
514 0
515 0
520 0
521 0
523 0
524 0
53 0
54 0
544 0
545 0
548 0
549 0
561 0
562 0
564 0
565 0
566 0
567 0
569 0
57 0
570 0
575 0
576 0
577 0
578 0
58 0
582 0
583 0
586 0
587 0
588 0
589 0
593 0
594 0
599 0
6 0
600 0
603 0
604 0
61 0
610 0
611 0
615 0
616 0
62 0
621 0
622 0
632 0
633 0
634 0
635 0
64 0
641 0
642 0
643 0
644 0
648 0
649 0
65 0
650 0
651 0
654 0
655 0
658 0
659 0
664 0
665 0
667 0
668 0
670 0
671 0
675 0
676 0
685 0
686 0
691 0
692 0
693 0
694 0
695 0
696 0
698 0
699 0
705 0
706 0
710 0
711 0
714 0
715 0
721 0
722 0
729 0
73 0
730 0
732 0
733 0
737 0
738 0
74 0
744 0
745 0
748 0
749 0
75 0
752 0
753 0
754 0
755 0
759 0
76 0
760 0
763 0
764 0
765 0
766 0
768 0
769 0
770 0
771 0
772 0
773 0
80 0
81 0
87 0
88 0
89 0
90 0
99 0
100 469
111 468
112 468
115 468
116 468
117 189
118 467
120 466
121 467
122 156
123 467
127 137
128 466
137 1
138 465
139 13
140 465
141 3
142 465
146 28
147 465
15 487
154 465
155 465
156 0
157 465
16 487
165 0
166 465
168 463
169 465
171 24
172 465
174 422
175 404
176 465
177 465
18 432
187 7
188 463
19 487
194 27
195 463
2 495
200 14
201 463
203 37
204 463
216 100
217 463
220 3
221 463
223 463
224 463
228 435
229 0
236 462
237 455
238 38
239 463
240 102
241 463
253 462
254 21
258 17
259 462
262 462
263 462
264 0
265 462
267 462
268 462
277 462
278 443
279 6
28 487
280 460
281 3
282 460
288 176
289 460
29 486
292 0
293 404
295 460
296 460
298 174
299 459
3 495
302 454
303 459
304 0
305 459
308 2
309 459
318 459
319 453
320 439
321 459
322 7
323 459
328 12
329 458
336 452
337 458
339 458
340 457
343 458
344 458
347 454
348 458
353 252
354 458
366 431
367 456
368 6
369 456
375 123
376 456
377 19
378 456
381 455
382 420
385 13
386 454
387 1
388 454
392 1
393 454
401 451
402 453
403 7
404 453
408 452
409 379
41 374
411 424
412 424
414 140
415 450
42 483
423 450
424 28
425 0
426 450
428 445
429 449
430 137
431 449
433 449
434 449
435 394
436 449
447 0
448 443
450 449
451 449
455 0
456 449
466 0
467 399
469 307
470 163
476 444
477 441
5 346
50 0
503 222
504 441
51 96
514 427
515 441
520 110
521 441
523 435
524 437
53 482
54 481
544 440
545 440
548 0
549 383
561 1
562 435
564 439
565 433
566 5
567 439
569 376
57 2
570 439
575 429
576 439
577 431
578 439
58 476
582 439
583 143
586 438
587 384
588 437
589 437
593 436
594 48
599 0
6 489
600 433
603 433
604 433
61 112
610 0
611 430
615 0
616 394
62 479
621 0
622 1
632 431
633 6
634 6
635 430
64 479
641 0
642 428
643 186
644 428
648 13
649 427
65 479
650 0
651 394
654 5
655 427
658 266
659 354
664 32
665 425
667 424
668 425
670 3
671 424
675 0
676 28
685 417
686 9
691 11
692 424
693 170
694 424
695 12
696 424
698 414
699 423
705 147
706 423
710 423
711 370
714 0
715 422
721 423
722 79
729 9
73 3
730 423
732 333
733 420
737 423
738 63
74 475
744 7
745 423
748 423
749 418
75 35
752 254
753 420
754 3
755 422
759 413
76 475
760 422
763 349
764 422
765 2
766 422
768 7
769 421
770 0
771 421
772 65
773 421
80 473
81 15
87 472
88 472
89 464
90 472
99 282
10 999
100 39
101 999
102 29
103 999
107 987
108 999
109 999
110 999
114 999
115 15
116 925
117 999
118 18
119 999
12 999
120 1
121 999
124 999
125 999
126 10
127 999
129 4
13 999
130 999
131 20
132 999
135 0
136 999
139 105
140 999
145 0
146 999
147 999
148 999
15 102
153 943
154 999
156 997
157 999
16 999
161 999
162 999
164 4
165 999
17 999
170 0
171 1
173 999
174 999
175 27
176 999
177 0
178 999
18 999
180 999
181 991
184 426
185 999
187 999
188 999
189 0
190 999
192 999
193 13
194 17
195 999
196 192
197 999
198 172
199 999
209 999
210 998
211 998
212 999
214 535
215 999
217 999
218 999
220 0
221 999
226 2
227 999
229 0
230 999
233 999
234 999
236 1
237 999
245 0
246 999
249 999
250 999
253 999
254 999
256 999
257 999
258 926
259 999
26 0
260 20
261 999
263 526
264 995
268 6
269 999
27 28
272 994
273 998
274 11
275 999
276 947
277 999
278 3
279 999
280 0
281 999
282 999
283 999
288 466
289 999
290 2
291 999
293 999
294 467
296 992
297 581
300 991
301 999
303 988
304 999
306 999
307 171
31 999
313 999
314 999
318 995
319 999
32 999
320 1
321 999
322 912
323 999
325 14
326 999
329 847
330 999
334 6
335 999
338 993
339 999
341 955
342 999
344 999
345 999
362 999
363 999
367 11
368 999
369 0
370 999
373 0
374 999
375 999
376 999
378 995
379 999
38 2
388 998
389 999
39 999
395 0
396 999
398 18
399 999
4 114
402 697
403 999
41 1
413 999
414 999
416 999
417 999
418 0
419 999
42 999
421 989
422 711
423 999
424 999
426 999
427 999
428 905
429 999
432 999
433 999
434 999
435 999
442 999
443 999
449 999
450 999
451 0
452 999
453 999
454 999
455 998
456 999
463 9
464 999
467 999
468 999
473 988
474 999
477 912
478 999
480 2
481 999
485 8
486 999
488 8
489 999
49 999
490 76
491 999
494 140
495 999
496 176
497 999
5 999
50 103
501 997
502 997
505 999
506 999
509 999
510 999
511 0
512 999
513 10
514 999
519 3
520 999
521 0
522 999
524 999
525 999
527 999
528 999
531 12
532 999
533 0
534 999
535 3
536 999
539 990
540 999
545 0
546 998
549 181
550 999
552 999
553 999
555 10
556 999
559 999
560 991
565 243
566 999
569 999
570 15
573 999
574 999
575 198
576 999
577 999
578 999
585 995
586 997
589 24
590 999
591 0
592 999
594 167
595 999
598 23
599 999
601 932
602 999
603 998
604 999
609 1
610 999
613 987
614 999
615 3
616 999
620 999
621 999
622 989
623 999
626 140
627 999
628 0
629 999
631 915
632 999
634 999
635 999
637 999
638 999
639 918
640 999
641 611
642 999
643 999
644 999
645 999
646 999
648 998
649 999
651 986
652 999
654 999
655 989
660 942
661 921
662 930
663 999
665 1
666 999
671 999
672 999
674 140
675 999
68 999
681 943
682 999
684 999
685 18
688 1
689 999
69 1
690 991
691 999
692 1
693 999
695 987
696 999
698 990
699 999
70 999
702 988
703 999
706 999
707 999
71 999
710 991
711 999
714 999
715 999
716 174
717 999
76 20
77 999
78 18
79 999
80 30
81 999
82 1
83 999
84 999
85 999
87 999
88 999
89 120
9 0
90 999
93 932
94 999
96 9
97 999
10 999
100 39
101 999
102 29
103 999
107 987
108 999
109 999
110 999
114 999
115 15
116 925
117 999
118 18
119 999
12 999
120 1
121 999
124 999
125 999
126 10
127 999
129 4
13 999
130 999
131 20
132 999
135 0
136 999
139 105
140 999
145 0
146 999
147 999
148 999
15 102
153 943
154 999
156 997
157 999
16 999
161 999
162 999
164 4
165 999
17 999
170 0
171 1
173 999
174 999
175 27
176 999
177 0
178 999
18 999
180 999
181 991
184 426
185 999
187 999
188 999
189 0
190 999
192 999
193 13
194 17
195 999
196 192
197 999
198 172
199 999
209 999
210 998
211 998
212 999
214 535
215 999
217 999
218 999
220 0
221 999
226 2
227 999
229 0
230 999
233 999
234 999
236 1
237 999
245 0
246 999
249 999
250 999
253 999
254 999
256 999
257 999
258 926
259 999
26 0
260 20
261 999
263 526
264 995
268 6
269 999
27 28
272 994
273 998
274 11
275 999
276 947
277 999
278 3
279 999
280 0
281 999
282 999
283 999
288 466
289 999
290 2
291 999
293 999
294 467
296 992
297 581
300 991
301 999
303 988
304 999
306 999
307 171
31 999
313 999
314 999
318 995
319 999
32 999
320 1
321 999
322 912
323 999
325 14
326 999
329 847
330 999
334 6
335 999
338 993
339 999
341 955
342 999
344 999
345 999
362 999
363 999
367 11
368 999
369 0
370 999
373 0
374 999
375 999
376 999
378 995
379 999
38 2
388 998
389 999
39 999
395 0
396 999
398 18
399 999
4 114
402 697
403 999
41 1
413 999
414 999
416 999
417 999
418 0
419 999
42 999
421 989
422 711
423 999
424 999
426 999
427 999
428 905
429 999
432 999
433 999
434 999
435 999
442 999
443 999
449 999
450 999
451 0
452 999
453 999
454 999
455 998
456 999
463 9
464 999
467 999
468 999
473 988
474 999
477 912
478 999
480 2
481 999
485 8
486 999
488 8
489 999
49 999
490 76
491 999
494 140
495 999
496 176
497 999
5 999
50 103
501 997
502 997
505 999
506 999
509 999
510 999
511 0
512 999
513 10
514 999
519 3
520 999
521 0
522 999
524 999
525 999
527 999
528 999
531 12
532 999
533 0
534 999
535 3
536 999
539 990
540 999
545 0
546 998
549 181
550 999
552 999
553 999
555 10
556 999
559 999
560 991
565 243
566 999
569 999
570 15
573 999
574 999
575 198
576 999
577 999
578 999
585 995
586 997
589 24
590 999
591 0
592 999
594 167
595 999
598 23
599 999
601 932
602 999
603 998
604 999
609 1
610 999
613 987
614 999
615 3
616 999
620 999
621 999
622 989
623 999
626 140
627 999
628 0
629 999
631 915
632 999
634 999
635 999
637 999
638 999
639 918
640 999
641 611
642 999
643 999
644 999
645 999
646 999
648 998
649 999
651 986
652 999
654 999
655 989
660 942
661 921
662 930
663 999
665 1
666 999
671 999
672 999
674 140
675 999
68 999
681 943
682 999
684 999
685 18
688 1
689 999
69 1
690 991
691 999
692 1
693 999
695 987
696 999
698 990
699 999
70 999
702 988
703 999
706 999
707 999
71 999
710 991
711 999
714 999
715 999
716 174
717 999
76 20
77 999
78 18
79 999
80 30
81 999
82 1
83 999
84 999
85 999
87 999
88 999
89 120
9 0
90 999
93 932
94 999
96 9
97 999
100 25
101 987
103 0
104 987
105 1
106 987
107 971
108 986
11 947
110 0
111 986
114 985
115 983
116 949
117 984
12 994
122 0
123 12
125 10
126 984
128 634
129 984
13 994
132 984
133 984
14 993
141 982
142 920
144 0
145 979
150 718
151 982
153 981
154 982
157 781
158 982
159 982
160 982
161 0
162 982
165 982
166 4
171 25
172 982
177 981
178 981
18 0
19 988
195 981
196 981
20 0
200 0
201 980
204 980
205 980
206 963
207 980
209 40
21 979
210 980
212 3
213 980
214 0
215 980
217 980
218 980
22 960
226 944
227 979
23 991
235 835
236 978
237 1
238 976
24 13
243 13
244 976
245 23
246 976
248 976
249 976
25 991
250 948
251 976
252 14
253 976
254 506
255 976
256 975
257 976
258 323
259 976
261 38
262 976
272 0
273 976
276 976
277 976
278 63
279 976
28 417
281 967
282 976
283 17
284 976
285 9
286 976
29 991
291 976
292 976
293 976
294 976
295 141
296 976
303 707
304 976
308 976
309 967
310 975
311 976
315 975
316 924
318 975
319 28
32 690
328 30
329 975
33 991
331 34
332 974
335 20
336 974
338 974
339 974
34 0
340 974
341 974
342 135
343 974
344 2
345 974
347 0
348 974
35 991
352 973
353 974
354 968
355 974
356 4
357 974
361 973
362 974
363 11
364 974
365 3
366 974
369 27
370 974
371 149
372 974
373 23
374 974
376 0
377 974
378 974
379 974
38 978
380 24
381 974
382 1
383 974
385 974
386 150
388 974
389 974
39 991
390 177
391 974
392 27
393 974
397 958
398 792
40 591
403 972
404 972
41 991
412 972
413 972
416 972
417 972
425 64
426 972
431 971
432 675
433 181
434 971
441 161
442 971
448 5
449 971
45 991
451 971
452 30
457 874
458 905
46 991
461 652
462 971
466 22
467 971
469 971
470 971
471 902
472 970
473 970
474 970
478 75
479 970
483 970
484 970
485 963
486 970
487 5
488 970
490 911
491 878
492 970
493 970
496 0
497 970
499 0
5 103
500 970
504 969
505 970
506 790
507 970
51 990
511 7
512 969
514 23
515 969
519 178
52 960
520 969
521 2
522 969
524 2
525 969
53 1
530 18
531 969
533 0
534 969
537 258
538 969
54 989
545 5
546 969
550 561
551 955
552 961
553 969
557 187
558 969
560 969
561 968
563 19
564 969
57 5
573 0
574 968
575 41
576 969
577 5
578 968
58 989
580 160
581 968
582 848
583 968
584 954
585 968
587 0
588 960
589 28
590 968
591 76
592 968
593 8
594 968
595 2
596 968
598 1
599 968
6 995
600 0
601 968
604 5
605 968
607 968
608 968
609 968
61 35
610 968
611 941
612 968
618 968
619 1
62 989
625 3
626 966
628 0
629 967
630 967
631 967
636 967
637 967
638 528
639 967
640 22
641 967
642 656
643 967
645 967
646 967
647 1
648 967
649 898
650 967
655 964
656 965
657 7
658 967
66 859
660 1
661 967
662 128
663 967
664 967
665 967
666 945
667 967
67 988
672 4
673 967
674 965
675 966
68 0
680 0
681 966
682 26
683 966
684 0
685 966
686 45
687 966
688 1
689 966
69 988
690 966
691 965
692 965
693 965
695 26
696 965
698 965
699 879
7 991
700 26
701 964
702 0
703 961
704 964
705 964
706 964
707 964
708 964
709 964
714 963
715 963
72 987
73 987
74 1
75 987
8 995
89 0
90 987
93 7
94 987
10 999
100 39
101 999
102 29
103 999
107 987
108 999
109 999
110 999
114 999
115 15
116 925
117 999
118 18
119 999
12 999
120 1
121 999
124 999
125 999
126 10
127 999
129 4
13 999
130 999
131 20
132 999
135 0
136 999
139 105
140 999
145 0
146 999
147 999
148 999
15 102
153 943
154 999
156 997
157 999
16 999
161 999
162 999
164 4
165 999
17 999
170 0
171 1
173 999
174 999
175 27
176 999
177 0
178 999
18 999
180 999
181 991
184 426
185 999
187 999
188 999
189 0
190 999
192 999
193 13
194 17
195 999
196 192
197 999
198 172
199 999
209 999
210 998
211 998
212 999
214 535
215 999
217 999
218 999
220 0
221 999
226 2
227 999
229 0
230 999
233 999
234 999
236 1
237 999
245 0
246 999
249 999
250 999
253 999
254 999
256 999
257 999
258 926
259 999
26 0
260 20
261 999
263 526
264 995
268 6
269 999
27 28
272 994
273 998
274 11
275 999
276 947
277 999
278 3
279 999
280 0
281 999
282 999
283 999
288 466
289 999
290 2
291 999
293 999
294 467
296 992
297 581
300 991
301 999
303 988
304 999
306 999
307 171
31 999
313 999
314 999
318 995
319 999
32 999
320 1
321 999
322 912
323 999
325 14
326 999
329 847
330 999
334 6
335 999
338 993
339 999
341 955
342 999
344 999
345 999
362 999
363 999
367 11
368 999
369 0
370 999
373 0
374 999
375 999
376 999
378 995
379 999
38 2
388 998
389 999
39 999
395 0
396 999
398 18
399 999
4 114
402 697
403 999
41 1
413 999
414 999
416 999
417 999
418 0
419 999
42 999
421 989
422 711
423 999
424 999
426 999
427 999
428 905
429 999
432 999
433 999
434 999
435 999
442 999
443 999
449 999
450 999
451 0
452 999
453 999
454 999
455 998
456 999
463 9
464 999
467 999
468 999
473 988
474 999
477 912
478 999
480 2
481 999
485 8
486 999
488 8
489 999
49 999
490 76
491 999
494 140
495 999
496 176
497 999
5 999
50 103
501 997
502 997
505 999
506 999
509 999
510 999
511 0
512 999
513 10
514 999
519 3
520 999
521 0
522 999
524 999
525 999
527 999
528 999
531 12
532 999
533 0
534 999
535 3
536 999
539 990
540 999
545 0
546 998
549 181
550 999
552 999
553 999
555 10
556 999
559 999
560 991
565 243
566 999
569 999
570 15
573 999
574 999
575 198
576 999
577 999
578 999
585 995
586 997
589 24
590 999
591 0
592 999
594 167
595 999
598 23
599 999
601 932
602 999
603 998
604 999
609 1
610 999
613 987
614 999
615 3
616 999
620 999
621 999
622 989
623 999
626 140
627 999
628 0
629 999
631 915
632 999
634 999
635 999
637 999
638 999
639 918
640 999
641 611
642 999
643 999
644 999
645 999
646 999
648 998
649 999
651 986
652 999
654 999
655 989
660 942
661 921
662 930
663 999
665 1
666 999
671 999
672 999
674 140
675 999
68 999
681 943
682 999
684 999
685 18
688 1
689 999
69 1
690 991
691 999
692 1
693 999
695 987
696 999
698 990
699 999
70 999
702 988
703 999
706 999
707 999
71 999
710 991
711 999
714 999
715 999
716 174
717 999
76 20
77 999
78 18
79 999
80 30
81 999
82 1
83 999
84 999
85 999
87 999
88 999
89 120
9 0
90 999
93 932
94 999
96 9
97 999
10 988
107 0
108 999
109 184
11 999
110 999
114 918
115 999
121 992
122 972
13 999
133 953
134 0
139 218
14 997
140 999
141 0
142 997
146 0
147 999
15 19
152 992
153 999
154 17
155 999
16 999
171 16
172 999
18 148
181 99
182 999
186 949
187 999
19 999
197 0
198 29
199 1
200 999
204 0
205 999
208 999
209 67
21 0
211 28
212 999
217 25
218 999
22 992
222 0
223 998
227 126
228 999
230 999
231 922
235 7
236 999
24 1
240 999
241 19
25 999
251 998
252 999
254 999
255 997
257 998
258 999
259 796
260 999
265 999
266 0
27 219
270 0
271 75
277 0
278 999
28 999
280 0
281 998
283 998
284 999
286 989
287 4
30 10
304 922
305 999
307 219
308 992
31 999
32 0
33 999
332 856
333 992
35 0
351 2
352 999
36 949
364 0
365 997
37 4
376 0
377 953
38 999
384 0
385 953
39 216
40 999
404 1
405 999
41 943
413 998
414 6
42 999
423 1
424 999
436 0
437 998
442 13
443 999
444 19
445 999
447 3
448 999
451 999
452 999
453 860
454 999
46 0
463 29
464 999
465 0
466 993
47 998
470 996
471 191
475 0
476 998
478 999
479 999
48 174
485 0
486 999
487 2
488 999
49 999
502 567
503 999
505 998
506 691
507 985
508 999
513 997
514 558
516 990
517 999
519 987
520 998
523 0
524 999
531 997
532 998
534 2
535 995
541 0
542 993
544 999
545 998
546 0
547 999
550 3
551 999
552 402
553 999
560 0
561 999
567 999
568 998
569 1
57 999
570 999
572 5
573 999
576 899
577 999
578 3
579 999
58 1
580 0
581 998
584 2
585 999
586 992
587 999
589 148
590 999
591 936
592 999
596 1
597 999
605 4
606 998
617 3
618 999
619 992
620 999
627 15
628 999
633 19
634 999
639 0
640 999
642 992
643 999
654 0
655 993
661 14
662 999
663 148
664 999
671 11
672 999
674 0
675 999
681 3
682 998
685 148
686 999
691 0
692 147
693 23
694 999
695 10
696 999
697 0
698 999
7 999
716 4
717 999
719 953
72 4
720 951
721 993
722 999
724 999
725 999
73 999
732 673
733 953
738 851
739 999
74 146
746 3
747 999
75 999
755 135
756 999
765 0
766 992
773 999
774 999
776 999
777 999
8 985
81 2
82 999
88 12
89 999
91 993
92 999
1 264
10 499
100 499
101 499
102 499
103 456
104 499
105 297
106 499
108 499
109 203
112 0
113 499
114 499
115 499
117 155
118 499
119 460
120 499
121 498
122 499
125 499
126 499
127 499
128 499
13 0
130 498
131 499
132 499
133 499
136 499
137 499
138 499
139 499
14 499
141 499
142 499
144 499
145 499
149 499
15 7
150 499
151 499
152 499
153 20
154 499
156 499
157 499
158 499
159 499
16 499
161 495
162 499
164 499
165 499
166 496
167 499
168 499
169 499
17 0
173 499
174 499
175 499
176 499
177 34
178 499
179 499
18 499
180 499
181 37
182 499
186 223
187 499
188 449
189 499
19 499
190 28
191 499
196 496
197 499
198 64
199 499
2 499
20 499
206 499
207 499
209 499
21 281
210 499
212 499
213 499
214 499
215 499
216 6
217 499
218 499
219 499
22 499
220 499
221 499
225 499
226 499
227 456
228 499
229 494
23 497
230 499
231 499
232 499
234 24
235 499
236 67
237 499
238 499
239 499
24 499
242 499
243 499
247 499
248 499
249 499
250 499
252 499
253 488
255 499
256 499
257 495
258 499
259 491
26 499
260 499
261 499
262 499
263 87
264 499
265 88
266 499
267 497
268 499
269 499
27 499
270 499
271 491
272 499
273 499
274 499
277 499
278 499
28 499
280 499
281 499
283 499
284 499
286 470
287 499
288 494
289 499
29 499
293 499
294 499
295 469
296 499
298 499
299 499
30 70
300 459
301 499
302 66
303 499
304 499
305 499
306 495
307 499
308 499
309 499
31 499
313 499
314 499
315 496
316 499
318 499
319 499
32 23
322 499
323 499
325 499
326 499
327 134
328 499
33 499
331 499
332 499
333 4
334 499
337 499
338 499
339 197
340 499
342 499
343 499
347 498
348 499
349 182
35 499
350 499
351 488
352 499
353 145
354 499
355 495
356 499
357 499
358 499
359 461
36 499
360 499
361 422
362 499
365 499
366 499
369 499
370 499
371 26
372 499
374 499
375 499
378 499
379 499
38 45
380 499
381 499
382 79
383 499
384 499
385 499
386 499
387 499
388 488
389 499
39 499
392 499
393 499
394 499
395 499
396 217
397 499
398 499
399 499
40 486
400 499
401 499
402 499
403 499
404 14
405 499
407 499
408 499
41 499
410 499
411 499
412 297
413 499
414 499
415 499
416 188
417 499
418 15
419 499
420 492
421 499
422 499
423 499
424 499
425 499
426 499
427 499
428 482
429 499
431 482
432 499
433 71
434 499
435 499
436 499
437 495
438 499
439 182
44 499
440 499
441 499
442 499
443 499
444 499
445 191
446 499
447 498
448 499
45 499
451 499
452 499
453 498
454 499
456 499
457 499
458 23
459 499
46 498
460 499
461 499
463 499
464 499
466 499
467 499
468 70
469 499
47 499
470 210
471 499
472 95
473 499
474 6
475 499
476 493
477 499
478 189
479 499
481 499
482 499
483 24
484 499
487 499
488 499
49 499
493 459
494 499
496 311
497 499
499 499
5 209
50 499
500 499
501 233
502 499
505 499
506 499
507 499
508 499
509 59
510 499
512 456
513 499
516 499
517 499
518 103
519 499
52 177
521 499
522 499
524 487
525 499
528 490
529 499
53 499
531 483
532 448
534 499
535 499
536 499
537 499
538 499
539 499
54 461
540 496
541 499
542 15
543 499
545 499
546 499
548 496
549 499
55 499
550 499
551 499
553 492
554 49
555 28
556 499
559 55
56 1
560 499
563 499
564 499
565 499
566 499
567 499
568 499
569 499
57 499
570 499
571 499
572 499
573 499
574 499
575 499
576 499
578 499
579 499
58 70
580 499
581 499
582 480
583 499
584 499
585 499
586 486
587 499
589 499
59 499
590 499
591 499
592 499
593 499
594 499
595 66
596 499
597 73
598 499
599 499
6 499
600 499
601 499
602 499
603 499
604 499
608 499
609 499
610 497
611 499
612 499
613 499
616 0
617 490
619 471
620 499
621 499
622 499
623 499
624 499
626 499
627 499
628 499
629 499
63 499
631 499
632 499
633 467
634 499
635 17
636 499
638 499
639 499
64 499
641 499
642 499
643 499
644 499
645 20
646 499
647 499
648 499
65 499
651 499
652 499
653 499
654 499
656 499
657 499
659 499
66 499
660 499
663 0
664 43
666 499
667 499
668 499
669 499
671 66
672 499
673 499
674 499
675 499
676 499
677 499
678 499
68 385
681 118
682 499
683 116
684 499
687 438
688 499
689 499
69 499
690 499
691 499
692 499
693 499
694 499
695 499
696 499
697 499
698 499
7 497
70 491
700 496
701 499
702 57
703 499
704 4
705 499
706 497
707 499
708 473
709 499
71 499
710 4
711 468
74 0
75 499
76 442
77 499
78 499
79 499
8 499
80 473
81 499
83 64
84 499
86 86
87 499
88 499
89 499
9 499
91 499
92 499
93 499
94 499
95 499
96 499
97 499
98 499
99 204
1 9999
100 9999
101 9999
102 9999
103 9999
104 9999
105 7
106 9993
107 9986
108 9999
109 9999
110 9999
112 151
113 9999
114 9955
115 9999
116 999
117 9999
118 9999
119 9999
12 8416
121 9955
122 9999
123 9999
124 9999
125 9947
126 9999
127 9986
128 9999
129 9999
13 9999
130 9999
131 9994
132 9999
133 9974
134 9999
135 9999
136 9999
137 967
138 9999
139 5300
14 9999
140 9999
141 9987
142 9999
143 9
144 9999
145 9999
146 9999
147 5218
148 9999
15 9999
150 9955
151 9999
152 7709
153 9999
154 9999
155 9999
156 9659
157 9999
159 9999
16 9999
160 9999
161 9999
162 9999
163 9948
164 9999
165 9999
166 9999
167 9997
168 9999
169 9897
17 9999
170 9999
171 9999
172 9999
174 9981
175 9999
176 9999
177 9999
178 9999
179 9999
181 9999
182 9999
183 54
184 9999
185 9999
186 9999
187 9758
188 9999
189 0
190 9986
191 187
192 9999
193 9983
194 9999
195 1377
196 9999
197 31
198 9999
199 7423
2 9999
20 8538
200 9999
202 9999
203 9955
204 115
205 9999
206 9999
207 9999
208 18
209 9999
21 9999
210 1026
211 9999
212 6240
213 9999
214 9999
215 9999
216 6949
217 9999
218 6429
219 9999
22 9999
220 1443
221 9999
222 9999
223 9999
224 247
225 9999
226 10
227 9999
228 9999
229 9999
23 9999
231 905
232 9999
234 9999
235 9999
236 9982
237 9999
238 9999
239 9999
240 9999
241 9999
242 8893
243 9999
244 9999
245 9999
246 7207
247 9999
248 9679
249 9999
25 3
250 9636
251 9999
252 284
253 9999
254 2
255 9999
256 9999
257 9999
258 9999
259 9999
26 9999
260 1042
261 9999
262 9992
263 9999
264 9999
265 9999
266 10
267 9999
268 9997
269 9999
270 6183
271 9999
272 9999
273 9999
274 5317
275 9999
276 9129
277 9999
278 9999
279 9999
28 65
281 9999
282 9938
283 9999
284 9999
285 9999
286 9999
287 253
288 9999
289 9988
29 9993
290 9999
291 9999
292 9999
294 9
295 9999
296 9999
297 9999
298 9999
299 9999
3 277
300 9987
301 9999
302 9999
303 9999
304 27
305 9999
306 9999
307 9999
308 9433
309 9999
31 0
310 9999
311 9999
312 9702
313 9999
314 325
315 9999
318 9998
319 9999
32 9999
321 9473
322 9999
323 6319
324 9999
325 9997
326 9999
327 4
328 9999
329 8062
33 9992
330 9999
334 9999
335 9999
336 810
337 9999
338 0
339 9999
34 9999
340 967
341 9999
343 9999
344 9999
346 9624
347 9999
348 9999
349 9999
35 7547
352 9999
353 9999
354 9999
355 9999
356 8745
357 9999
358 9999
359 9999
36 9999
360 9999
361 9999
362 9999
363 9999
365 9978
366 9999
368 8514
369 9999
37 215
370 9999
371 9999
372 9940
373 9999
374 9999
375 9999
376 6051
377 9999
378 9999
379 9999
38 9999
380 9705
381 9999
382 9648
383 9999
384 9016
385 9999
386 7641
387 9999
389 9975
39 1377
390 9999
391 9999
392 9999
393 9999
394 9999
395 9999
396 9999
398 9999
399 9999
4 9999
40 9999
400 43
401 9999
403 0
404 9999
405 9999
406 9999
408 328
409 9999
411 9999
412 9999
413 9999
414 9999
415 9999
416 9999
417 38
418 9999
419 9999
42 9999
420 9999
421 43
422 9999
423 61
424 9999
425 9999
426 9999
427 9999
428 9999
429 5621
43 9999
430 9999
431 8420
432 9999
433 6803
434 9999
435 9940
436 9999
438 9999
439 9999
440 786
441 9999
442 8955
443 9999
444 9757
445 9999
447 12
448 9999
449 9999
45 9999
450 9999
451 9999
452 9999
453 9999
454 9999
455 9999
456 9999
458 9977
459 9981
46 9999
460 9999
461 9999
462 9972
463 9999
464 9925
465 9999
468 0
469 9999
47 9999
470 9169
471 9999
472 9999
473 9999
474 838
475 9999
476 9999
477 9999
478 9999
479 9999
48 9999
480 9529
481 9999
482 784
483 9999
484 9999
485 9999
486 9999
487 9999
488 9046
489 9999
49 9999
490 9999
491 9999
496 5007
497 9999
498 4642
499 9999
50 9999
500 9999
501 9999
502 253
503 9999
504 5920
505 9999
506 9999
507 9999
509 9999
51 858
510 9999
513 6635
514 9999
515 29
516 9996
517 5032
518 9999
519 9999
52 9999
520 9999
521 8802
522 9999
523 9913
524 9999
525 9925
526 9999
527 48
528 9994
529 9982
53 9960
530 9999
532 8730
533 9999
534 9921
535 9999
536 9433
537 9999
539 9999
54 9999
540 9993
541 9999
542 9999
543 9999
544 9999
545 0
546 9999
547 9999
548 9999
549 9892
550 9999
551 9999
552 9999
553 10
554 9999
555 9978
556 9999
557 9999
558 9999
559 9999
56 52
560 9999
562 9960
563 9999
564 608
565 9999
566 9693
567 9999
568 2213
569 9999
57 9999
570 9999
571 9999
573 721
574 9999
575 8825
576 9999
577 9999
578 9999
579 9999
580 9999
581 9999
582 9999
583 9999
584 9999
586 9999
587 9999
588 9999
589 9999
590 6255
591 9999
595 9999
596 9999
597 2
598 9999
599 1012
60 9999
600 9999
602 457
603 9999
604 9555
605 9999
606 9999
607 9999
608 238
609 9999
61 9999
611 6052
612 9999
613 5712
614 9999
615 9898
616 9999
617 9999
618 9999
62 6309
623 13
624 9999
625 9999
626 9999
627 9
628 9995
629 9922
63 9999
630 9999
631 9983
632 9999
633 2016
634 9999
635 119
636 9999
637 8854
638 9999
639 9999
64 9999
640 9999
641 6096
642 9999
646 9986
647 9999
648 6791
649 9999
65 9999
650 9999
651 9999
653 9999
654 9999
655 9998
656 9999
658 9999
659 9999
66 48
660 621
661 9999
662 3092
663 9999
664 9999
665 9999
67 9999
68 0
69 9999
71 328
72 9999
73 9999
74 9999
75 9999
76 9999
77 5776
78 9999
79 9998
8 65
80 9999
81 9999
82 9999
83 9999
84 9999
86 0
87 9977
88 8734
89 9999
9 9999
90 16
91 9999
92 9999
93 9999
94 9999
95 9999
96 8915
97 9999
99 6187
1 9999
100 9999
101 9999
102 9999
103 9999
104 9999
105 7
106 9993
107 9986
108 9999
109 9999
110 9999
112 151
113 9999
114 9955
115 9999
116 999
117 9999
118 9999
119 9999
12 8416
121 9955
122 9999
123 9999
124 9999
125 9947
126 9999
127 9986
128 9999
129 9999
13 9999
130 9999
131 9994
132 9999
133 9974
134 9999
135 9999
136 9999
137 967
138 9999
139 5300
14 9999
140 9999
141 9987
142 9999
143 9
144 9999
145 9999
146 9999
147 5218
148 9999
15 9999
150 9955
151 9999
152 7709
153 9999
154 9999
155 9999
156 9659
157 9999
159 9999
16 9999
160 9999
161 9999
162 9999
163 9948
164 9999
165 9999
166 9999
167 9997
168 9999
169 9897
17 9999
170 9999
171 9999
172 9999
174 9981
175 9999
176 9999
177 9999
178 9999
179 9999
181 9999
182 9999
183 54
184 9999
185 9999
186 9999
187 9758
188 9999
189 0
190 9986
191 187
192 9999
193 9983
194 9999
195 1377
196 9999
197 31
198 9999
199 7423
2 9999
20 8538
200 9999
202 9999
203 9955
204 115
205 9999
206 9999
207 9999
208 18
209 9999
21 9999
210 1026
211 9999
212 6240
213 9999
214 9999
215 9999
216 6949
217 9999
218 6429
219 9999
22 9999
220 1443
221 9999
222 9999
223 9999
224 247
225 9999
226 10
227 9999
228 9999
229 9999
23 9999
231 905
232 9999
234 9999
235 9999
236 9982
237 9999
238 9999
239 9999
240 9999
241 9999
242 8893
243 9999
244 9999
245 9999
246 7207
247 9999
248 9679
249 9999
25 3
250 9636
251 9999
252 284
253 9999
254 2
255 9999
256 9999
257 9999
258 9999
259 9999
26 9999
260 1042
261 9999
262 9992
263 9999
264 9999
265 9999
266 10
267 9999
268 9997
269 9999
270 6183
271 9999
272 9999
273 9999
274 5317
275 9999
276 9129
277 9999
278 9999
279 9999
28 65
281 9999
282 9938
283 9999
284 9999
285 9999
286 9999
287 253
288 9999
289 9988
29 9993
290 9999
291 9999
292 9999
294 9
295 9999
296 9999
297 9999
298 9999
299 9999
3 277
300 9987
301 9999
302 9999
303 9999
304 27
305 9999
306 9999
307 9999
308 9433
309 9999
31 0
310 9999
311 9999
312 9702
313 9999
314 325
315 9999
318 9998
319 9999
32 9999
321 9473
322 9999
323 6319
324 9999
325 9997
326 9999
327 4
328 9999
329 8062
33 9992
330 9999
334 9999
335 9999
336 810
337 9999
338 0
339 9999
34 9999
340 967
341 9999
343 9999
344 9999
346 9624
347 9999
348 9999
349 9999
35 7547
352 9999
353 9999
354 9999
355 9999
356 8745
357 9999
358 9999
359 9999
36 9999
360 9999
361 9999
362 9999
363 9999
365 9978
366 9999
368 8514
369 9999
37 215
370 9999
371 9999
372 9940
373 9999
374 9999
375 9999
376 6051
377 9999
378 9999
379 9999
38 9999
380 9705
381 9999
382 9648
383 9999
384 9016
385 9999
386 7641
387 9999
389 9975
39 1377
390 9999
391 9999
392 9999
393 9999
394 9999
395 9999
396 9999
398 9999
399 9999
4 9999
40 9999
400 43
401 9999
403 0
404 9999
405 9999
406 9999
408 328
409 9999
411 9999
412 9999
413 9999
414 9999
415 9999
416 9999
417 38
418 9999
419 9999
42 9999
420 9999
421 43
422 9999
423 61
424 9999
425 9999
426 9999
427 9999
428 9999
429 5621
43 9999
430 9999
431 8420
432 9999
433 6803
434 9999
435 9940
436 9999
438 9999
439 9999
440 786
441 9999
442 8955
443 9999
444 9757
445 9999
447 12
448 9999
449 9999
45 9999
450 9999
451 9999
452 9999
453 9999
454 9999
455 9999
456 9999
458 9977
459 9981
46 9999
460 9999
461 9999
462 9972
463 9999
464 9925
465 9999
468 0
469 9999
47 9999
470 9169
471 9999
472 9999
473 9999
474 838
475 9999
476 9999
477 9999
478 9999
479 9999
48 9999
480 9529
481 9999
482 784
483 9999
484 9999
485 9999
486 9999
487 9999
488 9046
489 9999
49 9999
490 9999
491 9999
496 5007
497 9999
498 4642
499 9999
50 9999
500 9999
501 9999
502 253
503 9999
504 5920
505 9999
506 9999
507 9999
509 9999
51 858
510 9999
513 6635
514 9999
515 29
516 9996
517 5032
518 9999
519 9999
52 9999
520 9999
521 8802
522 9999
523 9913
524 9999
525 9925
526 9999
527 48
528 9994
529 9982
53 9960
530 9999
532 8730
533 9999
534 9921
535 9999
536 9433
537 9999
539 9999
54 9999
540 9993
541 9999
542 9999
543 9999
544 9999
545 0
546 9999
547 9999
548 9999
549 9892
550 9999
551 9999
552 9999
553 10
554 9999
555 9978
556 9999
557 9999
558 9999
559 9999
56 52
560 9999
562 9960
563 9999
564 608
565 9999
566 9693
567 9999
568 2213
569 9999
57 9999
570 9999
571 9999
573 721
574 9999
575 8825
576 9999
577 9999
578 9999
579 9999
580 9999
581 9999
582 9999
583 9999
584 9999
586 9999
587 9999
588 9999
589 9999
590 6255
591 9999
595 9999
596 9999
597 2
598 9999
599 1012
60 9999
600 9999
602 457
603 9999
604 9555
605 9999
606 9999
607 9999
608 238
609 9999
61 9999
611 6052
612 9999
613 5712
614 9999
615 9898
616 9999
617 9999
618 9999
62 6309
623 13
624 9999
625 9999
626 9999
627 9
628 9995
629 9922
63 9999
630 9999
631 9983
632 9999
633 2016
634 9999
635 119
636 9999
637 8854
638 9999
639 9999
64 9999
640 9999
641 6096
642 9999
646 9986
647 9999
648 6791
649 9999
65 9999
650 9999
651 9999
653 9999
654 9999
655 9998
656 9999
658 9999
659 9999
66 48
660 621
661 9999
662 3092
663 9999
664 9999
665 9999
67 9999
68 0
69 9999
71 328
72 9999
73 9999
74 9999
75 9999
76 9999
77 5776
78 9999
79 9998
8 65
80 9999
81 9999
82 9999
83 9999
84 9999
86 0
87 9977
88 8734
89 9999
9 9999
90 16
91 9999
92 9999
93 9999
94 9999
95 9999
96 8915
97 9999
99 6187
