100 0
101 9997
105 7
106 9999
133 9996
134 9999
135 0
136 9999
138 9999
139 9996
144 9999
145 9999
153 92
154 9999
16 6491
165 0
166 9999
169 1185
17 9996
170 9999
179 1172
180 9999
202 607
203 9999
207 0
208 9576
224 6
225 9999
227 0
228 9972
230 9584
231 9187
240 0
241 9435
249 0
250 9999
262 969
263 9999
280 9974
281 9997
287 0
288 9999
305 9995
306 9999
307 9996
308 9999
310 6491
311 31
318 0
319 9999
344 9974
345 9999
348 9999
349 9999
355 0
356 9999
357 110
358 9999
375 9995
376 9999
381 9999
382 9953
384 49
385 9999
39 0
391 0
392 9999
40 9995
403 1308
404 9999
407 0
408 9999
437 0
438 9999
44 9999
45 7
46 0
47 9967
478 9999
479 9996
486 0
487 58
51 7
52 9999
535 972
536 9
538 9440
539 9937
569 847
570 9999
631 0
632 9997
640 6
641 9999
651 9966
652 9998
653 8817
654 9999
664 1112
665 9999
666 4
667 9999
672 7
673 9997
674 407
675 9999
689 6414
690 0
691 43
692 9996
74 9674
75 9999
84 7
85 9999
87 9999
88 33
98 7
99 9999
100 0
101 9997
105 7
106 9999
133 9996
134 9999
135 0
136 9999
138 9999
139 9996
144 9999
145 9999
153 92
154 9999
16 6491
165 0
166 9999
169 1185
17 9996
170 9999
179 1172
180 9999
202 607
203 9999
207 0
208 9576
224 6
225 9999
227 0
228 9972
230 9584
231 9187
240 0
241 9435
249 0
250 9999
262 969
263 9999
280 9974
281 9997
287 0
288 9999
305 9995
306 9999
307 9996
308 9999
310 6491
311 31
318 0
319 9999
344 9974
345 9999
348 9999
349 9999
355 0
356 9999
357 110
358 9999
375 9995
376 9999
381 9999
382 9953
384 49
385 9999
39 0
391 0
392 9999
40 9995
403 1308
404 9999
407 0
408 9999
437 0
438 9999
44 9999
45 7
46 0
47 9967
478 9999
479 9996
486 0
487 58
51 7
52 9999
535 972
536 9
538 9440
539 9937
569 847
570 9999
631 0
632 9997
640 6
641 9999
651 9966
652 9998
653 8817
654 9999
664 1112
665 9999
666 4
667 9999
672 7
673 9997
674 407
675 9999
689 6414
690 0
691 43
692 9996
74 9674
75 9999
84 7
85 9999
87 9999
88 33
98 7
99 9999
0 0
1 0
10 0
100 0
101 0
102 0
103 0
104 0
105 0
106 0
107 0
108 0
109 0
11 0
110 0
111 0
112 0
113 0
114 0
115 0
116 0
117 0
118 0
119 0
12 0
120 0
121 0
122 0
123 0
124 0
125 0
126 0
127 0
128 0
129 0
13 0
130 0
131 0
132 0
133 0
134 0
135 0
136 0
137 0
138 0
139 0
14 0
140 0
141 0
142 0
143 0
144 0
145 0
146 0
147 0
148 0
149 0
15 0
150 0
151 0
152 0
153 0
154 0
155 0
156 0
157 0
158 0
159 0
16 0
160 0
161 0
162 0
163 0
164 0
165 0
166 0
167 0
168 0
169 0
17 0
170 0
171 0
172 0
173 0
174 0
175 0
176 0
177 0
178 0
179 0
18 0
180 0
181 0
182 0
183 0
184 0
185 0
186 0
187 0
188 0
189 0
19 0
190 0
191 0
192 0
193 0
194 0
195 0
196 0
197 0
198 0
199 0
2 0
20 0
200 0
201 0
202 0
203 0
204 0
205 0
206 0
207 0
208 0
209 0
21 0
210 0
211 0
212 0
213 0
214 0
215 0
216 0
217 0
218 0
219 0
22 0
220 0
221 0
222 0
223 0
224 0
225 0
226 0
227 0
228 0
229 0
23 0
230 0
231 0
232 0
233 0
234 0
235 0
236 0
237 0
238 0
239 0
24 0
240 0
241 0
242 0
243 0
244 0
245 0
246 0
247 0
248 0
249 0
25 0
250 0
251 0
252 0
253 0
254 0
255 0
256 0
257 0
258 0
259 0
26 0
260 0
261 0
262 0
263 0
264 0
265 0
266 0
267 0
268 0
269 0
27 0
270 0
271 0
272 0
273 0
274 0
275 0
276 0
277 0
278 0
279 0
28 0
280 0
281 0
282 0
283 0
284 0
285 0
286 0
287 0
288 0
289 0
29 0
290 0
291 0
292 0
293 0
294 0
295 0
296 0
297 0
298 0
299 0
3 0
30 0
300 0
301 0
302 0
303 0
304 0
305 0
306 0
307 0
308 0
309 0
31 0
310 0
311 0
312 0
313 0
314 0
315 0
316 0
317 0
318 0
319 0
32 0
320 0
321 0
322 0
323 0
324 0
325 0
326 0
327 0
328 0
329 0
33 0
330 0
331 0
332 0
333 0
334 0
335 0
336 0
337 0
338 0
339 0
34 0
340 0
341 0
342 0
343 0
344 0
345 0
346 0
347 0
348 0
349 0
35 0
350 0
351 0
352 0
353 0
354 0
355 0
356 0
357 0
358 0
359 0
36 0
360 0
361 0
362 0
363 0
364 0
365 0
366 0
367 0
368 0
369 0
37 0
370 0
371 0
372 0
373 0
374 0
375 0
376 0
377 0
378 0
379 0
38 0
380 0
381 0
382 0
383 0
384 0
385 0
386 0
387 0
388 0
389 0
39 0
390 0
391 0
392 0
393 0
394 0
395 0
396 0
397 0
398 0
399 0
4 0
40 0
400 0
401 0
402 0
403 0
404 0
405 0
406 0
407 0
408 0
409 0
41 0
410 0
411 0
412 0
413 0
414 0
415 0
416 0
417 0
418 0
419 0
42 0
420 0
421 0
422 0
423 0
424 0
425 0
426 0
427 0
428 0
429 0
43 0
430 0
431 0
432 0
433 0
434 0
435 0
436 0
437 0
438 0
439 0
44 0
440 0
441 0
442 0
443 0
444 0
445 0
446 0
447 0
448 0
449 0
45 0
450 0
451 0
452 0
453 0
454 0
455 0
456 0
457 0
458 0
459 0
46 0
460 0
461 0
462 0
463 0
464 0
465 0
466 0
467 0
468 0
469 0
47 0
470 0
471 0
472 0
473 0
474 0
475 0
476 0
477 0
478 0
479 0
48 0
480 0
481 0
482 0
483 0
484 0
485 0
486 0
487 0
488 0
489 0
49 0
490 0
491 0
492 0
493 0
494 0
495 0
496 0
497 0
498 0
499 0
5 0
50 0
500 0
501 0
502 0
503 0
504 0
505 0
506 0
507 0
508 0
509 0
51 0
510 0
511 0
512 0
513 0
514 0
515 0
516 0
517 0
518 0
519 0
52 0
520 0
521 0
522 0
523 0
524 0
525 0
526 0
527 0
528 0
529 0
53 0
54 0
55 0
56 0
57 0
58 0
59 0
6 0
60 0
61 0
62 0
63 0
64 0
65 0
66 0
67 0
68 0
69 0
7 0
70 0
71 0
72 0
73 0
74 0
75 0
76 0
77 0
78 0
79 0
8 0
80 0
81 0
82 0
83 0
84 0
85 0
86 0
87 0
88 0
89 0
9 0
90 0
91 0
92 0
93 0
94 0
95 0
96 0
97 0
98 0
99 0
0 0
1 0
10 0
100 0
101 0
102 0
103 0
104 0
105 0
106 0
107 0
108 0
109 0
11 0
110 0
111 0
112 0
113 0
114 0
115 0
116 0
117 0
118 0
119 0
12 0
120 0
121 0
122 0
123 0
124 0
125 0
126 0
127 0
128 0
129 0
13 0
130 0
131 0
132 0
133 0
134 0
135 0
136 0
137 0
138 0
139 0
14 0
140 0
141 0
142 0
143 0
144 0
145 0
146 0
147 0
148 0
149 0
15 0
150 0
151 0
152 0
153 0
154 0
155 0
156 0
157 0
158 0
159 0
16 0
160 0
161 0
162 0
163 0
164 0
165 0
166 0
167 0
168 0
169 0
17 0
170 0
171 0
172 0
173 0
174 0
175 0
176 0
177 0
178 0
179 0
18 0
180 0
181 0
182 0
183 0
184 0
185 0
186 0
187 0
188 0
189 0
19 0
190 0
191 0
192 0
193 0
194 0
195 0
196 0
197 0
198 0
199 0
2 0
20 0
200 0
201 0
202 0
203 0
204 0
205 0
206 0
207 0
208 0
209 0
21 0
210 0
211 0
212 0
213 0
214 0
215 0
216 0
217 0
218 0
219 0
22 0
220 0
221 0
222 0
223 0
224 0
225 0
226 0
227 0
228 0
229 0
23 0
230 0
231 0
232 0
233 0
234 0
235 0
236 0
237 0
238 0
239 0
24 0
240 0
241 0
242 0
243 0
244 0
245 0
246 0
247 0
248 0
249 0
25 0
250 0
251 0
252 0
253 0
254 0
255 0
256 0
257 0
258 0
259 0
26 0
260 0
261 0
262 0
263 0
264 0
265 0
266 0
267 0
268 0
269 0
27 0
270 0
271 0
272 0
273 0
274 0
275 0
276 0
277 0
278 0
279 0
28 0
280 0
281 0
282 0
283 0
284 0
285 0
286 0
287 0
288 0
289 0
29 0
290 0
291 0
292 0
293 0
294 0
295 0
296 0
297 0
298 0
299 0
3 0
30 0
300 0
301 0
302 0
303 0
304 0
305 0
306 0
307 0
308 0
309 0
31 0
310 0
311 0
312 0
313 0
314 0
315 0
316 0
317 0
318 0
319 0
32 0
320 0
321 0
322 0
323 0
324 0
325 0
326 0
327 0
328 0
329 0
33 0
330 0
331 0
332 0
333 0
334 0
335 0
336 0
337 0
338 0
339 0
34 0
340 0
341 0
342 0
343 0
344 0
345 0
346 0
347 0
348 0
349 0
35 0
350 0
351 0
352 0
353 0
354 0
355 0
356 0
357 0
358 0
359 0
36 0
360 0
361 0
362 0
363 0
364 0
365 0
366 0
367 0
368 0
369 0
37 0
370 0
371 0
372 0
373 0
374 0
375 0
376 0
377 0
378 0
379 0
38 0
380 0
381 0
382 0
383 0
384 0
385 0
386 0
387 0
388 0
389 0
39 0
390 0
391 0
392 0
393 0
394 0
395 0
396 0
397 0
398 0
399 0
4 0
40 0
400 0
401 0
402 0
403 0
404 0
405 0
406 0
407 0
408 0
409 0
41 0
410 0
411 0
412 0
413 0
414 0
415 0
416 0
417 0
418 0
419 0
42 0
420 0
421 0
422 0
423 0
424 0
425 0
426 0
427 0
428 0
429 0
43 0
430 0
431 0
432 0
433 0
434 0
435 0
436 0
437 0
438 0
439 0
44 0
440 0
441 0
442 0
443 0
444 0
445 0
446 0
447 0
448 0
449 0
45 0
450 0
451 0
452 0
453 0
454 0
455 0
456 0
457 0
458 0
459 0
46 0
460 0
461 0
462 0
463 0
464 0
465 0
466 0
467 0
468 0
469 0
47 0
470 0
471 0
472 0
473 0
474 0
475 0
476 0
477 0
478 0
479 0
48 0
480 0
481 0
482 0
483 0
484 0
485 0
486 0
487 0
488 0
489 0
49 0
490 0
491 0
492 0
493 0
494 0
495 0
496 0
497 0
498 0
499 0
5 0
50 0
500 0
501 0
502 0
503 0
504 0
505 0
506 0
507 0
508 0
509 0
51 0
510 0
511 0
512 0
513 0
514 0
515 0
516 0
517 0
518 0
519 0
52 0
520 0
521 0
522 0
523 0
524 0
525 0
526 0
527 0
528 0
529 0
53 0
54 0
55 0
56 0
57 0
58 0
59 0
6 0
60 0
61 0
62 0
63 0
64 0
65 0
66 0
67 0
68 0
69 0
7 0
70 0
71 0
72 0
73 0
74 0
75 0
76 0
77 0
78 0
79 0
8 0
80 0
81 0
82 0
83 0
84 0
85 0
86 0
87 0
88 0
89 0
9 0
90 0
91 0
92 0
93 0
94 0
95 0
96 0
97 0
98 0
99 0
0 0
1 0
10 0
100 0
101 0
102 0
103 0
104 0
105 0
106 0
107 0
108 0
109 0
11 0
110 0
111 0
112 0
113 0
114 0
115 0
116 0
117 0
118 0
119 0
12 0
120 0
121 0
122 0
123 0
124 0
125 0
126 0
127 0
128 0
129 0
13 0
130 0
131 0
132 0
133 0
134 0
135 0
136 0
137 0
138 0
139 0
14 0
140 0
141 0
142 0
143 0
144 0
145 0
146 0
147 0
148 0
149 0
15 0
150 0
151 0
152 0
153 0
154 0
155 0
156 0
157 0
158 0
159 0
16 0
160 0
161 0
162 0
163 0
164 0
165 0
166 0
167 0
168 0
169 0
17 0
170 0
171 0
172 0
173 0
174 0
175 0
176 0
177 0
178 0
179 0
18 0
180 0
181 0
182 0
183 0
184 0
185 0
186 0
187 0
188 0
189 0
19 0
190 0
191 0
192 0
193 0
194 0
195 0
196 0
197 0
198 0
199 0
2 0
20 0
200 0
201 0
202 0
203 0
204 0
205 0
206 0
207 0
208 0
209 0
21 0
210 0
211 0
212 0
213 0
214 0
215 0
216 0
217 0
218 0
219 0
22 0
220 0
221 0
222 0
223 0
224 0
225 0
226 0
227 0
228 0
229 0
23 0
230 0
231 0
232 0
233 0
234 0
235 0
236 0
237 0
238 0
239 0
24 0
240 0
241 0
242 0
243 0
244 0
245 0
246 0
247 0
248 0
249 0
25 0
250 0
251 0
252 0
253 0
254 0
255 0
256 0
257 0
258 0
259 0
26 0
260 0
261 0
262 0
263 0
264 0
265 0
266 0
267 0
268 0
269 0
27 0
270 0
271 0
272 0
273 0
274 0
275 0
276 0
277 0
278 0
279 0
28 0
280 0
281 0
282 0
283 0
284 0
285 0
286 0
287 0
288 0
289 0
29 0
290 0
291 0
292 0
293 0
294 0
295 0
296 0
297 0
298 0
299 0
3 0
30 0
300 0
301 0
302 0
303 0
304 0
305 0
306 0
307 0
308 0
309 0
31 0
310 0
311 0
312 0
313 0
314 0
315 0
316 0
317 0
318 0
319 0
32 0
320 0
321 0
322 0
323 0
324 0
325 0
326 0
327 0
328 0
329 0
33 0
330 0
331 0
332 0
333 0
334 0
335 0
336 0
337 0
338 0
339 0
34 0
340 0
341 0
342 0
343 0
344 0
345 0
346 0
347 0
348 0
349 0
35 0
350 0
351 0
352 0
353 0
354 0
355 0
356 0
357 0
358 0
359 0
36 0
360 0
361 0
362 0
363 0
364 0
365 0
366 0
367 0
368 0
369 0
37 0
370 0
371 0
372 0
373 0
374 0
375 0
376 0
377 0
378 0
379 0
38 0
380 0
381 0
382 0
383 0
384 0
385 0
386 0
387 0
388 0
389 0
39 0
390 0
391 0
392 0
393 0
394 0
395 0
396 0
397 0
398 0
399 0
4 0
40 0
400 0
401 0
402 0
403 0
404 0
405 0
406 0
407 0
408 0
409 0
41 0
410 0
411 0
412 0
413 0
414 0
415 0
416 0
417 0
418 0
419 0
42 0
420 0
421 0
422 0
423 0
424 0
425 0
426 0
427 0
428 0
429 0
43 0
430 0
431 0
432 0
433 0
434 0
435 0
436 0
437 0
438 0
439 0
44 0
440 0
441 0
442 0
443 0
444 0
445 0
446 0
447 0
448 0
449 0
45 0
450 0
451 0
452 0
453 0
454 0
455 0
456 0
457 0
458 0
459 0
46 0
460 0
461 0
462 0
463 0
464 0
465 0
466 0
467 0
468 0
469 0
47 0
470 0
471 0
472 0
473 0
474 0
475 0
476 0
477 0
478 0
479 0
48 0
480 0
481 0
482 0
483 0
484 0
485 0
486 0
487 0
488 0
489 0
49 0
490 0
491 0
492 0
493 0
494 0
495 0
496 0
497 0
498 0
499 0
5 0
50 0
500 0
501 0
502 0
503 0
504 0
505 0
506 0
507 0
508 0
509 0
51 0
510 0
511 0
512 0
513 0
514 0
515 0
516 0
517 0
518 0
519 0
52 0
520 0
521 0
522 0
523 0
524 0
525 0
526 0
527 0
528 0
529 0
53 0
54 0
55 0
56 0
57 0
58 0
59 0
6 0
60 0
61 0
62 0
63 0
64 0
65 0
66 0
67 0
68 0
69 0
7 0
70 0
71 0
72 0
73 0
74 0
75 0
76 0
77 0
78 0
79 0
8 0
80 0
81 0
82 0
83 0
84 0
85 0
86 0
87 0
88 0
89 0
9 0
90 0
91 0
92 0
93 0
94 0
95 0
96 0
97 0
98 0
99 0
0 0
1 0
10 0
100 0
101 0
102 0
103 0
104 0
105 0
106 0
107 0
108 0
109 0
11 0
110 0
111 0
112 0
113 0
114 0
115 0
116 0
117 0
118 0
119 0
12 0
120 0
121 0
122 0
123 0
124 0
125 0
126 0
127 0
128 0
129 0
13 0
130 0
131 0
132 0
133 0
134 0
135 0
136 0
137 0
138 0
139 0
14 0
140 0
141 0
142 0
143 0
144 0
145 0
146 0
147 0
148 0
149 0
15 0
150 0
151 0
152 0
153 0
154 0
155 0
156 0
157 0
158 0
159 0
16 0
160 0
161 0
162 0
163 0
164 0
165 0
166 0
167 0
168 0
169 0
17 0
170 0
171 0
172 0
173 0
174 0
175 0
176 0
177 0
178 0
179 0
18 0
180 0
181 0
182 0
183 0
184 0
185 0
186 0
187 0
188 0
189 0
19 0
190 0
191 0
192 0
193 0
194 0
195 0
196 0
197 0
198 0
199 0
2 0
20 0
200 0
201 0
202 0
203 0
204 0
205 0
206 0
207 0
208 0
209 0
21 0
210 0
211 0
212 0
213 0
214 0
215 0
216 0
217 0
218 0
219 0
22 0
220 0
221 0
222 0
223 0
224 0
225 0
226 0
227 0
228 0
229 0
23 0
230 0
231 0
232 0
233 0
234 0
235 0
236 0
237 0
238 0
239 0
24 0
240 0
241 0
242 0
243 0
244 0
245 0
246 0
247 0
248 0
249 0
25 0
250 0
251 0
252 0
253 0
254 0
255 0
256 0
257 0
258 0
259 0
26 0
260 0
261 0
262 0
263 0
264 0
265 0
266 0
267 0
268 0
269 0
27 0
270 0
271 0
272 0
273 0
274 0
275 0
276 0
277 0
278 0
279 0
28 0
280 0
281 0
282 0
283 0
284 0
285 0
286 0
287 0
288 0
289 0
29 0
290 0
291 0
292 0
293 0
294 0
295 0
296 0
297 0
298 0
299 0
3 0
30 0
300 0
301 0
302 0
303 0
304 0
305 0
306 0
307 0
308 0
309 0
31 0
310 0
311 0
312 0
313 0
314 0
315 0
316 0
317 0
318 0
319 0
32 0
320 0
321 0
322 0
323 0
324 0
325 0
326 0
327 0
328 0
329 0
33 0
330 0
331 0
332 0
333 0
334 0
335 0
336 0
337 0
338 0
339 0
34 0
340 0
341 0
342 0
343 0
344 0
345 0
346 0
347 0
348 0
349 0
35 0
350 0
351 0
352 0
353 0
354 0
355 0
356 0
357 0
358 0
359 0
36 0
360 0
361 0
362 0
363 0
364 0
365 0
366 0
367 0
368 0
369 0
37 0
370 0
371 0
372 0
373 0
374 0
375 0
376 0
377 0
378 0
379 0
38 0
380 0
381 0
382 0
383 0
384 0
385 0
386 0
387 0
388 0
389 0
39 0
390 0
391 0
392 0
393 0
394 0
395 0
396 0
397 0
398 0
399 0
4 0
40 0
400 0
401 0
402 0
403 0
404 0
405 0
406 0
407 0
408 0
409 0
41 0
410 0
411 0
412 0
413 0
414 0
415 0
416 0
417 0
418 0
419 0
42 0
420 0
421 0
422 0
423 0
424 0
425 0
426 0
427 0
428 0
429 0
43 0
430 0
431 0
432 0
433 0
434 0
435 0
436 0
437 0
438 0
439 0
44 0
440 0
441 0
442 0
443 0
444 0
445 0
446 0
447 0
448 0
449 0
45 0
450 0
451 0
452 0
453 0
454 0
455 0
456 0
457 0
458 0
459 0
46 0
460 0
461 0
462 0
463 0
464 0
465 0
466 0
467 0
468 0
469 0
47 0
470 0
471 0
472 0
473 0
474 0
475 0
476 0
477 0
478 0
479 0
48 0
480 0
481 0
482 0
483 0
484 0
485 0
486 0
487 0
488 0
489 0
49 0
490 0
491 0
492 0
493 0
494 0
495 0
496 0
497 0
498 0
499 0
5 0
50 0
500 0
501 0
502 0
503 0
504 0
505 0
506 0
507 0
508 0
509 0
51 0
510 0
511 0
512 0
513 0
514 0
515 0
516 0
517 0
518 0
519 0
52 0
520 0
521 0
522 0
523 0
524 0
525 0
526 0
527 0
528 0
529 0
53 0
530 0
531 0
532 0
533 0
534 0
535 0
536 0
537 0
538 0
539 0
54 0
55 0
56 0
57 0
58 0
59 0
6 0
60 0
61 0
62 0
63 0
64 0
65 0
66 0
67 0
68 0
69 0
7 0
70 0
71 0
72 0
73 0
74 0
75 0
76 0
77 0
78 0
79 0
8 0
80 0
81 0
82 0
83 0
84 0
85 0
86 0
87 0
88 0
89 0
9 0
90 0
91 0
92 0
93 0
94 0
95 0
96 0
97 0
98 0
99 0
0 0
1 0
10 0
100 0
101 0
102 0
103 0
104 0
105 0
106 0
107 0
108 0
109 0
11 0
110 0
111 0
112 0
113 0
114 0
115 0
116 0
117 0
118 0
119 0
12 0
120 0
121 0
122 0
123 0
124 0
125 0
126 0
127 0
128 0
129 0
13 0
130 0
131 0
132 0
133 0
134 0
135 0
136 0
137 0
138 0
139 0
14 0
140 0
141 0
142 0
143 0
144 0
145 0
146 0
147 0
148 0
149 0
15 0
150 0
151 0
152 0
153 0
154 0
155 0
156 0
157 0
158 0
159 0
16 0
160 0
161 0
162 0
163 0
164 0
165 0
166 0
167 0
168 0
169 0
17 0
170 0
171 0
172 0
173 0
174 0
175 0
176 0
177 0
178 0
179 0
18 0
180 0
181 0
182 0
183 0
184 0
185 0
186 0
187 0
188 0
189 0
19 0
190 0
191 0
192 0
193 0
194 0
195 0
196 0
197 0
198 0
199 0
2 0
20 0
200 0
201 0
202 0
203 0
204 0
205 0
206 0
207 0
208 0
209 0
21 0
210 0
211 0
212 0
213 0
214 0
215 0
216 0
217 0
218 0
219 0
22 0
220 0
221 0
222 0
223 0
224 0
225 0
226 0
227 0
228 0
229 0
23 0
230 0
231 0
232 0
233 0
234 0
235 0
236 0
237 0
238 0
239 0
24 0
240 0
241 0
242 0
243 0
244 0
245 0
246 0
247 0
248 0
249 0
25 0
250 0
251 0
252 0
253 0
254 0
255 0
256 0
257 0
258 0
259 0
26 0
260 0
261 0
262 0
263 0
264 0
265 0
266 0
267 0
268 0
269 0
27 0
270 0
271 0
272 0
273 0
274 0
275 0
276 0
277 0
278 0
279 0
28 0
280 0
281 0
282 0
283 0
284 0
285 0
286 0
287 0
288 0
289 0
29 0
290 0
291 0
292 0
293 0
294 0
295 0
296 0
297 0
298 0
299 0
3 0
30 0
300 0
301 0
302 0
303 0
304 0
305 0
306 0
307 0
308 0
309 0
31 0
310 0
311 0
312 0
313 0
314 0
315 0
316 0
317 0
318 0
319 0
32 0
320 0
321 0
322 0
323 0
324 0
325 0
326 0
327 0
328 0
329 0
33 0
330 0
331 0
332 0
333 0
334 0
335 0
336 0
337 0
338 0
339 0
34 0
340 0
341 0
342 0
343 0
344 0
345 0
346 0
347 0
348 0
349 0
35 0
350 0
351 0
352 0
353 0
354 0
355 0
356 0
357 0
358 0
359 0
36 0
360 0
361 0
362 0
363 0
364 0
365 0
366 0
367 0
368 0
369 0
37 0
370 0
371 0
372 0
373 0
374 0
375 0
376 0
377 0
378 0
379 0
38 0
380 0
381 0
382 0
383 0
384 0
385 0
386 0
387 0
388 0
389 0
39 0
390 0
391 0
392 0
393 0
394 0
395 0
396 0
397 0
398 0
399 0
4 0
40 0
400 0
401 0
402 0
403 0
404 0
405 0
406 0
407 0
408 0
409 0
41 0
410 0
411 0
412 0
413 0
414 0
415 0
416 0
417 0
418 0
419 0
42 0
420 0
421 0
422 0
423 0
424 0
425 0
426 0
427 0
428 0
429 0
43 0
430 0
431 0
432 0
433 0
434 0
435 0
436 0
437 0
438 0
439 0
44 0
440 0
441 0
442 0
443 0
444 0
445 0
446 0
447 0
448 0
449 0
45 0
450 0
451 0
452 0
453 0
454 0
455 0
456 0
457 0
458 0
459 0
46 0
460 0
461 0
462 0
463 0
464 0
465 0
466 0
467 0
468 0
469 0
47 0
470 0
471 0
472 0
473 0
474 0
475 0
476 0
477 0
478 0
479 0
48 0
480 0
481 0
482 0
483 0
484 0
485 0
486 0
487 0
488 0
489 0
49 0
490 0
491 0
492 0
493 0
494 0
495 0
496 0
497 0
498 0
499 0
5 0
50 0
500 0
501 0
502 0
503 0
504 0
505 0
506 0
507 0
508 0
509 0
51 0
510 0
511 0
512 0
513 0
514 0
515 0
516 0
517 0
518 0
519 0
52 0
520 0
521 0
522 0
523 0
524 0
525 0
526 0
527 0
53 0
54 0
55 0
56 0
57 0
58 0
59 0
6 0
60 0
61 0
62 0
63 0
64 0
65 0
66 0
67 0
68 0
69 0
7 0
70 0
71 0
72 0
73 0
74 0
75 0
76 0
77 0
78 0
79 0
8 0
80 0
81 0
82 0
83 0
84 0
85 0
86 0
87 0
88 0
89 0
9 0
90 0
91 0
92 0
93 0
94 0
95 0
96 0
97 0
98 0
99 0
108 0
109 0
121 0
122 0
125 0
126 0
141 0
142 0
151 0
152 0
170 0
171 0
178 0
179 0
18 0
184 0
185 0
19 0
202 0
203 0
214 0
215 0
219 0
220 0
227 0
228 0
233 0
234 0
242 0
243 0
247 0
248 0
251 0
252 0
256 0
257 0
274 0
275 0
277 0
278 0
28 0
285 0
286 0
29 0
291 0
292 0
3 0
305 0
306 0
307 0
308 0
31 0
32 0
327 0
328 0
329 0
330 0
335 0
336 0
34 0
345 0
346 0
347 0
348 0
35 0
350 0
351 0
352 0
353 0
359 0
36 0
360 0
361 0
362 0
37 0
386 0
387 0
388 0
389 0
39 0
390 0
391 0
395 0
396 0
4 0
40 0
410 0
411 0
417 0
418 0
42 0
421 0
422 0
424 0
425 0
426 0
427 0
43 0
440 0
441 0
455 0
456 0
465 0
466 0
471 0
472 0
483 0
484 0
488 0
489 0
494 0
495 0
499 0
500 0
509 0
510 0
511 0
512 0
513 0
514 0
525 0
526 0
528 0
529 0
53 0
54 0
542 0
543 0
547 0
548 0
553 0
554 0
555 0
556 0
569 0
570 0
586 0
587 0
619 0
620 0
623 0
624 0
631 0
632 0
633 0
634 0
639 0
640 0
645 0
646 0
651 0
652 0
672 0
673 0
694 0
695 0
704 0
705 0
715 0
716 0
718 0
719 0
723 0
724 0
78 0
79 0
84 0
85 0
90 0
91 0
98 0
99 0
108 0
109 204
121 0
122 6
125 67
126 469
141 468
142 468
151 6
152 467
170 0
171 73
178 3
179 465
18 416
184 465
185 395
19 488
202 461
203 26
214 460
215 463
219 463
220 31
227 0
228 2
233 360
234 58
242 4
243 460
247 0
248 457
251 432
252 457
256 0
257 435
274 98
275 456
277 274
278 410
28 3
285 0
286 92
29 486
291 0
292 50
3 10
305 48
306 455
307 29
308 455
31 103
32 486
327 35
328 454
329 0
330 453
335 0
336 14
34 484
345 1
346 454
347 0
348 454
35 462
350 453
351 453
352 128
353 453
359 1
36 467
360 447
361 0
362 453
37 484
386 449
387 453
388 135
389 453
39 209
390 16
391 453
395 44
396 452
4 494
40 69
410 451
411 451
417 0
418 24
42 475
421 442
422 428
424 451
425 447
426 20
427 451
43 465
440 412
441 451
455 451
456 451
465 0
466 431
471 24
472 450
483 450
484 450
488 1
489 450
494 1
495 450
499 449
500 2
509 1
510 449
511 17
512 449
513 67
514 449
525 447
526 444
528 0
529 447
53 0
54 473
542 445
543 445
547 419
548 444
553 19
554 443
555 229
556 443
569 443
570 23
586 0
587 144
619 0
620 391
623 411
624 120
631 2
632 442
633 49
634 442
639 0
640 379
645 442
646 442
651 0
652 424
672 67
673 439
694 0
695 35
704 436
705 436
715 0
716 436
718 436
719 436
723 0
724 27
78 474
79 5
84 6
85 474
90 473
91 474
98 0
99 472
10 999
102 502
103 993
108 999
109 15
110 925
111 999
113 1
114 999
119 0
12 0
120 13
125 0
126 999
129 55
13 999
130 999
141 873
142 999
148 999
149 999
15 102
16 999
160 999
161 999
162 12
163 999
165 999
166 865
17 999
172 193
173 999
175 999
176 149
18 999
182 0
183 0
193 998
194 999
198 999
199 999
211 998
212 989
214 999
215 999
230 875
231 999
237 183
238 999
240 994
241 999
247 6
248 999
258 0
259 999
265 992
266 999
269 963
270 999
277 924
278 999
280 900
281 999
294 978
295 999
296 912
297 999
299 0
300 999
311 992
312 999
314 1
315 999
318 981
319 999
335 999
336 999
340 11
341 999
343 999
344 991
357 147
358 999
364 0
365 13
367 0
368 999
384 999
385 999
393 939
394 999
395 905
396 999
399 999
4 4
400 999
401 941
402 999
413 2
414 999
416 999
417 999
423 0
424 356
437 0
438 3
441 2
442 999
454 999
455 999
464 999
465 999
467 15
468 999
47 999
478 999
479 998
48 102
482 999
483 0
485 12
486 999
491 901
492 999
5 999
506 1
507 999
519 924
520 15
525 999
526 999
538 0
539 999
541 167
542 999
547 932
548 999
549 890
550 999
551 0
552 999
564 997
565 999
569 1
570 999
573 999
574 11
578 1
579 999
582 999
583 999
584 127
585 999
589 0
590 999
595 999
596 12
608 503
609 999
618 943
619 999
633 1
634 999
639 999
640 999
643 991
644 999
68 0
69 4
77 999
78 999
81 881
82 999
83 25
84 999
86 999
87 999
89 182
9 0
90 999
10 999
102 502
103 993
108 999
109 15
110 925
111 999
113 1
114 999
119 0
12 0
120 13
125 0
126 999
129 55
13 999
130 999
141 873
142 999
148 999
149 999
15 102
16 999
160 999
161 999
162 12
163 999
165 999
166 865
17 999
172 193
173 999
175 999
176 149
18 999
182 0
183 0
193 998
194 999
198 999
199 999
211 998
212 989
214 999
215 999
230 875
231 999
237 183
238 999
240 994
241 999
247 6
248 999
258 0
259 999
265 992
266 999
269 963
270 999
277 924
278 999
280 900
281 999
294 978
295 999
296 912
297 999
299 0
300 999
311 992
312 999
314 1
315 999
318 981
319 999
335 999
336 999
340 11
341 999
343 999
344 991
357 147
358 999
364 0
365 13
367 0
368 999
384 999
385 999
393 939
394 999
395 905
396 999
399 999
4 4
400 999
401 941
402 999
413 2
414 999
416 999
417 999
423 0
424 356
437 0
438 3
441 2
442 999
454 999
455 999
464 999
465 999
467 15
468 999
47 999
478 999
479 998
48 102
482 999
483 0
485 12
486 999
491 901
492 999
5 999
506 1
507 999
519 924
520 15
525 999
526 999
538 0
539 999
541 167
542 999
547 932
548 999
549 890
550 999
551 0
552 999
564 997
565 999
569 1
570 999
573 999
574 11
578 1
579 999
582 999
583 999
584 127
585 999
589 0
590 999
595 999
596 12
608 503
609 999
618 943
619 999
633 1
634 999
639 999
640 999
643 991
644 999
68 0
69 4
77 999
78 999
81 881
82 999
83 25
84 999
86 999
87 999
89 182
9 0
90 999
10 994
100 0
101 985
11 1
112 1
113 983
12 994
120 50
121 983
13 994
14 994
154 0
155 978
163 135
164 978
165 961
166 978
169 978
17 994
170 978
172 978
173 978
174 176
175 978
176 8
177 978
18 994
182 978
183 978
186 978
187 978
189 977
190 978
195 0
196 978
203 0
204 824
206 969
207 977
22 12
229 0
23 992
230 976
240 15
241 976
25 0
252 976
253 976
259 957
26 992
260 142
27 0
275 975
276 973
279 973
28 992
280 973
281 1
282 973
286 1
287 973
288 147
289 973
302 305
303 973
308 972
309 972
32 9
323 56
324 972
329 969
33 992
330 8
334 0
335 972
344 907
345 972
352 935
353 972
357 970
358 968
36 464
363 971
364 971
366 971
367 971
37 991
374 0
375 971
376 877
377 971
385 970
386 970
389 969
390 408
392 956
393 970
394 0
395 970
396 2
397 969
398 0
399 969
408 968
409 968
41 989
412 968
413 965
418 581
419 968
42 991
422 6
423 968
425 6
426 968
430 0
431 163
432 1
433 968
443 967
444 968
453 11
454 968
456 968
457 968
458 29
459 968
461 2
462 968
465 957
466 968
467 12
468 967
48 0
480 967
481 675
482 27
483 967
488 965
489 954
49 989
491 967
492 960
493 967
494 967
509 597
510 967
514 967
515 967
526 1
527 967
535 0
536 2
539 962
540 964
545 1
546 966
547 5
548 966
549 966
550 966
56 1
566 959
567 965
57 989
58 0
585 1
586 965
59 988
590 955
591 965
607 24
608 964
609 3
610 964
611 18
612 964
614 783
615 964
618 853
619 964
621 964
622 869
625 0
626 964
628 964
629 3
636 2
637 963
641 3
642 962
66 970
67 987
7 988
8 972
85 42
86 986
87 12
88 986
9 3
90 208
91 985
96 956
97 985
98 18
99 985
10 999
102 502
103 993
108 999
109 15
110 925
111 999
113 1
114 999
119 0
12 0
120 13
125 0
126 999
129 55
13 999
130 999
141 873
142 999
148 999
149 999
15 102
16 999
160 999
161 999
162 12
163 999
165 999
166 865
17 999
172 193
173 999
175 999
176 149
18 999
182 0
183 0
193 998
194 999
198 999
199 999
211 998
212 989
214 999
215 999
230 875
231 999
237 183
238 999
240 994
241 999
247 6
248 999
258 0
259 999
265 992
266 999
269 963
270 999
277 924
278 999
280 900
281 999
294 978
295 999
296 912
297 999
299 0
300 999
311 992
312 999
314 1
315 999
318 981
319 999
335 999
336 999
340 11
341 999
343 999
344 991
357 147
358 999
364 0
365 13
367 0
368 999
384 999
385 999
393 939
394 999
395 905
396 999
399 999
4 4
400 999
401 941
402 999
413 2
414 999
416 999
417 999
423 0
424 356
437 0
438 3
441 2
442 999
454 999
455 999
464 999
465 999
467 15
468 999
47 999
478 999
479 998
48 102
482 999
483 0
485 12
486 999
491 901
492 999
5 999
506 1
507 999
519 924
520 15
525 999
526 999
538 0
539 999
541 167
542 999
547 932
548 999
549 890
550 999
551 0
552 999
564 997
565 999
569 1
570 999
573 999
574 11
578 1
579 999
582 999
583 999
584 127
585 999
589 0
590 999
595 999
596 12
608 503
609 999
618 943
619 999
633 1
634 999
639 999
640 999
643 991
644 999
68 0
69 4
77 999
78 999
81 881
82 999
83 25
84 999
86 999
87 999
89 182
9 0
90 999
10 988
109 992
11 999
110 972
127 218
128 999
129 0
130 997
134 0
135 999
140 992
141 999
158 16
159 999
172 24
173 999
18 0
188 0
189 999
19 992
204 0
205 998
209 0
210 999
216 1
217 999
218 0
219 999
221 999
222 19
237 998
238 999
249 0
250 75
256 0
257 999
261 29
262 999
264 989
265 0
282 922
283 999
285 219
286 992
310 856
311 992
329 2
33 999
330 999
34 999
354 0
355 953
362 0
363 953
412 0
413 998
424 999
425 999
426 860
427 999
437 999
438 29
447 0
448 998
456 0
457 999
479 997
480 1
482 990
483 999
485 987
486 998
489 0
490 999
497 19
498 999
500 2
501 995
507 0
508 993
510 999
511 998
531 999
532 934
534 5
535 999
539 952
540 999
542 993
543 135
550 148
551 999
552 936
553 999
626 0
627 999
643 0
644 10
645 0
646 999
664 4
665 999
667 953
668 202
669 148
670 999
671 999
672 999
679 673
680 953
7 999
701 135
702 999
711 0
712 992
720 999
721 996
79 12
8 985
80 999
82 19
83 999
100 499
102 0
103 198
106 499
107 499
108 499
109 499
111 499
112 499
114 499
115 499
119 499
12 0
120 499
121 20
122 499
124 499
125 499
126 499
127 499
13 499
132 0
133 499
137 499
138 499
139 499
14 7
140 499
141 109
142 499
146 223
147 499
148 449
149 499
15 499
150 28
151 499
156 496
157 499
158 64
159 499
16 0
167 499
168 499
17 499
170 499
171 499
172 499
173 499
176 499
177 499
178 89
179 499
18 499
182 499
183 499
184 8
185 499
187 499
188 499
19 499
193 499
194 499
197 34
198 499
20 45
202 499
203 499
207 499
208 499
209 49
21 499
210 499
211 491
212 499
213 499
214 499
216 88
217 499
218 448
219 499
220 499
221 499
222 491
223 499
224 486
225 499
227 499
228 499
230 106
231 499
233 499
234 499
236 499
237 91
24 499
240 499
241 499
242 469
243 499
245 77
246 499
248 499
249 499
25 499
250 495
251 499
252 499
253 499
257 499
258 499
259 496
26 70
260 499
265 499
266 499
268 499
269 499
27 499
270 134
271 499
274 499
275 499
276 4
277 499
280 499
281 499
284 499
285 499
29 499
294 499
295 499
297 499
298 499
30 499
302 499
303 499
304 499
305 499
308 499
309 499
312 499
313 499
314 499
315 499
316 499
317 499
318 499
319 499
320 499
321 499
324 499
325 499
327 217
328 499
329 499
330 499
331 499
332 499
333 182
334 499
337 499
338 499
34 498
341 0
342 499
343 499
344 499
346 15
347 499
348 8
349 499
35 89
350 499
351 499
353 499
354 499
359 499
36 499
360 499
361 495
362 499
363 182
364 499
365 499
366 499
367 499
368 499
37 499
370 498
371 499
374 499
375 499
376 58
377 499
378 499
379 499
38 498
381 499
382 499
384 499
385 499
388 70
389 499
39 499
390 210
391 499
392 95
393 499
394 6
395 499
399 243
4 209
400 499
404 499
405 499
41 499
412 311
413 499
415 499
416 499
42 499
420 3
421 499
422 499
423 499
426 77
427 499
431 499
432 499
434 499
435 499
436 499
437 499
44 15
444 499
445 499
446 499
447 499
448 499
449 499
45 499
451 15
452 499
454 499
455 18
456 34
457 499
458 157
459 499
46 199
464 55
465 499
469 499
47 499
470 499
471 217
472 499
473 499
474 499
475 499
476 499
478 499
479 499
48 1
481 453
482 499
483 499
484 499
486 499
487 499
489 499
49 499
490 499
491 66
492 499
494 499
495 499
496 499
497 499
498 499
499 499
5 499
50 70
503 499
504 499
505 467
506 499
507 499
508 499
51 499
513 471
514 499
515 499
516 499
517 485
518 499
519 32
520 499
521 497
522 499
523 499
524 499
525 467
526 499
527 17
528 499
530 455
531 499
532 499
533 499
534 178
535 499
536 499
537 499
540 499
541 499
544 210
545 499
546 499
547 499
552 499
553 499
554 499
555 499
558 495
559 499
560 499
561 499
565 116
566 499
569 5
57 499
570 499
571 499
572 499
573 4
574 499
575 499
576 499
578 83
579 499
58 499
581 499
582 499
584 88
585 499
587 494
588 66
6 497
62 0
63 499
65 499
66 499
67 473
68 499
7 499
72 86
73 499
75 43
76 499
77 499
78 499
8 499
80 499
81 499
84 42
85 499
89 0
9 499
90 499
91 499
92 499
94 499
95 7
99 499
1 277
10 165
101 9999
102 9986
103 9994
104 9999
105 9910
106 9999
107 9999
108 9999
109 967
11 9999
110 9999
111 5300
112 9999
115 9999
116 9999
118 9955
119 9999
12 9999
120 91
121 9999
122 57
123 9999
124 9999
125 9999
126 9999
127 9999
128 9557
129 9999
13 9999
130 9999
131 9999
132 0
133 9993
134 9999
135 9999
137 9981
138 9999
139 9999
140 9999
141 9999
142 9999
144 9999
145 9999
146 54
147 9999
148 9999
149 9999
150 6107
151 9999
154 9903
155 9983
156 1377
157 9999
158 31
159 9999
16 8538
160 7423
161 9999
163 8474
164 9999
166 9999
167 9999
169 9999
17 9999
170 9953
171 6240
172 9999
173 9999
174 9999
175 6949
176 9999
177 6429
178 9999
179 1443
18 6428
180 9999
181 9726
182 9999
185 9999
186 9999
19 9999
190 9999
191 9999
192 9982
193 9999
194 9999
195 9999
196 9999
197 9999
198 5
199 9999
2 9999
20 3
200 9143
201 9999
205 14
206 9999
208 1
209 9999
21 9999
210 9999
211 9999
212 1042
213 9999
214 9992
215 9999
216 9990
217 9999
218 1038
219 9999
220 9999
221 9999
223 9129
224 9999
225 9972
226 9999
228 9999
229 9999
230 9717
231 9999
232 9999
233 9999
234 9999
235 9999
238 9990
239 9999
240 9999
241 9999
242 25
243 9999
245 9999
246 9999
247 9999
248 9999
25 8888
250 8658
251 9999
253 9999
254 9551
259 1129
26 9999
260 9999
261 9997
262 9999
264 8062
265 9999
269 885
27 9992
270 9999
271 0
272 9999
273 967
274 9999
276 9999
277 9999
279 9624
28 9999
280 9999
283 9999
284 9999
285 6632
286 9999
287 9999
288 9999
289 9999
290 9999
291 9999
292 9999
295 9999
296 9999
298 9999
299 9999
30 9679
300 9999
301 9999
302 9999
303 9999
304 1
305 9999
306 9999
307 9999
309 12
31 9999
310 9992
311 9999
312 9999
315 895
316 9999
317 9999
318 9999
319 9999
32 1377
320 9999
322 9999
323 9999
324 43
325 9999
33 9999
331 9999
332 9999
333 38
334 9999
335 9999
336 9999
337 9954
338 9999
339 0
340 9999
341 9999
342 9999
344 8420
345 9999
346 6803
347 9999
35 31
350 9999
351 9999
352 786
353 9999
354 8955
355 9999
356 9757
357 9999
359 12
36 9999
360 9999
361 9999
362 9999
363 9967
364 9999
365 9999
366 9999
367 9795
368 9999
37 700
371 9972
372 9999
377 9169
378 9999
379 9999
38 9999
380 9999
381 838
382 9999
383 9999
384 9999
385 9999
386 9999
387 9529
388 9999
389 187
39 9999
390 9999
391 9999
392 9999
393 9046
394 9999
395 9999
396 9999
40 9999
401 5007
402 9999
403 4642
404 9999
405 9999
406 9999
407 253
408 9999
41 858
410 9999
411 9999
413 9999
414 9999
416 6635
417 9999
418 29
419 9996
42 9999
420 5032
421 9999
422 8802
423 9999
424 9913
425 9999
426 9925
427 9999
433 9921
434 9999
435 9433
436 9999
438 710
439 9999
440 9999
441 9999
442 9999
443 9999
444 9892
445 9999
446 9999
447 9999
450 8585
451 9999
452 2
453 9999
454 1
455 9999
456 39
457 9999
458 14
459 9999
461 9999
462 9999
465 46
466 9999
467 9999
468 9999
469 9982
470 9999
471 9999
472 9999
473 9999
474 9999
475 6255
476 9999
48 9999
480 166
481 9999
484 109
485 9999
487 9999
488 9999
49 9999
491 6052
492 9999
494 5
495 9999
496 9999
497 9999
50 6309
501 13
502 9999
503 9999
504 9999
505 9
506 9995
507 778
508 9999
51 9999
510 9517
511 9999
513 9971
514 9999
515 161
516 9999
519 9986
52 9999
520 9999
521 6791
522 9999
523 9999
524 9999
526 9998
527 9999
529 9998
53 9999
530 9999
531 51
532 9999
56 3574
57 9999
58 328
59 9999
6 65
60 9999
61 9999
62 9999
63 9999
65 3
66 9999
67 9946
68 9999
7 9999
71 37
72 9999
73 9999
74 9999
75 9999
76 9999
77 8915
78 9999
80 15
81 9999
82 9999
83 9999
84 7
85 9993
86 139
87 9999
88 70
89 9999
90 151
91 9999
92 9955
93 9999
95 9999
96 9999
1 277
10 165
101 9999
102 9986
103 9994
104 9999
105 9910
106 9999
107 9999
108 9999
109 967
11 9999
110 9999
111 5300
112 9999
115 9999
116 9999
118 9955
119 9999
12 9999
120 91
121 9999
122 57
123 9999
124 9999
125 9999
126 9999
127 9999
128 9557
129 9999
13 9999
130 9999
131 9999
132 0
133 9993
134 9999
135 9999
137 9981
138 9999
139 9999
140 9999
141 9999
142 9999
144 9999
145 9999
146 54
147 9999
148 9999
149 9999
150 6107
151 9999
154 9903
155 9983
156 1377
157 9999
158 31
159 9999
16 8538
160 7423
161 9999
163 8474
164 9999
166 9999
167 9999
169 9999
17 9999
170 9953
171 6240
172 9999
173 9999
174 9999
175 6949
176 9999
177 6429
178 9999
179 1443
18 6428
180 9999
181 9726
182 9999
185 9999
186 9999
19 9999
190 9999
191 9999
192 9982
193 9999
194 9999
195 9999
196 9999
197 9999
198 5
199 9999
2 9999
20 3
200 9143
201 9999
205 14
206 9999
208 1
209 9999
21 9999
210 9999
211 9999
212 1042
213 9999
214 9992
215 9999
216 9990
217 9999
218 1038
219 9999
220 9999
221 9999
223 9129
224 9999
225 9972
226 9999
228 9999
229 9999
230 9717
231 9999
232 9999
233 9999
234 9999
235 9999
238 9990
239 9999
240 9999
241 9999
242 25
243 9999
245 9999
246 9999
247 9999
248 9999
25 8888
250 8658
251 9999
253 9999
254 9551
259 1129
26 9999
260 9999
261 9997
262 9999
264 8062
265 9999
269 885
27 9992
270 9999
271 0
272 9999
273 967
274 9999
276 9999
277 9999
279 9624
28 9999
280 9999
283 9999
284 9999
285 6632
286 9999
287 9999
288 9999
289 9999
290 9999
291 9999
292 9999
295 9999
296 9999
298 9999
299 9999
30 9679
300 9999
301 9999
302 9999
303 9999
304 1
305 9999
306 9999
307 9999
309 12
31 9999
310 9992
311 9999
312 9999
315 895
316 9999
317 9999
318 9999
319 9999
32 1377
320 9999
322 9999
323 9999
324 43
325 9999
33 9999
331 9999
332 9999
333 38
334 9999
335 9999
336 9999
337 9954
338 9999
339 0
340 9999
341 9999
342 9999
344 8420
345 9999
346 6803
347 9999
35 31
350 9999
351 9999
352 786
353 9999
354 8955
355 9999
356 9757
357 9999
359 12
36 9999
360 9999
361 9999
362 9999
363 9967
364 9999
365 9999
366 9999
367 9795
368 9999
37 700
371 9972
372 9999
377 9169
378 9999
379 9999
38 9999
380 9999
381 838
382 9999
383 9999
384 9999
385 9999
386 9999
387 9529
388 9999
389 187
39 9999
390 9999
391 9999
392 9999
393 9046
394 9999
395 9999
396 9999
40 9999
401 5007
402 9999
403 4642
404 9999
405 9999
406 9999
407 253
408 9999
41 858
410 9999
411 9999
413 9999
414 9999
416 6635
417 9999
418 29
419 9996
42 9999
420 5032
421 9999
422 8802
423 9999
424 9913
425 9999
426 9925
427 9999
433 9921
434 9999
435 9433
436 9999
438 710
439 9999
440 9999
441 9999
442 9999
443 9999
444 9892
445 9999
446 9999
447 9999
450 8585
451 9999
452 2
453 9999
454 1
455 9999
456 39
457 9999
458 14
459 9999
461 9999
462 9999
465 46
466 9999
467 9999
468 9999
469 9982
470 9999
471 9999
472 9999
473 9999
474 9999
475 6255
476 9999
48 9999
480 166
481 9999
484 109
485 9999
487 9999
488 9999
49 9999
491 6052
492 9999
494 5
495 9999
496 9999
497 9999
50 6309
501 13
502 9999
503 9999
504 9999
505 9
506 9995
507 778
508 9999
51 9999
510 9517
511 9999
513 9971
514 9999
515 161
516 9999
519 9986
52 9999
520 9999
521 6791
522 9999
523 9999
524 9999
526 9998
527 9999
529 9998
53 9999
530 9999
531 51
532 9999
56 3574
57 9999
58 328
59 9999
6 65
60 9999
61 9999
62 9999
63 9999
65 3
66 9999
67 9946
68 9999
7 9999
71 37
72 9999
73 9999
74 9999
75 9999
76 9999
77 8915
78 9999
80 15
81 9999
82 9999
83 9999
84 7
85 9993
86 139
87 9999
88 70
89 9999
90 151
91 9999
92 9955
93 9999
95 9999
96 9999
10 3
11 489
12 0
122 499
123 9
13 430
153 23
154 499
160 18
161 498
17 441
18 481
202 480
203 499
