165 1172
166 9999
201 0
202 1041
235 0
236 9999
250 0
251 0
325 9974
326 9577
335 110
336 9999
634 4
635 9999
92 7
93 9999
165 1172
166 9999
201 0
202 1041
235 0
236 9999
250 0
251 0
325 9974
326 9577
335 110
336 9999
634 4
635 9999
92 7
93 9999
165 1172
166 9999
201 0
202 1041
235 0
236 9999
250 0
251 0
325 9974
326 9577
335 110
336 9999
634 4
635 9999
92 7
93 9999
0 0
1 0
10 0
100 0
101 0
102 0
103 0
104 0
105 0
106 0
107 0
108 0
109 0
11 0
110 0
111 0
112 0
113 0
114 0
115 0
116 0
117 0
118 0
119 0
12 0
120 0
121 0
122 0
123 0
124 0
125 0
126 0
127 0
128 0
129 0
13 0
130 0
131 0
132 0
133 0
134 0
135 0
136 0
137 0
138 0
139 0
14 0
140 0
141 0
142 0
143 0
144 0
145 0
146 0
147 0
148 0
149 0
15 0
150 0
151 0
152 0
153 0
154 0
155 0
156 0
157 0
158 0
159 0
16 0
160 0
161 0
162 0
163 0
164 0
165 0
166 0
167 0
168 0
169 0
17 0
170 0
171 0
172 0
173 0
174 0
175 0
176 0
177 0
178 0
179 0
18 0
180 0
181 0
182 0
183 0
184 0
185 0
186 0
187 0
188 0
189 0
19 0
190 0
191 0
192 0
193 0
194 0
195 0
196 0
197 0
198 0
199 0
2 0
20 0
21 0
22 0
23 0
24 0
25 0
26 0
27 0
28 0
29 0
3 0
30 0
31 0
32 0
33 0
34 0
35 0
36 0
37 0
38 0
39 0
4 0
40 0
41 0
42 0
43 0
44 0
45 0
46 0
47 0
48 0
49 0
5 0
50 0
51 0
52 0
53 0
54 0
55 0
56 0
57 0
58 0
59 0
6 0
60 0
61 0
62 0
63 0
64 0
65 0
66 0
67 0
68 0
69 0
7 0
70 0
71 0
72 0
73 0
74 0
75 0
76 0
77 0
78 0
79 0
8 0
80 0
81 0
82 0
83 0
84 0
85 0
86 0
87 0
88 0
89 0
9 0
90 0
91 0
92 0
93 0
94 0
95 0
96 0
97 0
98 0
99 0
0 0
1 0
10 0
100 0
101 0
102 0
103 0
104 0
105 0
106 0
107 0
108 0
109 0
11 0
110 0
111 0
112 0
113 0
114 0
115 0
116 0
117 0
118 0
119 0
12 0
120 0
121 0
122 0
123 0
124 0
125 0
126 0
127 0
128 0
129 0
13 0
130 0
131 0
132 0
133 0
134 0
135 0
136 0
137 0
138 0
139 0
14 0
140 0
141 0
142 0
143 0
144 0
145 0
146 0
147 0
148 0
149 0
15 0
150 0
151 0
152 0
153 0
154 0
155 0
156 0
157 0
158 0
159 0
16 0
160 0
161 0
162 0
163 0
164 0
165 0
166 0
167 0
168 0
169 0
17 0
170 0
171 0
172 0
173 0
174 0
175 0
176 0
177 0
178 0
179 0
18 0
180 0
181 0
182 0
183 0
184 0
185 0
186 0
187 0
188 0
189 0
19 0
190 0
191 0
192 0
193 0
194 0
195 0
196 0
197 0
198 0
199 0
2 0
20 0
21 0
22 0
23 0
24 0
25 0
26 0
27 0
28 0
29 0
3 0
30 0
31 0
32 0
33 0
34 0
35 0
36 0
37 0
38 0
39 0
4 0
40 0
41 0
42 0
43 0
44 0
45 0
46 0
47 0
48 0
49 0
5 0
50 0
51 0
52 0
53 0
54 0
55 0
56 0
57 0
58 0
59 0
6 0
60 0
61 0
62 0
63 0
64 0
65 0
66 0
67 0
68 0
69 0
7 0
70 0
71 0
72 0
73 0
74 0
75 0
76 0
77 0
78 0
79 0
8 0
80 0
81 0
82 0
83 0
84 0
85 0
86 0
87 0
88 0
89 0
9 0
90 0
91 0
92 0
93 0
94 0
95 0
96 0
97 0
98 0
99 0
0 0
1 0
10 0
100 0
101 0
102 0
103 0
104 0
105 0
106 0
107 0
108 0
109 0
11 0
110 0
111 0
112 0
113 0
114 0
115 0
116 0
117 0
118 0
119 0
12 0
120 0
121 0
122 0
123 0
124 0
125 0
126 0
127 0
128 0
129 0
13 0
130 0
131 0
132 0
133 0
134 0
135 0
136 0
137 0
138 0
139 0
14 0
140 0
141 0
142 0
143 0
144 0
145 0
146 0
147 0
148 0
149 0
15 0
150 0
151 0
152 0
153 0
154 0
155 0
156 0
157 0
158 0
159 0
16 0
160 0
161 0
162 0
163 0
164 0
165 0
166 0
167 0
168 0
169 0
17 0
170 0
171 0
172 0
173 0
174 0
175 0
176 0
177 0
178 0
179 0
18 0
180 0
181 0
182 0
183 0
184 0
185 0
186 0
187 0
188 0
189 0
19 0
190 0
191 0
192 0
193 0
194 0
195 0
196 0
197 0
198 0
199 0
2 0
20 0
21 0
22 0
23 0
24 0
25 0
26 0
27 0
28 0
29 0
3 0
30 0
31 0
32 0
33 0
34 0
35 0
36 0
37 0
38 0
39 0
4 0
40 0
41 0
42 0
43 0
44 0
45 0
46 0
47 0
48 0
49 0
5 0
50 0
51 0
52 0
53 0
54 0
55 0
56 0
57 0
58 0
59 0
6 0
60 0
61 0
62 0
63 0
64 0
65 0
66 0
67 0
68 0
69 0
7 0
70 0
71 0
72 0
73 0
74 0
75 0
76 0
77 0
78 0
79 0
8 0
80 0
81 0
82 0
83 0
84 0
85 0
86 0
87 0
88 0
89 0
9 0
90 0
91 0
92 0
93 0
94 0
95 0
96 0
97 0
98 0
99 0
0 0
1 0
10 0
100 0
101 0
102 0
103 0
104 0
105 0
106 0
107 0
108 0
109 0
11 0
110 0
111 0
112 0
113 0
114 0
115 0
116 0
117 0
118 0
119 0
12 0
120 0
121 0
122 0
123 0
124 0
125 0
126 0
127 0
128 0
129 0
13 0
130 0
131 0
132 0
133 0
134 0
135 0
136 0
137 0
138 0
139 0
14 0
140 0
141 0
142 0
143 0
144 0
145 0
146 0
147 0
148 0
149 0
15 0
150 0
151 0
152 0
153 0
154 0
155 0
156 0
157 0
158 0
159 0
16 0
160 0
161 0
162 0
163 0
164 0
165 0
166 0
167 0
168 0
169 0
17 0
170 0
171 0
172 0
173 0
174 0
175 0
176 0
177 0
178 0
179 0
18 0
180 0
181 0
182 0
183 0
184 0
185 0
186 0
187 0
188 0
189 0
19 0
190 0
191 0
192 0
193 0
194 0
195 0
196 0
197 0
198 0
199 0
2 0
20 0
200 0
201 0
202 0
203 0
204 0
205 0
206 0
207 0
208 0
209 0
21 0
210 0
211 0
212 0
213 0
22 0
23 0
24 0
25 0
26 0
27 0
28 0
29 0
3 0
30 0
31 0
32 0
33 0
34 0
35 0
36 0
37 0
38 0
39 0
4 0
40 0
41 0
42 0
43 0
44 0
45 0
46 0
47 0
48 0
49 0
5 0
50 0
51 0
52 0
53 0
54 0
55 0
56 0
57 0
58 0
59 0
6 0
60 0
61 0
62 0
63 0
64 0
65 0
66 0
67 0
68 0
69 0
7 0
70 0
71 0
72 0
73 0
74 0
75 0
76 0
77 0
78 0
79 0
8 0
80 0
81 0
82 0
83 0
84 0
85 0
86 0
87 0
88 0
89 0
9 0
90 0
91 0
92 0
93 0
94 0
95 0
96 0
97 0
98 0
99 0
0 0
1 0
10 0
100 0
101 0
102 0
103 0
104 0
105 0
106 0
107 0
108 0
109 0
11 0
110 0
111 0
112 0
113 0
114 0
115 0
116 0
117 0
118 0
119 0
12 0
120 0
121 0
122 0
123 0
124 0
125 0
126 0
127 0
128 0
129 0
13 0
130 0
131 0
132 0
133 0
134 0
135 0
136 0
137 0
138 0
139 0
14 0
140 0
141 0
142 0
143 0
144 0
145 0
146 0
147 0
148 0
149 0
15 0
150 0
151 0
152 0
153 0
154 0
155 0
156 0
157 0
158 0
159 0
16 0
160 0
161 0
162 0
163 0
164 0
165 0
166 0
167 0
168 0
169 0
17 0
170 0
171 0
172 0
173 0
174 0
175 0
176 0
177 0
178 0
179 0
18 0
180 0
181 0
182 0
183 0
184 0
185 0
186 0
187 0
188 0
189 0
19 0
190 0
191 0
192 0
193 0
194 0
195 0
196 0
197 0
198 0
199 0
2 0
20 0
200 0
201 0
202 0
203 0
204 0
205 0
206 0
207 0
208 0
209 0
21 0
210 0
211 0
212 0
213 0
214 0
215 0
22 0
23 0
24 0
25 0
26 0
27 0
28 0
29 0
3 0
30 0
31 0
32 0
33 0
34 0
35 0
36 0
37 0
38 0
39 0
4 0
40 0
41 0
42 0
43 0
44 0
45 0
46 0
47 0
48 0
49 0
5 0
50 0
51 0
52 0
53 0
54 0
55 0
56 0
57 0
58 0
59 0
6 0
60 0
61 0
62 0
63 0
64 0
65 0
66 0
67 0
68 0
69 0
7 0
70 0
71 0
72 0
73 0
74 0
75 0
76 0
77 0
78 0
79 0
8 0
80 0
81 0
82 0
83 0
84 0
85 0
86 0
87 0
88 0
89 0
9 0
90 0
91 0
92 0
93 0
94 0
95 0
96 0
97 0
98 0
99 0
130 0
131 0
149 0
150 0
329 0
330 0
336 0
337 0
353 0
354 0
386 0
387 0
492 0
493 0
503 0
504 0
56 0
57 0
668 0
669 0
94 0
95 0
130 68
131 466
149 0
150 13
329 46
330 451
336 11
337 450
353 13
354 448
386 188
387 2
492 16
493 440
503 36
504 439
56 428
57 0
668 0
669 17
94 1
95 468
108 909
109 171
127 55
128 999
170 193
171 999
258 0
259 999
402 2
403 999
451 1
452 999
469 0
470 999
552 1
553 999
561 1
562 999
567 125
568 999
580 0
581 999
590 1
591 999
108 909
109 171
127 55
128 999
170 193
171 999
258 0
259 999
402 2
403 999
451 1
452 999
469 0
470 999
552 1
553 999
561 1
562 999
567 125
568 999
580 0
581 999
590 1
591 999
175 673
176 983
189 982
190 982
263 0
264 1
269 0
270 0
318 1
319 973
401 0
402 21
432 2
433 966
443 967
444 0
480 950
481 965
608 0
609 961
108 909
109 171
127 55
128 999
170 193
171 999
258 0
259 999
402 2
403 999
451 1
452 999
469 0
470 999
552 1
553 999
561 1
562 999
567 125
568 999
580 0
581 999
590 1
591 999
133 992
134 999
16 0
17 992
268 922
269 999
430 0
431 998
477 19
478 999
686 999
687 996
102 482
103 499
111 499
112 499
116 499
117 499
127 499
128 499
135 499
136 499
139 499
140 499
147 62
148 499
166 499
167 499
177 499
178 499
182 197
183 499
194 499
195 499
204 499
205 499
207 499
208 499
209 499
21 498
210 499
215 499
216 499
22 25
220 499
221 499
225 188
226 499
23 499
235 499
236 499
238 182
239 499
24 499
241 499
242 499
246 0
247 499
250 499
251 499
254 70
255 499
28 489
285 499
286 499
29 15
296 499
297 499
302 34
303 499
313 499
314 499
316 499
317 499
324 0
325 66
327 499
328 499
342 497
343 499
344 467
345 499
360 0
361 499
364 1
365 499
375 0
376 83
52 77
53 499
55 42
56 499
71 499
72 499
78 499
79 499
100 9999
105 9999
106 9999
110 6949
111 9999
112 1020
113 9999
12 8538
120 4072
121 9999
127 14
128 9999
13 9999
131 9999
132 9999
136 1038
137 9999
139 9129
140 9999
143 9999
144 9999
145 253
146 9999
150 216
151 9999
175 0
176 958
178 6632
179 9999
180 9999
181 9999
184 771
185 9999
186 9940
187 9999
189 192
19 8888
190 9999
20 9999
207 8420
208 9999
214 8508
215 9999
217 12
218 9999
219 9999
220 9999
221 0
222 9999
233 9999
234 9999
236 9717
237 9999
239 812
24 1377
240 9999
244 9999
245 9999
25 9999
251 6635
252 9999
256 8802
257 9999
265 910
266 9999
268 710
269 9999
27 31
273 9999
274 9999
28 9999
282 9999
283 9999
287 9999
288 9999
289 15
290 9999
291 9999
292 9999
323 9999
324 9999
43 9999
44 9760
47 37
48 9999
49 9999
50 9999
51 159
52 9999
56 9925
57 9999
60 151
61 9999
81 9999
82 9999
83 0
84 9993
87 9999
88 9999
90 9999
91 9999
94 9998
95 9986
99 31
100 9999
105 9999
106 9999
110 6949
111 9999
112 1020
113 9999
12 8538
120 4072
121 9999
127 14
128 9999
13 9999
131 9999
132 9999
136 1038
137 9999
139 9129
140 9999
143 9999
144 9999
145 253
146 9999
150 216
151 9999
175 0
176 958
178 6632
179 9999
180 9999
181 9999
184 771
185 9999
186 9940
187 9999
189 192
19 8888
190 9999
20 9999
207 8420
208 9999
214 8508
215 9999
217 12
218 9999
219 9999
220 9999
221 0
222 9999
233 9999
234 9999
236 9717
237 9999
239 812
24 1377
240 9999
244 9999
245 9999
25 9999
251 6635
252 9999
256 8802
257 9999
265 910
266 9999
268 710
269 9999
27 31
273 9999
274 9999
28 9999
282 9999
283 9999
287 9999
288 9999
289 15
290 9999
291 9999
292 9999
323 9999
324 9999
43 9999
44 9760
47 37
48 9999
49 9999
50 9999
51 159
52 9999
56 9925
57 9999
60 151
61 9999
81 9999
82 9999
83 0
84 9993
87 9999
88 9999
90 9999
91 9999
94 9998
95 9986
99 31
43 0
44 498
529 143
530 23
678 0
679 160
742 46
743 499
