130 59
131 9999
134 9999
135 9996
147 92
148 9999
159 0
160 9999
166 0
167 843
171 1172
172 9999
194 607
195 9999
200 1180
201 54
216 6
217 9999
219 0
220 9972
222 9584
223 9187
241 0
242 9999
254 969
255 9999
272 9974
273 9997
296 3
297 9999
298 88
299 9999
307 0
308 9434
309 87
310 9999
333 9974
334 9999
343 110
344 9999
361 9995
362 9999
367 9999
368 9953
390 0
391 9999
44 9999
45 7
46 0
461 9999
462 9996
47 9967
518 972
519 9
521 9440
522 731
633 9966
634 9998
635 8817
636 9999
646 1112
647 9999
648 4
649 9999
654 7
655 9997
656 407
657 9999
73 9674
74 9999
95 7
96 9999
130 59
131 9999
134 9999
135 9996
147 92
148 9999
159 0
160 9999
166 0
167 843
171 1172
172 9999
194 607
195 9999
200 1180
201 54
216 6
217 9999
219 0
220 9972
222 9584
223 9187
241 0
242 9999
254 969
255 9999
272 9974
273 9997
296 3
297 9999
298 88
299 9999
307 0
308 9434
309 87
310 9999
333 9974
334 9999
343 110
344 9999
361 9995
362 9999
367 9999
368 9953
390 0
391 9999
44 9999
45 7
46 0
461 9999
462 9996
47 9967
518 972
519 9
521 9440
522 731
633 9966
634 9998
635 8817
636 9999
646 1112
647 9999
648 4
649 9999
654 7
655 9997
656 407
657 9999
73 9674
74 9999
95 7
96 9999
0 0
1 0
10 0
100 0
101 0
102 0
103 0
104 0
105 0
106 0
107 0
108 0
109 0
11 0
110 0
111 0
112 0
113 0
114 0
115 0
116 0
117 0
118 0
119 0
12 0
120 0
121 0
122 0
123 0
124 0
125 0
126 0
127 0
128 0
129 0
13 0
130 0
131 0
132 0
133 0
134 0
135 0
136 0
137 0
138 0
139 0
14 0
140 0
141 0
142 0
143 0
144 0
145 0
146 0
147 0
148 0
149 0
15 0
150 0
151 0
152 0
153 0
154 0
155 0
156 0
157 0
158 0
159 0
16 0
160 0
161 0
162 0
163 0
164 0
165 0
166 0
167 0
168 0
169 0
17 0
170 0
171 0
172 0
173 0
174 0
175 0
176 0
177 0
178 0
179 0
18 0
180 0
181 0
182 0
183 0
184 0
185 0
186 0
187 0
188 0
189 0
19 0
190 0
191 0
192 0
193 0
194 0
195 0
196 0
197 0
198 0
199 0
2 0
20 0
200 0
201 0
202 0
203 0
204 0
205 0
206 0
207 0
208 0
209 0
21 0
210 0
211 0
212 0
213 0
214 0
215 0
216 0
217 0
218 0
219 0
22 0
220 0
221 0
222 0
223 0
224 0
225 0
226 0
227 0
228 0
229 0
23 0
230 0
231 0
232 0
233 0
234 0
235 0
236 0
237 0
238 0
239 0
24 0
240 0
241 0
242 0
243 0
244 0
245 0
246 0
247 0
248 0
249 0
25 0
250 0
251 0
252 0
253 0
254 0
255 0
256 0
257 0
258 0
259 0
26 0
260 0
261 0
262 0
263 0
264 0
265 0
266 0
267 0
268 0
269 0
27 0
270 0
271 0
272 0
273 0
274 0
275 0
276 0
277 0
278 0
279 0
28 0
280 0
281 0
282 0
283 0
284 0
285 0
286 0
287 0
288 0
289 0
29 0
290 0
291 0
292 0
293 0
294 0
295 0
296 0
297 0
298 0
299 0
3 0
30 0
300 0
301 0
302 0
303 0
304 0
305 0
306 0
307 0
308 0
309 0
31 0
310 0
311 0
312 0
313 0
314 0
315 0
316 0
317 0
318 0
319 0
32 0
320 0
321 0
322 0
323 0
324 0
325 0
326 0
327 0
328 0
329 0
33 0
330 0
331 0
332 0
333 0
334 0
335 0
336 0
337 0
338 0
339 0
34 0
340 0
341 0
342 0
343 0
344 0
345 0
346 0
347 0
348 0
349 0
35 0
350 0
351 0
352 0
353 0
354 0
355 0
356 0
357 0
358 0
359 0
36 0
360 0
361 0
362 0
363 0
364 0
365 0
366 0
367 0
368 0
369 0
37 0
370 0
371 0
372 0
373 0
374 0
375 0
376 0
377 0
378 0
379 0
38 0
380 0
381 0
382 0
383 0
384 0
385 0
386 0
387 0
388 0
389 0
39 0
390 0
391 0
392 0
393 0
394 0
395 0
396 0
397 0
398 0
399 0
4 0
40 0
400 0
401 0
402 0
403 0
404 0
405 0
406 0
407 0
408 0
409 0
41 0
410 0
411 0
412 0
413 0
414 0
415 0
416 0
417 0
418 0
419 0
42 0
420 0
421 0
422 0
423 0
424 0
425 0
426 0
427 0
428 0
429 0
43 0
430 0
431 0
432 0
433 0
44 0
45 0
46 0
47 0
48 0
49 0
5 0
50 0
51 0
52 0
53 0
54 0
55 0
56 0
57 0
58 0
59 0
6 0
60 0
61 0
62 0
63 0
64 0
65 0
66 0
67 0
68 0
69 0
7 0
70 0
71 0
72 0
73 0
74 0
75 0
76 0
77 0
78 0
79 0
8 0
80 0
81 0
82 0
83 0
84 0
85 0
86 0
87 0
88 0
89 0
9 0
90 0
91 0
92 0
93 0
94 0
95 0
96 0
97 0
98 0
99 0
0 0
1 0
10 0
100 0
101 0
102 0
103 0
104 0
105 0
106 0
107 0
108 0
109 0
11 0
110 0
111 0
112 0
113 0
114 0
115 0
116 0
117 0
118 0
119 0
12 0
120 0
121 0
122 0
123 0
124 0
125 0
126 0
127 0
128 0
129 0
13 0
130 0
131 0
132 0
133 0
134 0
135 0
136 0
137 0
138 0
139 0
14 0
140 0
141 0
142 0
143 0
144 0
145 0
146 0
147 0
148 0
149 0
15 0
150 0
151 0
152 0
153 0
154 0
155 0
156 0
157 0
158 0
159 0
16 0
160 0
161 0
162 0
163 0
164 0
165 0
166 0
167 0
168 0
169 0
17 0
170 0
171 0
172 0
173 0
174 0
175 0
176 0
177 0
178 0
179 0
18 0
180 0
181 0
182 0
183 0
184 0
185 0
186 0
187 0
188 0
189 0
19 0
190 0
191 0
192 0
193 0
194 0
195 0
196 0
197 0
198 0
199 0
2 0
20 0
200 0
201 0
202 0
203 0
204 0
205 0
206 0
207 0
208 0
209 0
21 0
210 0
211 0
212 0
213 0
214 0
215 0
216 0
217 0
218 0
219 0
22 0
220 0
221 0
222 0
223 0
224 0
225 0
226 0
227 0
228 0
229 0
23 0
230 0
231 0
232 0
233 0
234 0
235 0
236 0
237 0
238 0
239 0
24 0
240 0
241 0
242 0
243 0
244 0
245 0
246 0
247 0
248 0
249 0
25 0
250 0
251 0
252 0
253 0
254 0
255 0
256 0
257 0
258 0
259 0
26 0
260 0
261 0
262 0
263 0
264 0
265 0
266 0
267 0
268 0
269 0
27 0
270 0
271 0
272 0
273 0
274 0
275 0
276 0
277 0
278 0
279 0
28 0
280 0
281 0
282 0
283 0
284 0
285 0
286 0
287 0
288 0
289 0
29 0
290 0
291 0
292 0
293 0
294 0
295 0
296 0
297 0
298 0
299 0
3 0
30 0
300 0
301 0
302 0
303 0
304 0
305 0
306 0
307 0
308 0
309 0
31 0
310 0
311 0
312 0
313 0
314 0
315 0
316 0
317 0
318 0
319 0
32 0
320 0
321 0
322 0
323 0
324 0
325 0
326 0
327 0
328 0
329 0
33 0
330 0
331 0
332 0
333 0
334 0
335 0
336 0
337 0
338 0
339 0
34 0
340 0
341 0
342 0
343 0
344 0
345 0
346 0
347 0
348 0
349 0
35 0
350 0
351 0
352 0
353 0
354 0
355 0
356 0
357 0
358 0
359 0
36 0
360 0
361 0
362 0
363 0
364 0
365 0
366 0
367 0
368 0
369 0
37 0
370 0
371 0
372 0
373 0
374 0
375 0
376 0
377 0
378 0
379 0
38 0
380 0
381 0
382 0
383 0
384 0
385 0
386 0
387 0
388 0
389 0
39 0
390 0
391 0
392 0
393 0
394 0
395 0
396 0
397 0
398 0
399 0
4 0
40 0
400 0
401 0
402 0
403 0
404 0
405 0
406 0
407 0
408 0
409 0
41 0
410 0
411 0
412 0
413 0
414 0
415 0
416 0
417 0
418 0
419 0
42 0
420 0
421 0
422 0
423 0
424 0
425 0
426 0
427 0
428 0
429 0
43 0
430 0
431 0
432 0
433 0
44 0
45 0
46 0
47 0
48 0
49 0
5 0
50 0
51 0
52 0
53 0
54 0
55 0
56 0
57 0
58 0
59 0
6 0
60 0
61 0
62 0
63 0
64 0
65 0
66 0
67 0
68 0
69 0
7 0
70 0
71 0
72 0
73 0
74 0
75 0
76 0
77 0
78 0
79 0
8 0
80 0
81 0
82 0
83 0
84 0
85 0
86 0
87 0
88 0
89 0
9 0
90 0
91 0
92 0
93 0
94 0
95 0
96 0
97 0
98 0
99 0
0 0
1 0
10 0
100 0
101 0
102 0
103 0
104 0
105 0
106 0
107 0
108 0
109 0
11 0
110 0
111 0
112 0
113 0
114 0
115 0
116 0
117 0
118 0
119 0
12 0
120 0
121 0
122 0
123 0
124 0
125 0
126 0
127 0
128 0
129 0
13 0
130 0
131 0
132 0
133 0
134 0
135 0
136 0
137 0
138 0
139 0
14 0
140 0
141 0
142 0
143 0
144 0
145 0
146 0
147 0
148 0
149 0
15 0
150 0
151 0
152 0
153 0
154 0
155 0
156 0
157 0
158 0
159 0
16 0
160 0
161 0
162 0
163 0
164 0
165 0
166 0
167 0
168 0
169 0
17 0
170 0
171 0
172 0
173 0
174 0
175 0
176 0
177 0
178 0
179 0
18 0
180 0
181 0
182 0
183 0
184 0
185 0
186 0
187 0
188 0
189 0
19 0
190 0
191 0
192 0
193 0
194 0
195 0
196 0
197 0
198 0
199 0
2 0
20 0
200 0
201 0
202 0
203 0
204 0
205 0
206 0
207 0
208 0
209 0
21 0
210 0
211 0
212 0
213 0
214 0
215 0
216 0
217 0
218 0
219 0
22 0
220 0
221 0
222 0
223 0
224 0
225 0
226 0
227 0
228 0
229 0
23 0
230 0
231 0
232 0
233 0
234 0
235 0
236 0
237 0
238 0
239 0
24 0
240 0
241 0
242 0
243 0
244 0
245 0
246 0
247 0
248 0
249 0
25 0
250 0
251 0
252 0
253 0
254 0
255 0
256 0
257 0
258 0
259 0
26 0
260 0
261 0
262 0
263 0
264 0
265 0
266 0
267 0
268 0
269 0
27 0
270 0
271 0
272 0
273 0
274 0
275 0
276 0
277 0
278 0
279 0
28 0
280 0
281 0
282 0
283 0
284 0
285 0
286 0
287 0
288 0
289 0
29 0
290 0
291 0
292 0
293 0
294 0
295 0
296 0
297 0
298 0
299 0
3 0
30 0
300 0
301 0
302 0
303 0
304 0
305 0
306 0
307 0
308 0
309 0
31 0
310 0
311 0
312 0
313 0
314 0
315 0
316 0
317 0
318 0
319 0
32 0
320 0
321 0
322 0
323 0
324 0
325 0
326 0
327 0
328 0
329 0
33 0
330 0
331 0
332 0
333 0
334 0
335 0
336 0
337 0
338 0
339 0
34 0
340 0
341 0
342 0
343 0
344 0
345 0
346 0
347 0
348 0
349 0
35 0
350 0
351 0
352 0
353 0
354 0
355 0
356 0
357 0
358 0
359 0
36 0
360 0
361 0
362 0
363 0
364 0
365 0
366 0
367 0
368 0
369 0
37 0
370 0
371 0
372 0
373 0
374 0
375 0
376 0
377 0
378 0
379 0
38 0
380 0
381 0
382 0
383 0
384 0
385 0
386 0
387 0
388 0
389 0
39 0
390 0
391 0
392 0
393 0
394 0
395 0
396 0
397 0
398 0
399 0
4 0
40 0
400 0
401 0
402 0
403 0
404 0
405 0
406 0
407 0
408 0
409 0
41 0
410 0
411 0
412 0
413 0
414 0
415 0
416 0
417 0
418 0
419 0
42 0
420 0
421 0
422 0
423 0
424 0
425 0
426 0
427 0
428 0
429 0
43 0
430 0
431 0
432 0
433 0
44 0
45 0
46 0
47 0
48 0
49 0
5 0
50 0
51 0
52 0
53 0
54 0
55 0
56 0
57 0
58 0
59 0
6 0
60 0
61 0
62 0
63 0
64 0
65 0
66 0
67 0
68 0
69 0
7 0
70 0
71 0
72 0
73 0
74 0
75 0
76 0
77 0
78 0
79 0
8 0
80 0
81 0
82 0
83 0
84 0
85 0
86 0
87 0
88 0
89 0
9 0
90 0
91 0
92 0
93 0
94 0
95 0
96 0
97 0
98 0
99 0
0 0
1 0
10 0
100 0
101 0
102 0
103 0
104 0
105 0
106 0
107 0
108 0
109 0
11 0
110 0
111 0
112 0
113 0
114 0
115 0
116 0
117 0
118 0
119 0
12 0
120 0
121 0
122 0
123 0
124 0
125 0
126 0
127 0
128 0
129 0
13 0
130 0
131 0
132 0
133 0
134 0
135 0
136 0
137 0
138 0
139 0
14 0
140 0
141 0
142 0
143 0
144 0
145 0
146 0
147 0
148 0
149 0
15 0
150 0
151 0
152 0
153 0
154 0
155 0
156 0
157 0
158 0
159 0
16 0
160 0
161 0
162 0
163 0
164 0
165 0
166 0
167 0
168 0
169 0
17 0
170 0
171 0
172 0
173 0
174 0
175 0
176 0
177 0
178 0
179 0
18 0
180 0
181 0
182 0
183 0
184 0
185 0
186 0
187 0
188 0
189 0
19 0
190 0
191 0
192 0
193 0
194 0
195 0
196 0
197 0
198 0
199 0
2 0
20 0
200 0
201 0
202 0
203 0
204 0
205 0
206 0
207 0
208 0
209 0
21 0
210 0
211 0
212 0
213 0
214 0
215 0
216 0
217 0
218 0
219 0
22 0
220 0
221 0
222 0
223 0
224 0
225 0
226 0
227 0
228 0
229 0
23 0
230 0
231 0
232 0
233 0
234 0
235 0
236 0
237 0
238 0
239 0
24 0
240 0
241 0
242 0
243 0
244 0
245 0
246 0
247 0
248 0
249 0
25 0
250 0
251 0
252 0
253 0
254 0
255 0
256 0
257 0
258 0
259 0
26 0
260 0
261 0
262 0
263 0
264 0
265 0
266 0
267 0
268 0
269 0
27 0
270 0
271 0
272 0
273 0
274 0
275 0
276 0
277 0
278 0
279 0
28 0
280 0
281 0
282 0
283 0
284 0
285 0
286 0
287 0
288 0
289 0
29 0
290 0
291 0
292 0
293 0
294 0
295 0
296 0
297 0
298 0
299 0
3 0
30 0
300 0
301 0
302 0
303 0
304 0
305 0
306 0
307 0
308 0
309 0
31 0
310 0
311 0
312 0
313 0
314 0
315 0
316 0
317 0
318 0
319 0
32 0
320 0
321 0
322 0
323 0
324 0
325 0
326 0
327 0
328 0
329 0
33 0
330 0
331 0
332 0
333 0
334 0
335 0
336 0
337 0
338 0
339 0
34 0
340 0
341 0
342 0
343 0
344 0
345 0
346 0
347 0
348 0
349 0
35 0
350 0
351 0
352 0
353 0
354 0
355 0
356 0
357 0
358 0
359 0
36 0
360 0
361 0
362 0
363 0
364 0
365 0
366 0
367 0
368 0
369 0
37 0
370 0
371 0
372 0
373 0
374 0
375 0
376 0
377 0
378 0
379 0
38 0
380 0
381 0
382 0
383 0
384 0
385 0
386 0
387 0
388 0
389 0
39 0
390 0
391 0
392 0
393 0
394 0
395 0
396 0
397 0
398 0
399 0
4 0
40 0
400 0
401 0
402 0
403 0
404 0
405 0
406 0
407 0
408 0
409 0
41 0
410 0
411 0
412 0
413 0
414 0
415 0
416 0
417 0
418 0
419 0
42 0
420 0
421 0
422 0
423 0
424 0
425 0
426 0
427 0
428 0
429 0
43 0
430 0
431 0
432 0
433 0
434 0
435 0
436 0
437 0
438 0
439 0
44 0
440 0
441 0
442 0
443 0
444 0
445 0
45 0
46 0
47 0
48 0
49 0
5 0
50 0
51 0
52 0
53 0
54 0
55 0
56 0
57 0
58 0
59 0
6 0
60 0
61 0
62 0
63 0
64 0
65 0
66 0
67 0
68 0
69 0
7 0
70 0
71 0
72 0
73 0
74 0
75 0
76 0
77 0
78 0
79 0
8 0
80 0
81 0
82 0
83 0
84 0
85 0
86 0
87 0
88 0
89 0
9 0
90 0
91 0
92 0
93 0
94 0
95 0
96 0
97 0
98 0
99 0
0 0
1 0
10 0
100 0
101 0
102 0
103 0
104 0
105 0
106 0
107 0
108 0
109 0
11 0
110 0
111 0
112 0
113 0
114 0
115 0
116 0
117 0
118 0
119 0
12 0
120 0
121 0
122 0
123 0
124 0
125 0
126 0
127 0
128 0
129 0
13 0
130 0
131 0
132 0
133 0
134 0
135 0
136 0
137 0
138 0
139 0
14 0
140 0
141 0
142 0
143 0
144 0
145 0
146 0
147 0
148 0
149 0
15 0
150 0
151 0
152 0
153 0
154 0
155 0
156 0
157 0
158 0
159 0
16 0
160 0
161 0
162 0
163 0
164 0
165 0
166 0
167 0
168 0
169 0
17 0
170 0
171 0
172 0
173 0
174 0
175 0
176 0
177 0
178 0
179 0
18 0
180 0
181 0
182 0
183 0
184 0
185 0
186 0
187 0
188 0
189 0
19 0
190 0
191 0
192 0
193 0
194 0
195 0
196 0
197 0
198 0
199 0
2 0
20 0
200 0
201 0
202 0
203 0
204 0
205 0
206 0
207 0
208 0
209 0
21 0
210 0
211 0
212 0
213 0
214 0
215 0
216 0
217 0
218 0
219 0
22 0
220 0
221 0
222 0
223 0
224 0
225 0
226 0
227 0
228 0
229 0
23 0
230 0
231 0
232 0
233 0
234 0
235 0
236 0
237 0
238 0
239 0
24 0
240 0
241 0
242 0
243 0
244 0
245 0
246 0
247 0
248 0
249 0
25 0
250 0
251 0
252 0
253 0
254 0
255 0
256 0
257 0
258 0
259 0
26 0
260 0
261 0
262 0
263 0
264 0
265 0
266 0
267 0
268 0
269 0
27 0
270 0
271 0
272 0
273 0
274 0
275 0
276 0
277 0
278 0
279 0
28 0
280 0
281 0
282 0
283 0
284 0
285 0
286 0
287 0
288 0
289 0
29 0
290 0
291 0
292 0
293 0
294 0
295 0
296 0
297 0
298 0
299 0
3 0
30 0
300 0
301 0
302 0
303 0
304 0
305 0
306 0
307 0
308 0
309 0
31 0
310 0
311 0
312 0
313 0
314 0
315 0
316 0
317 0
318 0
319 0
32 0
320 0
321 0
322 0
323 0
324 0
325 0
326 0
327 0
328 0
329 0
33 0
330 0
331 0
332 0
333 0
334 0
335 0
336 0
337 0
338 0
339 0
34 0
340 0
341 0
342 0
343 0
344 0
345 0
346 0
347 0
348 0
349 0
35 0
350 0
351 0
352 0
353 0
354 0
355 0
356 0
357 0
358 0
359 0
36 0
360 0
361 0
362 0
363 0
364 0
365 0
366 0
367 0
368 0
369 0
37 0
370 0
371 0
372 0
373 0
374 0
375 0
376 0
377 0
378 0
379 0
38 0
380 0
381 0
382 0
383 0
384 0
385 0
386 0
387 0
388 0
389 0
39 0
390 0
391 0
392 0
393 0
394 0
395 0
396 0
397 0
398 0
399 0
4 0
40 0
400 0
401 0
402 0
403 0
404 0
405 0
406 0
407 0
408 0
409 0
41 0
410 0
411 0
412 0
413 0
414 0
415 0
416 0
417 0
42 0
43 0
44 0
45 0
46 0
47 0
48 0
49 0
5 0
50 0
51 0
52 0
53 0
54 0
55 0
56 0
57 0
58 0
59 0
6 0
60 0
61 0
62 0
63 0
64 0
65 0
66 0
67 0
68 0
69 0
7 0
70 0
71 0
72 0
73 0
74 0
75 0
76 0
77 0
78 0
79 0
8 0
80 0
81 0
82 0
83 0
84 0
85 0
86 0
87 0
88 0
89 0
9 0
90 0
91 0
92 0
93 0
94 0
95 0
96 0
97 0
98 0
99 0
106 0
107 0
108 0
109 0
112 0
113 0
117 0
118 0
137 0
138 0
140 0
141 0
144 0
145 0
146 0
147 0
159 0
160 0
178 0
179 0
202 0
203 0
267 0
268 0
287 0
288 0
294 0
295 0
297 0
298 0
3 0
30 0
304 0
305 0
31 0
312 0
313 0
336 0
337 0
372 0
373 0
381 0
382 0
4 0
409 0
410 0
417 0
418 0
42 0
43 0
443 0
444 0
45 0
46 0
461 0
462 0
465 0
466 0
47 0
48 0
49 0
498 0
499 0
50 0
505 0
506 0
534 0
535 0
538 0
539 0
548 0
549 0
564 0
565 0
584 0
585 0
599 0
6 0
600 0
610 0
611 0
656 0
657 0
667 0
668 0
669 0
670 0
673 0
674 0
690 0
691 0
694 0
695 0
699 0
7 0
700 0
88 0
89 0
96 0
97 0
106 441
107 3
108 0
109 466
112 464
113 465
117 0
118 61
137 0
138 26
140 3
141 461
144 252
145 461
146 8
147 460
159 0
160 424
178 457
179 457
202 0
203 12
267 451
268 452
287 0
288 452
294 1
295 452
297 452
298 452
3 0
30 479
304 452
305 10
31 479
312 452
313 114
336 177
337 448
372 446
373 446
381 446
382 446
4 493
409 444
410 87
417 1
418 444
42 36
43 478
443 440
444 442
45 478
46 478
461 444
462 444
465 443
466 444
47 4
48 477
49 444
498 4
499 444
50 475
505 444
506 443
534 0
535 419
538 441
539 441
548 374
549 1
564 265
565 12
584 439
585 11
599 1
6 39
600 116
610 0
611 115
656 436
657 436
667 436
668 386
669 42
670 436
673 182
674 436
690 436
691 436
694 435
695 435
699 0
7 490
700 435
88 0
89 469
96 445
97 470
105 13
106 999
107 925
108 999
114 988
115 997
12 0
122 0
123 999
126 55
127 999
13 102
144 27
145 999
157 999
158 999
159 12
160 999
162 999
163 865
169 193
170 999
172 999
173 148
179 0
180 0
207 998
208 989
210 1
211 999
233 183
234 999
236 994
237 999
243 3
244 999
260 992
261 999
264 963
265 999
272 924
273 999
275 900
276 999
290 978
291 999
294 0
295 999
308 1
309 999
312 951
313 999
331 990
332 993
336 999
337 997
342 0
343 0
351 147
352 999
363 937
364 999
369 999
370 938
380 999
381 999
392 854
393 999
409 2
410 999
412 0
413 999
418 0
419 356
433 0
434 93
436 2
437 999
44 2
449 999
45 999
450 999
460 979
461 999
462 0
463 999
477 0
478 10
479 0
480 999
485 901
486 999
500 1
501 999
513 0
514 999
533 0
534 999
536 167
537 999
542 3
543 999
545 993
546 997
562 1
563 999
571 1
572 999
577 125
578 999
584 0
585 989
592 22
593 999
602 503
603 999
627 999
628 999
67 0
68 991
81 998
82 999
105 13
106 999
107 925
108 999
114 988
115 997
12 0
122 0
123 999
126 55
127 999
13 102
144 27
145 999
157 999
158 999
159 12
160 999
162 999
163 865
169 193
170 999
172 999
173 148
179 0
180 0
207 998
208 989
210 1
211 999
233 183
234 999
236 994
237 999
243 3
244 999
260 992
261 999
264 963
265 999
272 924
273 999
275 900
276 999
290 978
291 999
294 0
295 999
308 1
309 999
312 951
313 999
331 990
332 993
336 999
337 997
342 0
343 0
351 147
352 999
363 937
364 999
369 999
370 938
380 999
381 999
392 854
393 999
409 2
410 999
412 0
413 999
418 0
419 356
433 0
434 93
436 2
437 999
44 2
449 999
45 999
450 999
460 979
461 999
462 0
463 999
477 0
478 10
479 0
480 999
485 901
486 999
500 1
501 999
513 0
514 999
533 0
534 999
536 167
537 999
542 3
543 999
545 993
546 997
562 1
563 999
571 1
572 999
577 125
578 999
584 0
585 989
592 22
593 999
602 503
603 999
627 999
628 999
67 0
68 991
81 998
82 999
105 0
106 979
12 3
125 978
126 978
13 995
15 10
151 94
152 978
154 0
155 978
16 993
167 199
168 977
169 0
170 977
172 976
173 977
175 0
176 977
21 989
211 2
212 973
214 973
215 962
22 991
225 962
226 973
236 973
237 973
246 973
247 0
252 0
253 971
261 0
262 973
268 956
269 2
270 955
271 973
275 141
276 973
277 126
278 973
317 973
318 960
319 24
320 973
333 238
334 973
343 0
344 973
360 34
361 973
416 0
417 968
419 2
420 968
428 0
429 1
431 968
432 1
434 662
435 967
439 83
44 985
440 967
444 967
445 17
45 986
462 966
463 966
500 0
501 965
515 0
516 41
52 42
524 2
525 965
528 0
529 965
53 985
532 965
533 965
556 0
557 959
558 796
559 965
562 965
563 964
564 0
565 965
594 0
595 965
601 736
602 965
62 984
63 30
78 2
79 982
105 13
106 999
107 925
108 999
114 988
115 997
12 0
122 0
123 999
126 55
127 999
13 102
144 27
145 999
157 999
158 999
159 12
160 999
162 999
163 865
169 193
170 999
172 999
173 148
179 0
180 0
207 998
208 989
210 1
211 999
233 183
234 999
236 994
237 999
243 3
244 999
260 992
261 999
264 963
265 999
272 924
273 999
275 900
276 999
290 978
291 999
294 0
295 999
308 1
309 999
312 951
313 999
331 990
332 993
336 999
337 997
342 0
343 0
351 147
352 999
363 937
364 999
369 999
370 938
380 999
381 999
392 854
393 999
409 2
410 999
412 0
413 999
418 0
419 356
433 0
434 93
436 2
437 999
44 2
449 999
45 999
450 999
460 979
461 999
462 0
463 999
477 0
478 10
479 0
480 999
485 901
486 999
500 1
501 999
513 0
514 999
533 0
534 999
536 167
537 999
542 3
543 999
545 993
546 997
562 1
563 999
571 1
572 999
577 125
578 999
584 0
585 989
592 22
593 999
602 503
603 999
627 999
628 999
67 0
68 991
81 998
82 999
10 988
107 992
108 972
11 999
126 0
127 997
132 443
133 999
137 992
138 999
155 16
156 999
18 0
184 0
185 999
19 992
205 0
206 999
231 998
232 999
243 0
244 0
275 922
276 999
322 2
323 999
347 0
348 953
417 999
418 999
419 72
420 999
440 0
441 998
475 999
476 16
488 19
489 999
498 0
499 993
501 999
502 4
525 5
526 999
530 952
531 999
656 999
657 999
664 673
665 953
7 999
703 999
704 996
8 985
102 499
103 499
104 499
105 499
11 0
112 0
113 499
117 499
118 499
12 499
124 223
125 499
132 496
133 499
134 64
135 499
143 499
144 499
147 499
148 499
15 499
151 499
152 499
153 89
154 499
157 499
158 499
16 499
161 69
162 499
166 499
167 499
170 34
171 499
175 499
176 499
179 499
18 499
180 499
182 499
183 491
185 88
186 499
187 448
188 499
189 499
19 12
190 499
191 491
192 499
195 499
196 499
198 106
199 499
201 499
202 495
204 0
205 499
208 499
209 499
21 499
210 469
211 499
215 499
216 499
217 495
218 499
219 499
22 499
220 499
224 499
225 499
232 499
233 499
236 499
237 499
238 4
239 499
242 499
243 499
246 499
247 200
255 499
256 499
258 499
259 499
264 499
265 499
268 499
269 499
272 499
273 499
275 499
276 499
277 499
278 499
279 499
280 499
285 499
286 499
287 499
288 499
289 182
29 498
290 499
293 499
294 499
297 0
298 499
299 499
30 89
300 499
302 15
303 499
304 8
305 499
306 499
307 499
31 499
313 499
314 499
315 495
316 499
317 182
318 499
32 499
320 499
321 499
323 498
324 499
327 498
328 499
33 498
331 499
332 499
334 499
335 499
338 70
339 499
34 499
341 488
342 499
343 6
344 499
352 499
353 499
36 212
360 311
361 499
368 499
369 499
37 499
376 499
377 499
379 487
380 499
388 499
389 499
390 499
391 499
392 499
393 499
395 15
396 499
399 34
4 209
40 199
400 499
401 157
402 499
407 55
408 499
41 499
412 499
413 499
415 499
416 499
417 499
418 499
420 499
421 499
423 453
424 499
425 499
426 499
428 499
429 499
431 499
432 499
433 66
434 499
436 499
437 499
438 499
439 499
44 263
443 499
444 499
446 499
447 499
45 499
452 471
453 499
454 499
455 499
456 485
457 499
458 32
459 499
460 497
461 499
462 499
463 499
464 467
465 499
469 499
470 499
471 178
472 499
473 68
474 499
476 499
477 499
480 210
481 499
485 0
486 499
488 499
489 499
49 499
490 499
491 499
494 1
495 499
496 490
497 499
5 499
50 499
500 116
501 499
504 5
505 499
506 499
507 499
510 83
511 499
513 499
514 499
518 494
519 66
54 442
55 499
56 499
57 499
58 473
59 499
6 448
63 86
64 499
66 43
67 499
7 499
70 499
71 499
74 42
75 499
79 0
80 499
87 499
88 499
90 0
91 198
94 499
95 499
96 138
97 499
10 9999
100 9999
101 91
102 9999
104 9999
105 9999
106 9999
107 9999
108 25
109 9999
11 9999
110 9997
111 9999
113 17
114 9999
116 9999
117 9999
119 9999
120 9999
121 54
122 9999
123 9999
124 9999
125 6107
126 9999
130 1377
131 9999
132 31
133 9999
134 7423
135 9999
137 8474
138 9999
14 8538
140 9999
141 9999
143 9999
144 9953
146 9999
147 9999
148 9999
149 9999
15 9999
150 1443
151 9999
153 241
154 9999
155 852
156 9999
159 9999
16 60
160 9999
161 9982
162 9999
163 9999
164 9999
165 9999
166 9999
168 6893
169 9999
17 9999
173 14
174 9999
177 9999
178 9999
179 1042
180 9999
181 9992
182 9999
183 9990
184 9999
185 1038
186 9999
187 5317
188 9999
189 9129
190 9999
193 9999
194 9999
195 9717
196 9999
197 9999
198 9999
199 368
200 9999
202 9990
203 9999
204 9999
205 9999
208 9999
209 9999
210 39
211 9999
212 2929
213 9999
215 9999
216 9551
22 8888
224 8062
225 9999
23 9999
233 9999
234 9999
239 6632
240 9999
241 9999
242 9999
243 9999
244 9999
247 9999
248 9999
250 9999
251 9999
252 9999
253 9999
255 9999
256 9999
258 12
259 9992
260 9999
261 9999
265 9999
266 9999
267 15
268 9999
269 9999
27 1377
270 9999
277 9999
278 9999
28 9999
280 9999
281 9999
282 9790
283 9999
284 0
285 9999
286 9999
287 9999
289 8420
290 9999
291 6803
292 9999
295 9999
296 9999
297 786
298 9999
30 31
300 9757
301 9999
303 12
304 9999
305 9999
306 9999
307 9967
308 9999
309 9999
31 9999
310 9999
311 9795
312 9999
32 22
320 9169
321 9999
322 9999
323 9999
324 838
325 9999
326 9999
327 9999
328 9999
329 9999
33 9999
330 9529
331 9999
332 187
333 9999
334 9999
335 9999
336 9046
337 9999
338 9999
339 9999
34 858
344 5007
345 9999
346 4642
347 9999
348 9999
349 9999
35 9999
352 9999
353 9999
355 9999
356 9999
358 6635
359 9999
363 8802
364 9999
365 9913
366 9999
367 3049
368 9999
369 81
370 9999
373 9921
374 9999
375 8096
376 9999
378 710
379 9999
380 9999
381 9999
383 9892
384 9999
386 9999
387 9999
389 8
390 9994
391 1
392 9999
393 39
394 9999
395 14
396 9999
398 9999
399 9999
403 9999
404 9999
405 6759
406 9999
408 9999
409 9999
41 9999
410 6255
411 9999
418 109
419 9999
42 9999
421 9999
422 9999
43 6309
432 13
433 9999
434 9999
435 9999
438 9983
439 9999
44 9999
443 9971
444 9999
448 769
449 9999
450 9999
451 9999
453 9999
454 9999
457 9998
458 9999
47 1121
48 9999
50 9999
51 9999
53 3
54 9999
55 9760
56 9999
59 37
60 9999
61 9999
62 9999
63 159
64 9999
67 15
68 9999
69 9999
70 9999
73 9999
74 9999
76 151
77 9999
80 9999
81 9999
86 9986
87 9999
90 967
91 9999
92 5300
93 9999
96 5218
97 9999
99 9955
10 9999
100 9999
101 91
102 9999
104 9999
105 9999
106 9999
107 9999
108 25
109 9999
11 9999
110 9997
111 9999
113 17
114 9999
116 9999
117 9999
119 9999
120 9999
121 54
122 9999
123 9999
124 9999
125 6107
126 9999
130 1377
131 9999
132 31
133 9999
134 7423
135 9999
137 8474
138 9999
14 8538
140 9999
141 9999
143 9999
144 9953
146 9999
147 9999
148 9999
149 9999
15 9999
150 1443
151 9999
153 241
154 9999
155 852
156 9999
159 9999
16 60
160 9999
161 9982
162 9999
163 9999
164 9999
165 9999
166 9999
168 6893
169 9999
17 9999
173 14
174 9999
177 9999
178 9999
179 1042
180 9999
181 9992
182 9999
183 9990
184 9999
185 1038
186 9999
187 5317
188 9999
189 9129
190 9999
193 9999
194 9999
195 9717
196 9999
197 9999
198 9999
199 368
200 9999
202 9990
203 9999
204 9999
205 9999
208 9999
209 9999
210 39
211 9999
212 2929
213 9999
215 9999
216 9551
22 8888
224 8062
225 9999
23 9999
233 9999
234 9999
239 6632
240 9999
241 9999
242 9999
243 9999
244 9999
247 9999
248 9999
250 9999
251 9999
252 9999
253 9999
255 9999
256 9999
258 12
259 9992
260 9999
261 9999
265 9999
266 9999
267 15
268 9999
269 9999
27 1377
270 9999
277 9999
278 9999
28 9999
280 9999
281 9999
282 9790
283 9999
284 0
285 9999
286 9999
287 9999
289 8420
290 9999
291 6803
292 9999
295 9999
296 9999
297 786
298 9999
30 31
300 9757
301 9999
303 12
304 9999
305 9999
306 9999
307 9967
308 9999
309 9999
31 9999
310 9999
311 9795
312 9999
32 22
320 9169
321 9999
322 9999
323 9999
324 838
325 9999
326 9999
327 9999
328 9999
329 9999
33 9999
330 9529
331 9999
332 187
333 9999
334 9999
335 9999
336 9046
337 9999
338 9999
339 9999
34 858
344 5007
345 9999
346 4642
347 9999
348 9999
349 9999
35 9999
352 9999
353 9999
355 9999
356 9999
358 6635
359 9999
363 8802
364 9999
365 9913
366 9999
367 3049
368 9999
369 81
370 9999
373 9921
374 9999
375 8096
376 9999
378 710
379 9999
380 9999
381 9999
383 9892
384 9999
386 9999
387 9999
389 8
390 9994
391 1
392 9999
393 39
394 9999
395 14
396 9999
398 9999
399 9999
403 9999
404 9999
405 6759
406 9999
408 9999
409 9999
41 9999
410 6255
411 9999
418 109
419 9999
42 9999
421 9999
422 9999
43 6309
432 13
433 9999
434 9999
435 9999
438 9983
439 9999
44 9999
443 9971
444 9999
448 769
449 9999
450 9999
451 9999
453 9999
454 9999
457 9998
458 9999
47 1121
48 9999
50 9999
51 9999
53 3
54 9999
55 9760
56 9999
59 37
60 9999
61 9999
62 9999
63 159
64 9999
67 15
68 9999
69 9999
70 9999
73 9999
74 9999
76 151
77 9999
80 9999
81 9999
86 9986
87 9999
90 967
91 9999
92 5300
93 9999
96 5218
97 9999
99 9955
10 3
11 489
12 0
13 430
151 23
152 499
17 441
18 481
200 480
201 499
255 0
256 398
257 39
258 493
27 39
28 499
294 0
295 438
31 0
32 10
369 0
370 499
420 0
421 499
43 0
435 1
436 483
437 42
438 499
44 498
531 143
532 23
559 143
560 499
592 0
593 43
650 0
651 0
657 0
658 3
678 32
679 499
680 0
681 499
682 499
683 499
69 0
7 346
70 402
708 2
709 499
720 129
721 499
726 446
727 396
748 46
749 499
757 0
758 0
777 0
778 43
8 214
824 499
825 499
87 0
88 467
89 2
90 499
