154 0
155 9999
166 1172
167 9999
199 0
200 9681
236 0
237 9999
249 969
250 9999
301 0
302 9999
326 9974
327 9999
336 110
337 9999
384 0
385 9434
511 0
512 84
634 1112
635 9999
636 4
637 9999
92 7
93 9999
154 0
155 9999
166 1172
167 9999
199 0
200 9681
236 0
237 9999
249 969
250 9999
301 0
302 9999
326 9974
327 9999
336 110
337 9999
384 0
385 9434
511 0
512 84
634 1112
635 9999
636 4
637 9999
92 7
93 9999
0 0
1 0
10 0
100 0
101 0
102 0
103 0
104 0
105 0
106 0
107 0
108 0
109 0
11 0
110 0
111 0
112 0
113 0
114 0
115 0
116 0
117 0
118 0
119 0
12 0
120 0
121 0
122 0
123 0
124 0
125 0
126 0
127 0
128 0
129 0
13 0
130 0
131 0
132 0
133 0
134 0
135 0
136 0
137 0
138 0
139 0
14 0
140 0
141 0
142 0
143 0
144 0
145 0
146 0
147 0
148 0
149 0
15 0
150 0
151 0
152 0
153 0
154 0
155 0
156 0
157 0
158 0
159 0
16 0
160 0
161 0
162 0
163 0
164 0
165 0
166 0
167 0
168 0
169 0
17 0
170 0
171 0
172 0
173 0
174 0
175 0
176 0
177 0
178 0
179 0
18 0
180 0
181 0
182 0
183 0
184 0
185 0
186 0
187 0
188 0
189 0
19 0
190 0
191 0
192 0
193 0
194 0
195 0
196 0
197 0
198 0
199 0
2 0
20 0
200 0
201 0
202 0
203 0
204 0
205 0
206 0
207 0
208 0
209 0
21 0
210 0
211 0
212 0
213 0
214 0
215 0
216 0
217 0
218 0
219 0
22 0
220 0
221 0
222 0
223 0
224 0
225 0
226 0
227 0
228 0
229 0
23 0
230 0
231 0
232 0
233 0
234 0
235 0
236 0
237 0
238 0
239 0
24 0
240 0
241 0
242 0
243 0
244 0
245 0
246 0
247 0
248 0
249 0
25 0
250 0
251 0
252 0
253 0
254 0
255 0
256 0
257 0
258 0
259 0
26 0
260 0
261 0
262 0
263 0
264 0
265 0
266 0
267 0
268 0
269 0
27 0
270 0
271 0
272 0
273 0
274 0
275 0
276 0
277 0
278 0
279 0
28 0
280 0
281 0
282 0
283 0
29 0
3 0
30 0
31 0
32 0
33 0
34 0
35 0
36 0
37 0
38 0
39 0
4 0
40 0
41 0
42 0
43 0
44 0
45 0
46 0
47 0
48 0
49 0
5 0
50 0
51 0
52 0
53 0
54 0
55 0
56 0
57 0
58 0
59 0
6 0
60 0
61 0
62 0
63 0
64 0
65 0
66 0
67 0
68 0
69 0
7 0
70 0
71 0
72 0
73 0
74 0
75 0
76 0
77 0
78 0
79 0
8 0
80 0
81 0
82 0
83 0
84 0
85 0
86 0
87 0
88 0
89 0
9 0
90 0
91 0
92 0
93 0
94 0
95 0
96 0
97 0
98 0
99 0
0 0
1 0
10 0
100 0
101 0
102 0
103 0
104 0
105 0
106 0
107 0
108 0
109 0
11 0
110 0
111 0
112 0
113 0
114 0
115 0
116 0
117 0
118 0
119 0
12 0
120 0
121 0
122 0
123 0
124 0
125 0
126 0
127 0
128 0
129 0
13 0
130 0
131 0
132 0
133 0
134 0
135 0
136 0
137 0
138 0
139 0
14 0
140 0
141 0
142 0
143 0
144 0
145 0
146 0
147 0
148 0
149 0
15 0
150 0
151 0
152 0
153 0
154 0
155 0
156 0
157 0
158 0
159 0
16 0
160 0
161 0
162 0
163 0
164 0
165 0
166 0
167 0
168 0
169 0
17 0
170 0
171 0
172 0
173 0
174 0
175 0
176 0
177 0
178 0
179 0
18 0
180 0
181 0
182 0
183 0
184 0
185 0
186 0
187 0
188 0
189 0
19 0
190 0
191 0
192 0
193 0
194 0
195 0
196 0
197 0
198 0
199 0
2 0
20 0
200 0
201 0
202 0
203 0
204 0
205 0
206 0
207 0
208 0
209 0
21 0
210 0
211 0
212 0
213 0
214 0
215 0
216 0
217 0
218 0
219 0
22 0
220 0
221 0
222 0
223 0
224 0
225 0
226 0
227 0
228 0
229 0
23 0
230 0
231 0
232 0
233 0
234 0
235 0
236 0
237 0
238 0
239 0
24 0
240 0
241 0
242 0
243 0
244 0
245 0
246 0
247 0
248 0
249 0
25 0
250 0
251 0
252 0
253 0
254 0
255 0
256 0
257 0
258 0
259 0
26 0
260 0
261 0
262 0
263 0
264 0
265 0
266 0
267 0
268 0
269 0
27 0
270 0
271 0
272 0
273 0
274 0
275 0
276 0
277 0
278 0
279 0
28 0
280 0
281 0
282 0
283 0
29 0
3 0
30 0
31 0
32 0
33 0
34 0
35 0
36 0
37 0
38 0
39 0
4 0
40 0
41 0
42 0
43 0
44 0
45 0
46 0
47 0
48 0
49 0
5 0
50 0
51 0
52 0
53 0
54 0
55 0
56 0
57 0
58 0
59 0
6 0
60 0
61 0
62 0
63 0
64 0
65 0
66 0
67 0
68 0
69 0
7 0
70 0
71 0
72 0
73 0
74 0
75 0
76 0
77 0
78 0
79 0
8 0
80 0
81 0
82 0
83 0
84 0
85 0
86 0
87 0
88 0
89 0
9 0
90 0
91 0
92 0
93 0
94 0
95 0
96 0
97 0
98 0
99 0
0 0
1 0
10 0
100 0
101 0
102 0
103 0
104 0
105 0
106 0
107 0
108 0
109 0
11 0
110 0
111 0
112 0
113 0
114 0
115 0
116 0
117 0
118 0
119 0
12 0
120 0
121 0
122 0
123 0
124 0
125 0
126 0
127 0
128 0
129 0
13 0
130 0
131 0
132 0
133 0
134 0
135 0
136 0
137 0
138 0
139 0
14 0
140 0
141 0
142 0
143 0
144 0
145 0
146 0
147 0
148 0
149 0
15 0
150 0
151 0
152 0
153 0
154 0
155 0
156 0
157 0
158 0
159 0
16 0
160 0
161 0
162 0
163 0
164 0
165 0
166 0
167 0
168 0
169 0
17 0
170 0
171 0
172 0
173 0
174 0
175 0
176 0
177 0
178 0
179 0
18 0
180 0
181 0
182 0
183 0
184 0
185 0
186 0
187 0
188 0
189 0
19 0
190 0
191 0
192 0
193 0
194 0
195 0
196 0
197 0
198 0
199 0
2 0
20 0
200 0
201 0
202 0
203 0
204 0
205 0
206 0
207 0
208 0
209 0
21 0
210 0
211 0
212 0
213 0
214 0
215 0
216 0
217 0
218 0
219 0
22 0
220 0
221 0
222 0
223 0
224 0
225 0
226 0
227 0
228 0
229 0
23 0
230 0
231 0
232 0
233 0
234 0
235 0
236 0
237 0
238 0
239 0
24 0
240 0
241 0
242 0
243 0
244 0
245 0
246 0
247 0
248 0
249 0
25 0
250 0
251 0
252 0
253 0
254 0
255 0
256 0
257 0
258 0
259 0
26 0
260 0
261 0
262 0
263 0
264 0
265 0
266 0
267 0
268 0
269 0
27 0
270 0
271 0
272 0
273 0
274 0
275 0
276 0
277 0
278 0
279 0
28 0
280 0
281 0
282 0
283 0
29 0
3 0
30 0
31 0
32 0
33 0
34 0
35 0
36 0
37 0
38 0
39 0
4 0
40 0
41 0
42 0
43 0
44 0
45 0
46 0
47 0
48 0
49 0
5 0
50 0
51 0
52 0
53 0
54 0
55 0
56 0
57 0
58 0
59 0
6 0
60 0
61 0
62 0
63 0
64 0
65 0
66 0
67 0
68 0
69 0
7 0
70 0
71 0
72 0
73 0
74 0
75 0
76 0
77 0
78 0
79 0
8 0
80 0
81 0
82 0
83 0
84 0
85 0
86 0
87 0
88 0
89 0
9 0
90 0
91 0
92 0
93 0
94 0
95 0
96 0
97 0
98 0
99 0
0 0
1 0
10 0
100 0
101 0
102 0
103 0
104 0
105 0
106 0
107 0
108 0
109 0
11 0
110 0
111 0
112 0
113 0
114 0
115 0
116 0
117 0
118 0
119 0
12 0
120 0
121 0
122 0
123 0
124 0
125 0
126 0
127 0
128 0
129 0
13 0
130 0
131 0
132 0
133 0
134 0
135 0
136 0
137 0
138 0
139 0
14 0
140 0
141 0
142 0
143 0
144 0
145 0
146 0
147 0
148 0
149 0
15 0
150 0
151 0
152 0
153 0
154 0
155 0
156 0
157 0
158 0
159 0
16 0
160 0
161 0
162 0
163 0
164 0
165 0
166 0
167 0
168 0
169 0
17 0
170 0
171 0
172 0
173 0
174 0
175 0
176 0
177 0
178 0
179 0
18 0
180 0
181 0
182 0
183 0
184 0
185 0
186 0
187 0
188 0
189 0
19 0
190 0
191 0
192 0
193 0
194 0
195 0
196 0
197 0
198 0
199 0
2 0
20 0
200 0
201 0
202 0
203 0
204 0
205 0
206 0
207 0
208 0
209 0
21 0
210 0
211 0
212 0
213 0
214 0
215 0
216 0
217 0
218 0
219 0
22 0
220 0
221 0
222 0
223 0
224 0
225 0
226 0
227 0
228 0
229 0
23 0
230 0
231 0
232 0
233 0
234 0
235 0
236 0
237 0
238 0
239 0
24 0
240 0
241 0
242 0
243 0
244 0
245 0
246 0
247 0
248 0
249 0
25 0
250 0
251 0
252 0
253 0
254 0
255 0
256 0
257 0
258 0
259 0
26 0
260 0
261 0
262 0
263 0
264 0
265 0
266 0
267 0
268 0
269 0
27 0
270 0
271 0
272 0
273 0
274 0
275 0
276 0
277 0
278 0
279 0
28 0
280 0
281 0
282 0
283 0
284 0
285 0
286 0
287 0
288 0
289 0
29 0
290 0
291 0
292 0
293 0
294 0
295 0
296 0
297 0
3 0
30 0
31 0
32 0
33 0
34 0
35 0
36 0
37 0
38 0
39 0
4 0
40 0
41 0
42 0
43 0
44 0
45 0
46 0
47 0
48 0
49 0
5 0
50 0
51 0
52 0
53 0
54 0
55 0
56 0
57 0
58 0
59 0
6 0
60 0
61 0
62 0
63 0
64 0
65 0
66 0
67 0
68 0
69 0
7 0
70 0
71 0
72 0
73 0
74 0
75 0
76 0
77 0
78 0
79 0
8 0
80 0
81 0
82 0
83 0
84 0
85 0
86 0
87 0
88 0
89 0
9 0
90 0
91 0
92 0
93 0
94 0
95 0
96 0
97 0
98 0
99 0
0 0
1 0
10 0
100 0
101 0
102 0
103 0
104 0
105 0
106 0
107 0
108 0
109 0
11 0
110 0
111 0
112 0
113 0
114 0
115 0
116 0
117 0
118 0
119 0
12 0
120 0
121 0
122 0
123 0
124 0
125 0
126 0
127 0
128 0
129 0
13 0
130 0
131 0
132 0
133 0
134 0
135 0
136 0
137 0
138 0
139 0
14 0
140 0
141 0
142 0
143 0
144 0
145 0
146 0
147 0
148 0
149 0
15 0
150 0
151 0
152 0
153 0
154 0
155 0
156 0
157 0
158 0
159 0
16 0
160 0
161 0
162 0
163 0
164 0
165 0
166 0
167 0
168 0
169 0
17 0
170 0
171 0
172 0
173 0
174 0
175 0
176 0
177 0
178 0
179 0
18 0
180 0
181 0
182 0
183 0
184 0
185 0
186 0
187 0
188 0
189 0
19 0
190 0
191 0
192 0
193 0
194 0
195 0
196 0
197 0
198 0
199 0
2 0
20 0
200 0
201 0
202 0
203 0
204 0
205 0
206 0
207 0
208 0
209 0
21 0
210 0
211 0
212 0
213 0
214 0
215 0
216 0
217 0
218 0
219 0
22 0
220 0
221 0
222 0
223 0
224 0
225 0
226 0
227 0
228 0
229 0
23 0
230 0
231 0
232 0
233 0
234 0
235 0
236 0
237 0
238 0
239 0
24 0
240 0
241 0
242 0
243 0
244 0
245 0
246 0
247 0
248 0
249 0
25 0
250 0
251 0
252 0
253 0
254 0
255 0
256 0
257 0
258 0
259 0
26 0
260 0
261 0
262 0
263 0
264 0
265 0
266 0
267 0
268 0
269 0
27 0
270 0
271 0
272 0
273 0
274 0
275 0
276 0
277 0
278 0
279 0
28 0
280 0
281 0
282 0
283 0
284 0
285 0
29 0
3 0
30 0
31 0
32 0
33 0
34 0
35 0
36 0
37 0
38 0
39 0
4 0
40 0
41 0
42 0
43 0
44 0
45 0
46 0
47 0
48 0
49 0
5 0
50 0
51 0
52 0
53 0
54 0
55 0
56 0
57 0
58 0
59 0
6 0
60 0
61 0
62 0
63 0
64 0
65 0
66 0
67 0
68 0
69 0
7 0
70 0
71 0
72 0
73 0
74 0
75 0
76 0
77 0
78 0
79 0
8 0
80 0
81 0
82 0
83 0
84 0
85 0
86 0
87 0
88 0
89 0
9 0
90 0
91 0
92 0
93 0
94 0
95 0
96 0
97 0
98 0
99 0
109 0
110 0
168 0
169 0
20 0
21 0
216 0
217 0
234 0
235 0
256 0
257 0
3 0
319 0
320 0
374 0
375 0
4 0
427 0
428 0
485 0
486 0
517 0
518 0
52 0
53 0
531 0
532 0
557 0
558 0
57 0
58 0
594 0
595 0
6 0
617 0
618 0
623 0
624 0
634 0
635 0
650 0
651 0
7 0
76 0
77 0
86 0
87 0
98 0
99 0
109 471
110 11
168 460
169 466
20 485
21 473
216 442
217 463
234 0
235 12
256 0
257 448
3 0
319 0
320 391
374 0
375 450
4 493
427 0
428 449
485 0
486 1
517 1
518 41
52 4
53 476
531 0
532 15
557 0
558 28
57 477
58 477
594 0
595 4
6 39
617 443
618 430
623 0
624 109
634 133
635 442
650 0
651 442
7 490
76 0
77 26
86 407
87 474
98 474
99 106
107 909
108 171
126 55
127 999
158 27
159 999
169 193
170 999
257 0
258 999
284 978
285 999
288 0
289 999
303 1
304 999
307 951
308 999
400 2
401 999
403 0
404 999
449 1
450 999
467 0
468 999
474 901
475 999
503 991
504 999
524 0
525 990
551 1
552 999
560 1
561 999
566 125
567 999
575 0
576 19
580 22
581 999
590 503
591 999
67 0
68 991
107 909
108 171
126 55
127 999
158 27
159 999
169 193
170 999
257 0
258 999
284 978
285 999
288 0
289 999
303 1
304 999
307 951
308 999
400 2
401 999
403 0
404 999
449 1
450 999
467 0
468 999
474 901
475 999
503 991
504 999
524 0
525 990
551 1
552 999
560 1
561 999
566 125
567 999
575 0
576 19
580 22
581 999
590 503
591 999
67 0
68 991
11 0
12 994
128 0
129 979
133 1
134 980
230 976
231 975
251 88
252 973
27 992
28 993
327 828
328 1
339 0
340 636
436 957
437 814
458 285
459 961
524 6
525 961
547 2
548 961
551 149
552 961
558 935
559 961
66 988
67 987
68 834
69 987
107 909
108 171
126 55
127 999
158 27
159 999
169 193
170 999
257 0
258 999
284 978
285 999
288 0
289 999
303 1
304 999
307 951
308 999
400 2
401 999
403 0
404 999
449 1
450 999
467 0
468 999
474 901
475 999
503 991
504 999
524 0
525 990
551 1
552 999
560 1
561 999
566 125
567 999
575 0
576 19
580 22
581 999
590 503
591 999
67 0
68 991
105 992
106 5
133 992
134 999
16 0
17 992
179 0
180 999
226 998
227 999
269 922
270 999
316 2
317 999
432 0
433 998
470 0
471 8
480 19
481 999
689 999
690 996
10 499
100 223
101 499
109 482
11 7
110 499
118 499
119 499
124 499
125 499
129 499
130 499
137 499
138 499
145 499
146 499
149 499
150 499
157 499
158 499
16 70
169 0
17 499
170 499
179 499
180 499
190 499
191 499
195 197
196 499
207 499
208 499
217 499
218 499
220 499
221 499
222 499
223 499
228 499
229 499
23 498
230 499
231 499
235 499
236 499
239 0
24 25
240 297
241 188
242 499
245 8
246 499
247 499
248 499
25 499
254 499
255 499
257 182
258 499
26 499
260 499
261 499
265 0
266 499
268 499
269 499
272 499
273 499
274 70
275 499
278 6
279 499
287 220
288 499
29 212
30 499
307 499
308 499
318 499
319 499
320 88
321 499
325 34
326 499
327 157
328 499
333 55
334 499
338 499
339 499
341 499
342 499
348 499
349 177
352 499
353 499
357 467
358 499
364 499
365 499
368 499
369 499
370 497
371 499
372 467
373 499
382 0
383 303
389 0
390 499
391 456
392 499
394 1
395 499
396 490
397 499
40 499
406 0
407 83
41 179
45 204
46 499
57 77
58 499
60 42
61 499
76 499
77 499
83 499
84 499
10 9999
100 9999
102 9999
103 9999
106 9998
107 9986
11 9999
111 31
112 9999
117 9999
118 9999
120 300
121 9999
123 6949
124 9999
125 1020
126 9999
129 241
130 9999
131 852
132 9999
135 4072
136 9999
14 8538
142 14
143 9999
146 9999
147 9999
15 9999
151 1038
152 9999
154 9129
155 9999
158 9999
159 9999
160 9717
161 9999
162 9999
163 9999
166 216
167 9999
181 8062
182 9999
192 0
193 958
195 6632
196 9999
197 9999
198 9999
201 771
202 9999
203 9999
204 9999
205 9999
206 9999
208 192
209 9999
21 8888
210 9016
211 9999
212 26
213 9999
215 9999
216 9999
218 0
219 9999
22 9999
220 0
221 9999
225 9999
226 9999
228 9999
229 9999
233 8420
234 9999
240 9757
241 9999
243 12
244 9999
245 9999
246 9999
247 9967
248 9999
249 9999
250 9999
251 0
252 9981
258 9169
259 9999
26 1377
260 760
261 9999
262 9999
263 9999
264 9999
265 9999
266 9529
267 9999
268 187
269 9999
27 9999
270 9999
271 9999
273 812
274 9999
278 9999
279 9999
283 9999
284 9999
286 6635
287 9999
29 31
291 8802
292 9999
30 9999
300 910
301 9999
303 710
304 9999
306 9892
307 9999
309 9999
31 22
310 9999
312 8
313 9994
318 9999
319 9999
32 9999
323 9999
324 9999
325 15
326 9999
327 9999
328 9999
329 246
33 858
330 9999
34 9999
348 13
349 9999
355 9971
356 9999
363 9999
364 9999
43 303
44 9999
48 9999
49 9999
53 37
54 9999
55 9999
56 9999
57 159
58 9999
62 9999
63 9999
66 70
67 9999
68 151
69 9999
72 325
73 9999
86 174
87 9999
90 950
91 9999
92 9999
93 9999
94 0
95 9993
96 17
97 9999
99 9999
10 9999
100 9999
102 9999
103 9999
106 9998
107 9986
11 9999
111 31
112 9999
117 9999
118 9999
120 300
121 9999
123 6949
124 9999
125 1020
126 9999
129 241
130 9999
131 852
132 9999
135 4072
136 9999
14 8538
142 14
143 9999
146 9999
147 9999
15 9999
151 1038
152 9999
154 9129
155 9999
158 9999
159 9999
160 9717
161 9999
162 9999
163 9999
166 216
167 9999
181 8062
182 9999
192 0
193 958
195 6632
196 9999
197 9999
198 9999
201 771
202 9999
203 9999
204 9999
205 9999
206 9999
208 192
209 9999
21 8888
210 9016
211 9999
212 26
213 9999
215 9999
216 9999
218 0
219 9999
22 9999
220 0
221 9999
225 9999
226 9999
228 9999
229 9999
233 8420
234 9999
240 9757
241 9999
243 12
244 9999
245 9999
246 9999
247 9967
248 9999
249 9999
250 9999
251 0
252 9981
258 9169
259 9999
26 1377
260 760
261 9999
262 9999
263 9999
264 9999
265 9999
266 9529
267 9999
268 187
269 9999
27 9999
270 9999
271 9999
273 812
274 9999
278 9999
279 9999
283 9999
284 9999
286 6635
287 9999
29 31
291 8802
292 9999
30 9999
300 910
301 9999
303 710
304 9999
306 9892
307 9999
309 9999
31 22
310 9999
312 8
313 9994
318 9999
319 9999
32 9999
323 9999
324 9999
325 15
326 9999
327 9999
328 9999
329 246
33 858
330 9999
34 9999
348 13
349 9999
355 9971
356 9999
363 9999
364 9999
43 303
44 9999
48 9999
49 9999
53 37
54 9999
55 9999
56 9999
57 159
58 9999
62 9999
63 9999
66 70
67 9999
68 151
69 9999
72 325
73 9999
86 174
87 9999
90 950
91 9999
92 9999
93 9999
94 0
95 9993
96 17
97 9999
99 9999
368 0
369 499
43 0
434 1
435 483
436 42
437 499
44 498
530 143
531 23
558 143
559 499
680 499
681 14
722 446
723 396
744 46
745 499
87 0
88 467
