100 0
101 9997
133 9996
134 9999
135 0
136 9999
138 9999
139 9996
151 92
152 9999
163 0
164 9999
167 1185
168 9999
177 1172
178 9999
200 607
201 9999
205 0
206 9576
222 6
223 9999
225 0
226 9972
228 9584
229 9187
247 0
248 9999
260 969
261 9999
278 9974
279 9997
285 0
286 9999
303 9995
304 9999
305 9996
306 9999
308 6491
309 31
316 0
317 9999
342 9974
343 9999
347 58
348 9999
352 0
353 9999
354 110
355 9999
372 9995
373 9999
378 9999
379 9953
381 49
382 9999
39 0
399 1308
40 9995
400 9999
403 0
404 9999
433 0
434 9999
44 9999
45 7
46 0
47 9967
474 9999
475 9996
482 0
483 58
51 7
52 9999
531 972
532 9
534 9440
535 731
627 0
628 9997
646 9966
647 9998
648 8817
649 9999
659 1112
660 9999
661 4
662 9999
667 7
668 9997
669 407
670 9999
684 6414
685 0
74 9674
75 9999
84 7
85 9999
87 9999
88 33
98 7
99 9999
100 0
101 9997
133 9996
134 9999
135 0
136 9999
138 9999
139 9996
151 92
152 9999
163 0
164 9999
167 1185
168 9999
177 1172
178 9999
200 607
201 9999
205 0
206 9576
222 6
223 9999
225 0
226 9972
228 9584
229 9187
247 0
248 9999
260 969
261 9999
278 9974
279 9997
285 0
286 9999
303 9995
304 9999
305 9996
306 9999
308 6491
309 31
316 0
317 9999
342 9974
343 9999
347 58
348 9999
352 0
353 9999
354 110
355 9999
372 9995
373 9999
378 9999
379 9953
381 49
382 9999
39 0
399 1308
40 9995
400 9999
403 0
404 9999
433 0
434 9999
44 9999
45 7
46 0
47 9967
474 9999
475 9996
482 0
483 58
51 7
52 9999
531 972
532 9
534 9440
535 731
627 0
628 9997
646 9966
647 9998
648 8817
649 9999
659 1112
660 9999
661 4
662 9999
667 7
668 9997
669 407
670 9999
684 6414
685 0
74 9674
75 9999
84 7
85 9999
87 9999
88 33
98 7
99 9999
0 0
1 0
10 0
100 0
101 0
102 0
103 0
104 0
105 0
106 0
107 0
108 0
109 0
11 0
110 0
111 0
112 0
113 0
114 0
115 0
116 0
117 0
118 0
119 0
12 0
120 0
121 0
122 0
123 0
124 0
125 0
126 0
127 0
128 0
129 0
13 0
130 0
131 0
132 0
133 0
134 0
135 0
136 0
137 0
138 0
139 0
14 0
140 0
141 0
142 0
143 0
144 0
145 0
146 0
147 0
148 0
149 0
15 0
150 0
151 0
152 0
153 0
154 0
155 0
156 0
157 0
158 0
159 0
16 0
160 0
161 0
162 0
163 0
164 0
165 0
166 0
167 0
168 0
169 0
17 0
170 0
171 0
172 0
173 0
174 0
175 0
176 0
177 0
178 0
179 0
18 0
180 0
181 0
182 0
183 0
184 0
185 0
186 0
187 0
188 0
189 0
19 0
190 0
191 0
192 0
193 0
194 0
195 0
196 0
197 0
198 0
199 0
2 0
20 0
200 0
201 0
202 0
203 0
204 0
205 0
206 0
207 0
208 0
209 0
21 0
210 0
211 0
212 0
213 0
214 0
215 0
216 0
217 0
218 0
219 0
22 0
220 0
221 0
222 0
223 0
224 0
225 0
226 0
227 0
228 0
229 0
23 0
230 0
231 0
232 0
233 0
234 0
235 0
236 0
237 0
238 0
239 0
24 0
240 0
241 0
242 0
243 0
244 0
245 0
246 0
247 0
248 0
249 0
25 0
250 0
251 0
252 0
253 0
254 0
255 0
256 0
257 0
258 0
259 0
26 0
260 0
261 0
262 0
263 0
264 0
265 0
266 0
267 0
268 0
269 0
27 0
270 0
271 0
272 0
273 0
274 0
275 0
276 0
277 0
278 0
279 0
28 0
280 0
281 0
282 0
283 0
284 0
285 0
286 0
287 0
288 0
289 0
29 0
290 0
291 0
292 0
293 0
294 0
295 0
296 0
297 0
298 0
299 0
3 0
30 0
300 0
301 0
302 0
303 0
304 0
305 0
306 0
307 0
308 0
309 0
31 0
310 0
311 0
312 0
313 0
314 0
315 0
316 0
317 0
318 0
319 0
32 0
320 0
321 0
322 0
323 0
324 0
325 0
326 0
327 0
328 0
329 0
33 0
330 0
331 0
332 0
333 0
334 0
335 0
336 0
337 0
338 0
339 0
34 0
340 0
341 0
342 0
343 0
344 0
345 0
346 0
347 0
348 0
349 0
35 0
350 0
351 0
352 0
353 0
354 0
355 0
356 0
357 0
358 0
359 0
36 0
360 0
361 0
362 0
363 0
364 0
365 0
366 0
367 0
368 0
369 0
37 0
370 0
371 0
372 0
373 0
374 0
375 0
376 0
377 0
378 0
379 0
38 0
380 0
381 0
382 0
383 0
384 0
385 0
386 0
387 0
388 0
389 0
39 0
390 0
391 0
392 0
393 0
394 0
395 0
396 0
397 0
398 0
399 0
4 0
40 0
400 0
401 0
402 0
403 0
404 0
405 0
406 0
407 0
408 0
409 0
41 0
410 0
411 0
412 0
413 0
414 0
415 0
416 0
417 0
418 0
419 0
42 0
420 0
421 0
422 0
423 0
424 0
425 0
426 0
427 0
428 0
429 0
43 0
430 0
431 0
432 0
433 0
434 0
435 0
436 0
437 0
438 0
439 0
44 0
440 0
441 0
442 0
443 0
444 0
445 0
446 0
447 0
448 0
449 0
45 0
450 0
451 0
452 0
453 0
454 0
455 0
456 0
457 0
458 0
459 0
46 0
460 0
461 0
462 0
463 0
464 0
465 0
466 0
467 0
468 0
469 0
47 0
470 0
471 0
472 0
473 0
48 0
49 0
5 0
50 0
51 0
52 0
53 0
54 0
55 0
56 0
57 0
58 0
59 0
6 0
60 0
61 0
62 0
63 0
64 0
65 0
66 0
67 0
68 0
69 0
7 0
70 0
71 0
72 0
73 0
74 0
75 0
76 0
77 0
78 0
79 0
8 0
80 0
81 0
82 0
83 0
84 0
85 0
86 0
87 0
88 0
89 0
9 0
90 0
91 0
92 0
93 0
94 0
95 0
96 0
97 0
98 0
99 0
0 0
1 0
10 0
100 0
101 0
102 0
103 0
104 0
105 0
106 0
107 0
108 0
109 0
11 0
110 0
111 0
112 0
113 0
114 0
115 0
116 0
117 0
118 0
119 0
12 0
120 0
121 0
122 0
123 0
124 0
125 0
126 0
127 0
128 0
129 0
13 0
130 0
131 0
132 0
133 0
134 0
135 0
136 0
137 0
138 0
139 0
14 0
140 0
141 0
142 0
143 0
144 0
145 0
146 0
147 0
148 0
149 0
15 0
150 0
151 0
152 0
153 0
154 0
155 0
156 0
157 0
158 0
159 0
16 0
160 0
161 0
162 0
163 0
164 0
165 0
166 0
167 0
168 0
169 0
17 0
170 0
171 0
172 0
173 0
174 0
175 0
176 0
177 0
178 0
179 0
18 0
180 0
181 0
182 0
183 0
184 0
185 0
186 0
187 0
188 0
189 0
19 0
190 0
191 0
192 0
193 0
194 0
195 0
196 0
197 0
198 0
199 0
2 0
20 0
200 0
201 0
202 0
203 0
204 0
205 0
206 0
207 0
208 0
209 0
21 0
210 0
211 0
212 0
213 0
214 0
215 0
216 0
217 0
218 0
219 0
22 0
220 0
221 0
222 0
223 0
224 0
225 0
226 0
227 0
228 0
229 0
23 0
230 0
231 0
232 0
233 0
234 0
235 0
236 0
237 0
238 0
239 0
24 0
240 0
241 0
242 0
243 0
244 0
245 0
246 0
247 0
248 0
249 0
25 0
250 0
251 0
252 0
253 0
254 0
255 0
256 0
257 0
258 0
259 0
26 0
260 0
261 0
262 0
263 0
264 0
265 0
266 0
267 0
268 0
269 0
27 0
270 0
271 0
272 0
273 0
274 0
275 0
276 0
277 0
278 0
279 0
28 0
280 0
281 0
282 0
283 0
284 0
285 0
286 0
287 0
288 0
289 0
29 0
290 0
291 0
292 0
293 0
294 0
295 0
296 0
297 0
298 0
299 0
3 0
30 0
300 0
301 0
302 0
303 0
304 0
305 0
306 0
307 0
308 0
309 0
31 0
310 0
311 0
312 0
313 0
314 0
315 0
316 0
317 0
318 0
319 0
32 0
320 0
321 0
322 0
323 0
324 0
325 0
326 0
327 0
328 0
329 0
33 0
330 0
331 0
332 0
333 0
334 0
335 0
336 0
337 0
338 0
339 0
34 0
340 0
341 0
342 0
343 0
344 0
345 0
346 0
347 0
348 0
349 0
35 0
350 0
351 0
352 0
353 0
354 0
355 0
356 0
357 0
358 0
359 0
36 0
360 0
361 0
362 0
363 0
364 0
365 0
366 0
367 0
368 0
369 0
37 0
370 0
371 0
372 0
373 0
374 0
375 0
376 0
377 0
378 0
379 0
38 0
380 0
381 0
382 0
383 0
384 0
385 0
386 0
387 0
388 0
389 0
39 0
390 0
391 0
392 0
393 0
394 0
395 0
396 0
397 0
398 0
399 0
4 0
40 0
400 0
401 0
402 0
403 0
404 0
405 0
406 0
407 0
408 0
409 0
41 0
410 0
411 0
412 0
413 0
414 0
415 0
416 0
417 0
418 0
419 0
42 0
420 0
421 0
422 0
423 0
424 0
425 0
426 0
427 0
428 0
429 0
43 0
430 0
431 0
432 0
433 0
434 0
435 0
436 0
437 0
438 0
439 0
44 0
440 0
441 0
442 0
443 0
444 0
445 0
446 0
447 0
448 0
449 0
45 0
450 0
451 0
452 0
453 0
454 0
455 0
456 0
457 0
458 0
459 0
46 0
460 0
461 0
462 0
463 0
464 0
465 0
466 0
467 0
468 0
469 0
47 0
470 0
471 0
472 0
473 0
48 0
49 0
5 0
50 0
51 0
52 0
53 0
54 0
55 0
56 0
57 0
58 0
59 0
6 0
60 0
61 0
62 0
63 0
64 0
65 0
66 0
67 0
68 0
69 0
7 0
70 0
71 0
72 0
73 0
74 0
75 0
76 0
77 0
78 0
79 0
8 0
80 0
81 0
82 0
83 0
84 0
85 0
86 0
87 0
88 0
89 0
9 0
90 0
91 0
92 0
93 0
94 0
95 0
96 0
97 0
98 0
99 0
0 0
1 0
10 0
100 0
101 0
102 0
103 0
104 0
105 0
106 0
107 0
108 0
109 0
11 0
110 0
111 0
112 0
113 0
114 0
115 0
116 0
117 0
118 0
119 0
12 0
120 0
121 0
122 0
123 0
124 0
125 0
126 0
127 0
128 0
129 0
13 0
130 0
131 0
132 0
133 0
134 0
135 0
136 0
137 0
138 0
139 0
14 0
140 0
141 0
142 0
143 0
144 0
145 0
146 0
147 0
148 0
149 0
15 0
150 0
151 0
152 0
153 0
154 0
155 0
156 0
157 0
158 0
159 0
16 0
160 0
161 0
162 0
163 0
164 0
165 0
166 0
167 0
168 0
169 0
17 0
170 0
171 0
172 0
173 0
174 0
175 0
176 0
177 0
178 0
179 0
18 0
180 0
181 0
182 0
183 0
184 0
185 0
186 0
187 0
188 0
189 0
19 0
190 0
191 0
192 0
193 0
194 0
195 0
196 0
197 0
198 0
199 0
2 0
20 0
200 0
201 0
202 0
203 0
204 0
205 0
206 0
207 0
208 0
209 0
21 0
210 0
211 0
212 0
213 0
214 0
215 0
216 0
217 0
218 0
219 0
22 0
220 0
221 0
222 0
223 0
224 0
225 0
226 0
227 0
228 0
229 0
23 0
230 0
231 0
232 0
233 0
234 0
235 0
236 0
237 0
238 0
239 0
24 0
240 0
241 0
242 0
243 0
244 0
245 0
246 0
247 0
248 0
249 0
25 0
250 0
251 0
252 0
253 0
254 0
255 0
256 0
257 0
258 0
259 0
26 0
260 0
261 0
262 0
263 0
264 0
265 0
266 0
267 0
268 0
269 0
27 0
270 0
271 0
272 0
273 0
274 0
275 0
276 0
277 0
278 0
279 0
28 0
280 0
281 0
282 0
283 0
284 0
285 0
286 0
287 0
288 0
289 0
29 0
290 0
291 0
292 0
293 0
294 0
295 0
296 0
297 0
298 0
299 0
3 0
30 0
300 0
301 0
302 0
303 0
304 0
305 0
306 0
307 0
308 0
309 0
31 0
310 0
311 0
312 0
313 0
314 0
315 0
316 0
317 0
318 0
319 0
32 0
320 0
321 0
322 0
323 0
324 0
325 0
326 0
327 0
328 0
329 0
33 0
330 0
331 0
332 0
333 0
334 0
335 0
336 0
337 0
338 0
339 0
34 0
340 0
341 0
342 0
343 0
344 0
345 0
346 0
347 0
348 0
349 0
35 0
350 0
351 0
352 0
353 0
354 0
355 0
356 0
357 0
358 0
359 0
36 0
360 0
361 0
362 0
363 0
364 0
365 0
366 0
367 0
368 0
369 0
37 0
370 0
371 0
372 0
373 0
374 0
375 0
376 0
377 0
378 0
379 0
38 0
380 0
381 0
382 0
383 0
384 0
385 0
386 0
387 0
388 0
389 0
39 0
390 0
391 0
392 0
393 0
394 0
395 0
396 0
397 0
398 0
399 0
4 0
40 0
400 0
401 0
402 0
403 0
404 0
405 0
406 0
407 0
408 0
409 0
41 0
410 0
411 0
412 0
413 0
414 0
415 0
416 0
417 0
418 0
419 0
42 0
420 0
421 0
422 0
423 0
424 0
425 0
426 0
427 0
428 0
429 0
43 0
430 0
431 0
432 0
433 0
434 0
435 0
436 0
437 0
438 0
439 0
44 0
440 0
441 0
442 0
443 0
444 0
445 0
446 0
447 0
448 0
449 0
45 0
450 0
451 0
452 0
453 0
454 0
455 0
456 0
457 0
458 0
459 0
46 0
460 0
461 0
462 0
463 0
464 0
465 0
466 0
467 0
468 0
469 0
47 0
470 0
471 0
472 0
473 0
48 0
49 0
5 0
50 0
51 0
52 0
53 0
54 0
55 0
56 0
57 0
58 0
59 0
6 0
60 0
61 0
62 0
63 0
64 0
65 0
66 0
67 0
68 0
69 0
7 0
70 0
71 0
72 0
73 0
74 0
75 0
76 0
77 0
78 0
79 0
8 0
80 0
81 0
82 0
83 0
84 0
85 0
86 0
87 0
88 0
89 0
9 0
90 0
91 0
92 0
93 0
94 0
95 0
96 0
97 0
98 0
99 0
0 0
1 0
10 0
100 0
101 0
102 0
103 0
104 0
105 0
106 0
107 0
108 0
109 0
11 0
110 0
111 0
112 0
113 0
114 0
115 0
116 0
117 0
118 0
119 0
12 0
120 0
121 0
122 0
123 0
124 0
125 0
126 0
127 0
128 0
129 0
13 0
130 0
131 0
132 0
133 0
134 0
135 0
136 0
137 0
138 0
139 0
14 0
140 0
141 0
142 0
143 0
144 0
145 0
146 0
147 0
148 0
149 0
15 0
150 0
151 0
152 0
153 0
154 0
155 0
156 0
157 0
158 0
159 0
16 0
160 0
161 0
162 0
163 0
164 0
165 0
166 0
167 0
168 0
169 0
17 0
170 0
171 0
172 0
173 0
174 0
175 0
176 0
177 0
178 0
179 0
18 0
180 0
181 0
182 0
183 0
184 0
185 0
186 0
187 0
188 0
189 0
19 0
190 0
191 0
192 0
193 0
194 0
195 0
196 0
197 0
198 0
199 0
2 0
20 0
200 0
201 0
202 0
203 0
204 0
205 0
206 0
207 0
208 0
209 0
21 0
210 0
211 0
212 0
213 0
214 0
215 0
216 0
217 0
218 0
219 0
22 0
220 0
221 0
222 0
223 0
224 0
225 0
226 0
227 0
228 0
229 0
23 0
230 0
231 0
232 0
233 0
234 0
235 0
236 0
237 0
238 0
239 0
24 0
240 0
241 0
242 0
243 0
244 0
245 0
246 0
247 0
248 0
249 0
25 0
250 0
251 0
252 0
253 0
254 0
255 0
256 0
257 0
258 0
259 0
26 0
260 0
261 0
262 0
263 0
264 0
265 0
266 0
267 0
268 0
269 0
27 0
270 0
271 0
272 0
273 0
274 0
275 0
276 0
277 0
278 0
279 0
28 0
280 0
281 0
282 0
283 0
284 0
285 0
286 0
287 0
288 0
289 0
29 0
290 0
291 0
292 0
293 0
294 0
295 0
296 0
297 0
298 0
299 0
3 0
30 0
300 0
301 0
302 0
303 0
304 0
305 0
306 0
307 0
308 0
309 0
31 0
310 0
311 0
312 0
313 0
314 0
315 0
316 0
317 0
318 0
319 0
32 0
320 0
321 0
322 0
323 0
324 0
325 0
326 0
327 0
328 0
329 0
33 0
330 0
331 0
332 0
333 0
334 0
335 0
336 0
337 0
338 0
339 0
34 0
340 0
341 0
342 0
343 0
344 0
345 0
346 0
347 0
348 0
349 0
35 0
350 0
351 0
352 0
353 0
354 0
355 0
356 0
357 0
358 0
359 0
36 0
360 0
361 0
362 0
363 0
364 0
365 0
366 0
367 0
368 0
369 0
37 0
370 0
371 0
372 0
373 0
374 0
375 0
376 0
377 0
378 0
379 0
38 0
380 0
381 0
382 0
383 0
384 0
385 0
386 0
387 0
388 0
389 0
39 0
390 0
391 0
392 0
393 0
394 0
395 0
396 0
397 0
398 0
399 0
4 0
40 0
400 0
401 0
402 0
403 0
404 0
405 0
406 0
407 0
408 0
409 0
41 0
410 0
411 0
412 0
413 0
414 0
415 0
416 0
417 0
418 0
419 0
42 0
420 0
421 0
422 0
423 0
424 0
425 0
426 0
427 0
428 0
429 0
43 0
430 0
431 0
432 0
433 0
434 0
435 0
436 0
437 0
438 0
439 0
44 0
440 0
441 0
442 0
443 0
444 0
445 0
446 0
447 0
448 0
449 0
45 0
450 0
451 0
452 0
453 0
454 0
455 0
456 0
457 0
458 0
459 0
46 0
460 0
461 0
462 0
463 0
464 0
465 0
466 0
467 0
468 0
469 0
47 0
470 0
471 0
472 0
473 0
474 0
475 0
476 0
477 0
478 0
479 0
48 0
480 0
481 0
482 0
483 0
484 0
485 0
486 0
487 0
488 0
489 0
49 0
490 0
491 0
5 0
50 0
51 0
52 0
53 0
54 0
55 0
56 0
57 0
58 0
59 0
6 0
60 0
61 0
62 0
63 0
64 0
65 0
66 0
67 0
68 0
69 0
7 0
70 0
71 0
72 0
73 0
74 0
75 0
76 0
77 0
78 0
79 0
8 0
80 0
81 0
82 0
83 0
84 0
85 0
86 0
87 0
88 0
89 0
9 0
90 0
91 0
92 0
93 0
94 0
95 0
96 0
97 0
98 0
99 0
0 0
1 0
10 0
100 0
101 0
102 0
103 0
104 0
105 0
106 0
107 0
108 0
109 0
11 0
110 0
111 0
112 0
113 0
114 0
115 0
116 0
117 0
118 0
119 0
12 0
120 0
121 0
122 0
123 0
124 0
125 0
126 0
127 0
128 0
129 0
13 0
130 0
131 0
132 0
133 0
134 0
135 0
136 0
137 0
138 0
139 0
14 0
140 0
141 0
142 0
143 0
144 0
145 0
146 0
147 0
148 0
149 0
15 0
150 0
151 0
152 0
153 0
154 0
155 0
156 0
157 0
158 0
159 0
16 0
160 0
161 0
162 0
163 0
164 0
165 0
166 0
167 0
168 0
169 0
17 0
170 0
171 0
172 0
173 0
174 0
175 0
176 0
177 0
178 0
179 0
18 0
180 0
181 0
182 0
183 0
184 0
185 0
186 0
187 0
188 0
189 0
19 0
190 0
191 0
192 0
193 0
194 0
195 0
196 0
197 0
198 0
199 0
2 0
20 0
200 0
201 0
202 0
203 0
204 0
205 0
206 0
207 0
208 0
209 0
21 0
210 0
211 0
212 0
213 0
214 0
215 0
216 0
217 0
218 0
219 0
22 0
220 0
221 0
222 0
223 0
224 0
225 0
226 0
227 0
228 0
229 0
23 0
230 0
231 0
232 0
233 0
234 0
235 0
236 0
237 0
238 0
239 0
24 0
240 0
241 0
242 0
243 0
244 0
245 0
246 0
247 0
248 0
249 0
25 0
250 0
251 0
252 0
253 0
254 0
255 0
256 0
257 0
258 0
259 0
26 0
260 0
261 0
262 0
263 0
264 0
265 0
266 0
267 0
268 0
269 0
27 0
270 0
271 0
272 0
273 0
274 0
275 0
276 0
277 0
278 0
279 0
28 0
280 0
281 0
282 0
283 0
284 0
285 0
286 0
287 0
288 0
289 0
29 0
290 0
291 0
292 0
293 0
294 0
295 0
296 0
297 0
298 0
299 0
3 0
30 0
300 0
301 0
302 0
303 0
304 0
305 0
306 0
307 0
308 0
309 0
31 0
310 0
311 0
312 0
313 0
314 0
315 0
316 0
317 0
318 0
319 0
32 0
320 0
321 0
322 0
323 0
324 0
325 0
326 0
327 0
328 0
329 0
33 0
330 0
331 0
332 0
333 0
334 0
335 0
336 0
337 0
338 0
339 0
34 0
340 0
341 0
342 0
343 0
344 0
345 0
346 0
347 0
348 0
349 0
35 0
350 0
351 0
352 0
353 0
354 0
355 0
356 0
357 0
358 0
359 0
36 0
360 0
361 0
362 0
363 0
364 0
365 0
366 0
367 0
368 0
369 0
37 0
370 0
371 0
372 0
373 0
374 0
375 0
376 0
377 0
378 0
379 0
38 0
380 0
381 0
382 0
383 0
384 0
385 0
386 0
387 0
388 0
389 0
39 0
390 0
391 0
392 0
393 0
394 0
395 0
396 0
397 0
398 0
399 0
4 0
40 0
400 0
401 0
402 0
403 0
404 0
405 0
406 0
407 0
408 0
409 0
41 0
410 0
411 0
412 0
413 0
414 0
415 0
416 0
417 0
418 0
419 0
42 0
420 0
421 0
422 0
423 0
424 0
425 0
426 0
427 0
428 0
429 0
43 0
430 0
431 0
432 0
433 0
434 0
435 0
436 0
437 0
438 0
439 0
44 0
440 0
441 0
442 0
443 0
444 0
445 0
446 0
447 0
448 0
449 0
45 0
450 0
451 0
452 0
453 0
454 0
455 0
456 0
457 0
458 0
459 0
46 0
460 0
461 0
462 0
463 0
464 0
465 0
466 0
467 0
468 0
469 0
47 0
470 0
471 0
48 0
49 0
5 0
50 0
51 0
52 0
53 0
54 0
55 0
56 0
57 0
58 0
59 0
6 0
60 0
61 0
62 0
63 0
64 0
65 0
66 0
67 0
68 0
69 0
7 0
70 0
71 0
72 0
73 0
74 0
75 0
76 0
77 0
78 0
79 0
8 0
80 0
81 0
82 0
83 0
84 0
85 0
86 0
87 0
88 0
89 0
9 0
90 0
91 0
92 0
93 0
94 0
95 0
96 0
97 0
98 0
99 0
105 0
106 0
110 0
111 0
113 0
114 0
136 0
137 0
148 0
149 0
173 0
174 0
18 0
19 0
194 0
195 0
200 0
201 0
209 0
210 0
217 0
218 0
223 0
224 0
230 0
231 0
262 0
263 0
264 0
265 0
289 0
290 0
3 0
308 0
309 0
313 0
314 0
322 0
323 0
333 0
334 0
341 0
342 0
346 0
347 0
358 0
359 0
379 0
380 0
393 0
394 0
396 0
397 0
4 0
405 0
406 0
41 0
410 0
411 0
42 0
421 0
422 0
426 0
427 0
432 0
433 0
458 0
459 0
463 0
464 0
476 0
477 0
481 0
482 0
49 0
492 0
493 0
50 0
507 0
508 0
511 0
512 0
516 0
517 0
524 0
525 0
551 0
552 0
553 0
554 0
560 0
561 0
564 0
565 0
570 0
571 0
597 0
598 0
612 0
613 0
623 0
624 0
63 0
630 0
631 0
633 0
634 0
64 0
642 0
643 0
644 0
645 0
649 0
650 0
657 0
658 0
666 0
667 0
670 0
671 0
672 0
673 0
691 0
692 0
697 0
698 0
70 0
703 0
704 0
71 0
95 0
96 0
105 467
106 52
110 1
111 466
113 465
114 466
136 462
137 464
148 463
149 456
173 463
174 42
18 416
19 488
194 460
195 460
200 34
201 460
209 456
210 460
217 0
218 456
223 1
224 459
230 3
231 458
262 445
263 454
264 0
265 454
289 452
290 422
3 10
308 0
309 450
313 5
314 450
322 0
323 22
333 422
334 448
341 61
342 448
346 448
347 448
358 46
359 448
379 0
380 448
393 1
394 444
396 446
397 446
4 494
405 1
406 443
41 483
410 443
411 443
42 93
421 0
422 435
426 163
427 443
432 218
433 443
458 3
459 443
463 443
464 443
476 441
477 42
481 2
482 441
49 481
492 7
493 440
50 481
507 0
508 437
511 10
512 438
516 146
517 414
524 436
525 6
551 8
552 436
553 0
554 434
560 436
561 436
564 396
565 436
570 0
571 64
597 0
598 50
612 0
613 354
623 434
624 412
63 0
630 10
631 434
633 0
634 434
64 19
642 377
643 433
644 433
645 433
649 221
650 399
657 432
658 432
666 54
667 431
670 431
671 431
672 429
673 431
691 10
692 431
697 419
698 427
70 477
703 431
704 406
71 174
95 473
96 152
109 999
11 641
110 15
111 925
112 999
114 1
115 999
12 13
120 0
121 13
126 0
127 999
13 102
130 55
131 999
14 999
142 873
143 999
149 27
15 999
150 999
16 999
162 999
163 999
164 12
165 999
167 999
168 865
174 193
175 999
177 999
178 149
184 0
185 0
200 999
201 999
213 998
214 989
216 1
217 999
239 183
240 999
242 994
243 999
249 3
250 999
266 992
267 999
270 963
271 999
278 924
279 999
281 900
282 999
295 978
296 999
299 0
300 999
311 992
312 999
314 1
315 999
318 951
319 999
336 990
337 993
341 999
342 997
347 0
348 0
356 147
357 999
363 0
364 13
367 937
368 999
373 999
374 938
384 999
385 999
395 905
396 999
400 999
401 999
412 2
413 999
415 999
416 999
422 0
423 356
437 0
438 93
440 2
441 999
453 999
454 999
46 999
463 999
464 999
466 15
467 999
47 102
482 0
483 10
484 7
485 999
490 901
491 999
505 1
506 999
518 883
519 15
536 0
537 999
539 167
540 999
545 3
546 999
548 993
549 997
565 1
566 999
569 999
570 11
574 1
575 999
580 125
581 999
587 0
588 989
593 879
594 921
605 503
606 999
629 1
630 999
638 0
639 999
68 0
69 991
77 999
78 999
81 881
82 999
83 25
84 999
86 999
87 999
89 182
90 999
109 999
11 641
110 15
111 925
112 999
114 1
115 999
12 13
120 0
121 13
126 0
127 999
13 102
130 55
131 999
14 999
142 873
143 999
149 27
15 999
150 999
16 999
162 999
163 999
164 12
165 999
167 999
168 865
174 193
175 999
177 999
178 149
184 0
185 0
200 999
201 999
213 998
214 989
216 1
217 999
239 183
240 999
242 994
243 999
249 3
250 999
266 992
267 999
270 963
271 999
278 924
279 999
281 900
282 999
295 978
296 999
299 0
300 999
311 992
312 999
314 1
315 999
318 951
319 999
336 990
337 993
341 999
342 997
347 0
348 0
356 147
357 999
363 0
364 13
367 937
368 999
373 999
374 938
384 999
385 999
395 905
396 999
400 999
401 999
412 2
413 999
415 999
416 999
422 0
423 356
437 0
438 93
440 2
441 999
453 999
454 999
46 999
463 999
464 999
466 15
467 999
47 102
482 0
483 10
484 7
485 999
490 901
491 999
505 1
506 999
518 883
519 15
536 0
537 999
539 167
540 999
545 3
546 999
548 993
549 997
565 1
566 999
569 999
570 11
574 1
575 999
580 125
581 999
587 0
588 989
593 879
594 921
605 503
606 999
629 1
630 999
638 0
639 999
68 0
69 991
77 999
78 999
81 881
82 999
83 25
84 999
86 999
87 999
89 182
90 999
102 959
103 789
107 2
108 984
109 1
110 983
126 976
127 891
134 983
135 0
143 3
144 983
17 992
171 979
172 983
18 991
202 10
203 982
208 0
209 982
21 0
215 3
216 982
22 990
221 0
222 981
223 31
224 982
226 868
227 875
230 716
231 982
238 0
239 982
242 13
243 982
245 613
246 982
249 2
250 982
256 2
257 982
271 981
272 979
276 0
277 981
280 981
281 981
294 976
295 980
30 3
31 987
314 49
315 978
321 27
322 978
334 978
335 195
337 911
338 978
343 976
344 323
349 0
350 976
357 0
358 976
366 5
367 975
386 0
387 974
388 523
389 974
392 973
393 973
40 0
401 96
402 973
409 0
41 985
410 6
412 595
413 973
418 0
419 969
420 973
421 973
437 973
438 973
444 0
445 973
463 0
464 972
469 182
470 973
477 33
478 973
479 125
480 973
482 0
483 973
488 3
489 973
492 942
493 973
51 172
510 790
511 973
517 971
518 973
519 94
52 985
520 973
521 25
522 973
531 0
532 28
534 900
535 973
539 776
540 969
548 212
549 972
551 972
552 6
571 924
572 972
577 972
578 3
582 2
583 971
585 8
586 971
591 960
592 631
596 971
597 970
605 970
606 951
607 22
608 970
610 412
611 970
620 970
621 970
66 984
67 984
68 976
69 984
109 999
11 641
110 15
111 925
112 999
114 1
115 999
12 13
120 0
121 13
126 0
127 999
13 102
130 55
131 999
14 999
142 873
143 999
149 27
15 999
150 999
16 999
162 999
163 999
164 12
165 999
167 999
168 865
174 193
175 999
177 999
178 149
184 0
185 0
200 999
201 999
213 998
214 989
216 1
217 999
239 183
240 999
242 994
243 999
249 3
250 999
266 992
267 999
270 963
271 999
278 924
279 999
281 900
282 999
295 978
296 999
299 0
300 999
311 992
312 999
314 1
315 999
318 951
319 999
336 990
337 993
341 999
342 997
347 0
348 0
356 147
357 999
363 0
364 13
367 937
368 999
373 999
374 938
384 999
385 999
395 905
396 999
400 999
401 999
412 2
413 999
415 999
416 999
422 0
423 356
437 0
438 93
440 2
441 999
453 999
454 999
46 999
463 999
464 999
466 15
467 999
47 102
482 0
483 10
484 7
485 999
490 901
491 999
505 1
506 999
518 883
519 15
536 0
537 999
539 167
540 999
545 3
546 999
548 993
549 997
565 1
566 999
569 999
570 11
574 1
575 999
580 125
581 999
587 0
588 989
593 879
594 921
605 503
606 999
629 1
630 999
638 0
639 999
68 0
69 991
77 999
78 999
81 881
82 999
83 25
84 999
86 999
87 999
89 182
90 999
10 988
108 992
109 972
11 999
126 218
127 999
128 0
129 997
134 443
135 999
139 992
140 999
157 16
158 999
18 0
186 0
187 999
19 992
207 0
208 999
214 1
215 999
216 0
217 999
219 999
220 19
235 998
236 999
247 0
248 0
279 922
280 999
326 2
327 999
351 0
352 953
409 0
410 998
421 999
422 999
423 860
424 999
435 0
436 0
444 0
445 998
453 0
454 999
480 999
481 16
485 0
486 999
493 19
494 999
503 0
504 993
506 999
507 998
527 999
528 1
530 5
531 999
535 952
536 999
546 148
547 999
548 936
549 999
638 0
639 10
640 0
641 999
661 953
662 202
663 148
664 999
665 999
666 999
673 673
674 953
695 135
696 999
7 999
713 999
714 996
79 0
8 985
80 999
81 19
82 999
100 138
101 499
103 499
104 499
108 499
109 499
11 0
117 0
118 499
12 499
122 499
123 499
124 499
125 499
130 223
131 499
133 28
134 499
139 496
140 499
141 64
142 499
15 499
150 499
151 499
153 499
154 499
155 499
156 499
159 499
16 499
160 499
161 89
162 499
165 499
166 499
169 69
170 499
174 499
175 499
178 34
179 499
18 499
183 499
184 499
187 499
188 499
189 49
19 12
190 499
191 491
192 499
193 499
194 499
196 88
197 499
198 448
199 499
200 499
201 499
202 491
203 499
206 499
207 499
209 106
21 499
210 499
212 499
213 495
215 0
216 499
219 499
22 499
220 499
221 469
222 499
226 499
227 499
228 495
229 499
230 499
231 499
235 499
236 499
237 496
238 499
243 499
244 499
246 499
247 499
248 34
249 499
252 499
253 499
254 4
255 499
258 499
259 499
262 499
263 499
272 499
273 499
275 499
276 499
281 499
282 499
285 499
286 499
289 499
29 498
290 499
291 499
292 499
293 499
294 499
295 499
296 499
297 499
298 499
30 89
303 499
304 499
305 499
306 499
307 182
308 499
31 499
311 499
312 499
315 0
316 499
317 499
318 499
32 499
320 15
321 499
322 8
323 499
324 499
325 499
33 498
331 499
332 499
333 495
334 499
335 182
336 499
337 499
338 499
339 499
34 499
340 499
342 498
343 499
346 499
347 499
349 499
350 499
352 499
353 499
356 499
357 499
358 70
359 499
36 499
361 488
362 499
363 6
364 499
368 243
369 499
37 499
373 499
374 499
381 311
382 499
384 499
385 499
390 499
391 499
394 77
395 499
399 499
4 209
40 199
400 499
402 487
403 499
41 499
411 499
412 499
413 499
414 499
415 499
416 499
418 15
419 499
42 1
421 499
422 18
423 34
424 499
425 157
426 499
43 499
431 55
432 499
436 499
437 499
439 499
44 70
440 499
441 499
442 499
444 499
445 499
447 453
448 499
449 499
45 499
450 499
452 499
453 499
455 499
456 499
457 66
458 499
460 499
461 499
462 499
463 499
464 499
465 499
468 499
469 499
471 499
472 499
477 471
478 499
479 499
480 499
481 485
482 499
483 32
484 499
485 497
486 499
487 499
488 499
489 467
490 499
491 17
492 499
494 455
495 499
496 499
497 499
498 178
499 499
5 499
500 499
501 499
504 499
505 499
508 210
509 499
51 499
510 499
511 499
516 499
517 499
518 499
519 499
52 499
522 495
523 499
524 499
525 499
529 116
530 499
533 5
534 499
535 499
536 499
538 499
539 499
541 83
542 499
544 499
545 499
547 88
548 499
550 494
551 66
56 442
57 499
58 499
59 499
6 448
60 473
61 499
65 86
66 499
68 43
69 499
7 499
70 499
71 499
73 499
74 499
77 42
78 499
82 0
83 499
86 499
87 7
91 499
92 499
94 0
95 198
98 499
99 499
10 9999
100 9969
101 9999
102 42
103 9999
106 9999
107 9999
109 9955
11 9999
110 9999
111 91
112 9999
113 57
114 9999
115 9999
116 9999
117 9999
118 9999
119 9557
120 9999
121 9999
122 9999
123 0
124 9993
125 17
126 9999
128 9999
129 9999
130 209
131 9999
132 9999
133 9999
134 54
135 9999
136 9999
137 9999
138 6107
139 9999
14 8538
143 1377
144 9999
145 31
146 9999
147 7423
148 9999
15 9999
150 8474
151 9999
153 9999
154 9999
156 9999
157 9953
158 6240
159 9999
16 6428
160 9999
161 9999
162 9999
163 9999
164 1443
165 9999
166 9726
167 9999
17 9999
170 852
171 9999
174 9999
175 9999
176 9982
177 9999
178 9999
179 9999
180 9999
181 9999
183 9143
184 9999
188 14
189 9999
191 1
192 9999
193 9999
194 9999
195 1042
196 9999
197 9992
198 9999
199 9990
200 9999
201 1038
202 9999
203 9999
204 9999
206 9129
207 9999
210 9999
211 9999
212 9717
213 9999
214 9999
215 9999
216 9999
217 9999
22 8888
220 9990
221 9999
222 9999
223 9999
226 9999
227 9999
228 9999
229 9999
23 9999
231 2929
232 9999
234 9999
235 9551
24 9992
240 1129
241 9999
242 9997
243 9999
245 8062
246 9999
25 9999
251 9999
252 0
253 967
254 9999
256 9999
257 9999
262 6632
263 9999
264 9999
265 9999
266 9999
267 9999
268 9999
269 9999
27 9679
272 9999
273 9999
275 9999
276 9999
277 9999
278 9999
279 6051
28 9999
280 9999
281 9999
282 9999
284 12
285 9992
286 9999
287 9999
29 1377
290 895
291 9999
292 9999
293 9999
294 9999
295 9999
297 9999
298 9999
30 9999
305 9999
306 9999
308 9999
309 9999
310 9954
311 9999
312 0
313 9999
314 9999
315 9999
317 8420
318 9999
319 6803
32 31
320 9999
323 9999
324 9999
325 786
326 9999
328 9757
329 9999
33 9999
331 12
332 9999
333 9999
334 9999
335 9967
336 9999
337 9999
338 9999
339 9795
34 700
340 9999
348 9169
349 9999
35 9999
350 9999
351 9999
352 838
353 9999
354 9999
355 9999
356 9999
357 9999
358 9529
359 9999
36 9999
360 187
361 9999
362 9999
363 9999
364 9046
365 9999
366 9999
367 9999
37 9999
372 5007
373 9999
374 4642
375 9999
376 9999
377 9999
378 253
379 9999
38 858
381 9999
382 9999
384 9999
385 9999
387 6635
388 9999
389 29
39 9999
390 9996
391 5032
392 9999
393 8802
394 9999
395 9913
396 9999
397 9925
398 9999
404 9921
405 9999
406 8096
407 9999
409 710
410 9999
411 9999
412 9999
414 9892
415 9999
416 9981
417 9999
418 9999
419 9999
421 8
422 9994
423 1
424 9999
425 39
426 9999
427 14
428 9999
430 9999
431 9999
434 46
435 9999
436 9999
437 9999
438 9982
439 9999
440 9999
441 9999
442 9999
443 9999
444 6255
445 9999
45 9999
452 109
453 9999
455 9999
456 9999
46 9999
461 5
462 9999
463 9999
464 9999
468 13
469 9999
47 6309
470 9999
471 9999
472 9
473 9995
474 778
475 9999
477 9517
478 9999
48 9999
480 9971
481 9999
482 161
483 9999
486 9986
487 9999
488 6791
489 9999
49 9999
490 9999
491 9999
493 9998
494 9999
496 9998
497 9999
498 51
499 9999
5 65
50 9999
53 3574
54 9999
56 9999
57 9999
59 3
6 9999
60 9999
61 9946
62 9999
65 37
66 9999
67 9999
68 9999
69 159
70 9999
73 15
74 9999
75 9999
76 9999
79 9999
80 9999
82 151
83 9999
86 9999
87 9999
92 9999
93 9986
94 9994
95 9999
96 9910
97 9999
98 9973
99 9999
10 9999
100 9969
101 9999
102 42
103 9999
106 9999
107 9999
109 9955
11 9999
110 9999
111 91
112 9999
113 57
114 9999
115 9999
116 9999
117 9999
118 9999
119 9557
120 9999
121 9999
122 9999
123 0
124 9993
125 17
126 9999
128 9999
129 9999
130 209
131 9999
132 9999
133 9999
134 54
135 9999
136 9999
137 9999
138 6107
139 9999
14 8538
143 1377
144 9999
145 31
146 9999
147 7423
148 9999
15 9999
150 8474
151 9999
153 9999
154 9999
156 9999
157 9953
158 6240
159 9999
16 6428
160 9999
161 9999
162 9999
163 9999
164 1443
165 9999
166 9726
167 9999
17 9999
170 852
171 9999
174 9999
175 9999
176 9982
177 9999
178 9999
179 9999
180 9999
181 9999
183 9143
184 9999
188 14
189 9999
191 1
192 9999
193 9999
194 9999
195 1042
196 9999
197 9992
198 9999
199 9990
200 9999
201 1038
202 9999
203 9999
204 9999
206 9129
207 9999
210 9999
211 9999
212 9717
213 9999
214 9999
215 9999
216 9999
217 9999
22 8888
220 9990
221 9999
222 9999
223 9999
226 9999
227 9999
228 9999
229 9999
23 9999
231 2929
232 9999
234 9999
235 9551
24 9992
240 1129
241 9999
242 9997
243 9999
245 8062
246 9999
25 9999
251 9999
252 0
253 967
254 9999
256 9999
257 9999
262 6632
263 9999
264 9999
265 9999
266 9999
267 9999
268 9999
269 9999
27 9679
272 9999
273 9999
275 9999
276 9999
277 9999
278 9999
279 6051
28 9999
280 9999
281 9999
282 9999
284 12
285 9992
286 9999
287 9999
29 1377
290 895
291 9999
292 9999
293 9999
294 9999
295 9999
297 9999
298 9999
30 9999
305 9999
306 9999
308 9999
309 9999
310 9954
311 9999
312 0
313 9999
314 9999
315 9999
317 8420
318 9999
319 6803
32 31
320 9999
323 9999
324 9999
325 786
326 9999
328 9757
329 9999
33 9999
331 12
332 9999
333 9999
334 9999
335 9967
336 9999
337 9999
338 9999
339 9795
34 700
340 9999
348 9169
349 9999
35 9999
350 9999
351 9999
352 838
353 9999
354 9999
355 9999
356 9999
357 9999
358 9529
359 9999
36 9999
360 187
361 9999
362 9999
363 9999
364 9046
365 9999
366 9999
367 9999
37 9999
372 5007
373 9999
374 4642
375 9999
376 9999
377 9999
378 253
379 9999
38 858
381 9999
382 9999
384 9999
385 9999
387 6635
388 9999
389 29
39 9999
390 9996
391 5032
392 9999
393 8802
394 9999
395 9913
396 9999
397 9925
398 9999
404 9921
405 9999
406 8096
407 9999
409 710
410 9999
411 9999
412 9999
414 9892
415 9999
416 9981
417 9999
418 9999
419 9999
421 8
422 9994
423 1
424 9999
425 39
426 9999
427 14
428 9999
430 9999
431 9999
434 46
435 9999
436 9999
437 9999
438 9982
439 9999
440 9999
441 9999
442 9999
443 9999
444 6255
445 9999
45 9999
452 109
453 9999
455 9999
456 9999
46 9999
461 5
462 9999
463 9999
464 9999
468 13
469 9999
47 6309
470 9999
471 9999
472 9
473 9995
474 778
475 9999
477 9517
478 9999
48 9999
480 9971
481 9999
482 161
483 9999
486 9986
487 9999
488 6791
489 9999
49 9999
490 9999
491 9999
493 9998
494 9999
496 9998
497 9999
498 51
499 9999
5 65
50 9999
53 3574
54 9999
56 9999
57 9999
59 3
6 9999
60 9999
61 9946
62 9999
65 37
66 9999
67 9999
68 9999
69 159
70 9999
73 15
74 9999
75 9999
76 9999
79 9999
80 9999
82 151
83 9999
86 9999
87 9999
92 9999
93 9986
94 9994
95 9999
96 9910
97 9999
98 9973
99 9999
10 3
11 489
12 0
13 430
151 23
152 499
17 441
18 481
200 480
201 499
23 0
24 18
255 0
256 398
257 39
258 493
27 39
28 499
294 0
295 438
31 0
32 10
369 0
370 499
404 309
405 427
420 0
421 499
43 66
435 1
436 483
437 42
438 499
44 499
483 0
484 38
531 143
532 23
555 12
556 499
560 143
561 499
593 0
594 43
651 0
652 0
658 0
659 3
679 32
680 499
681 0
682 499
683 499
