10 9999
103 5
104 9999
110 9970
111 9996
112 0
113 9997
117 7
118 9999
124 9674
125 9999
131 114
132 9999
137 92
138 9999
14 0
148 9996
149 9999
15 9999
150 0
151 9999
153 9999
154 9996
159 9999
160 9999
167 843
168 9999
169 1180
170 9999
18 6491
181 0
182 9999
185 9969
186 9999
188 9999
189 9967
19 9999
196 1172
197 9999
200 0
201 9999
202 58
203 9999
206 972
207 0
212 0
213 9999
222 607
223 9999
227 0
228 9576
233 9999
234 9979
245 6
246 9999
248 0
249 9972
25 5
250 6
251 9999
26 9999
262 0
263 9435
271 0
272 9999
277 47
278 9999
28 7
282 9
283 9999
287 0
288 0
29 9999
291 0
292 9999
293 0
294 9974
299 9601
300 9969
308 9999
309 9912
311 6
312 9999
313 0
314 9999
318 9
319 9999
320 84
321 9999
327 5
328 9999
331 0
332 9996
334 3
335 9999
336 88
337 9999
342 0
343 9999
347 0
348 9999
358 9
359 9999
365 9440
366 9999
373 43
374 9999
375 6
376 9999
380 9999
381 9999
387 0
388 9999
389 1335
390 9999
395 58
396 9999
40 0
404 0
405 9999
406 3
407 9999
409 9995
41 9997
410 9999
414 790
415 9999
416 9997
417 9999
419 9977
420 9999
421 9995
422 9999
428 9999
429 9999
43 0
44 9995
440 1308
441 9999
444 0
445 9999
448 0
449 9434
454 0
455 9999
458 73
459 9999
461 6951
462 9999
466 58
467 9997
468 3
469 9999
475 0
476 9999
48 9999
49 7
490 92
491 9999
5 9997
50 0
503 9997
504 9999
51 9967
510 0
511 9999
514 0
515 9999
517 0
518 9999
519 4
520 9999
521 5
522 9999
528 0
529 0
536 0
537 9999
54 0
55 9999
556 48
557 9999
558 972
559 9999
560 0
561 9999
565 0
566 9999
568 9262
569 9999
570 846
571 9999
572 9625
573 9999
574 40
575 9999
581 0
582 9440
585 9440
586 9937
59 9997
590 7
591 9999
6 9999
60 9999
617 9940
618 9999
625 0
626 9643
631 0
632 9999
663 9998
664 9999
670 6400
671 9944
673 0
674 9997
682 0
683 9997
691 6
692 9999
695 114
696 9999
699 4
700 9999
701 5
702 9999
704 9966
705 9998
706 8817
707 9999
71 9971
713 68
714 9999
718 1112
719 9999
72 9993
720 4
721 9999
726 7
727 9997
728 407
729 9999
730 48
731 9999
734 1204
735 9999
742 6
743 9999
744 0
745 9999
748 43
749 9996
77 2
78 9999
79 95
80 9999
82 9674
83 9999
84 9999
85 9999
86 0
87 9622
88 711
89 9999
9 9995
92 0
93 9999
94 0
95 9999
96 0
97 9999
10 9999
103 5
104 9999
110 9970
111 9996
112 0
113 9997
117 7
118 9999
124 9674
125 9999
131 114
132 9999
137 92
138 9999
14 0
148 9996
149 9999
15 9999
150 0
151 9999
153 9999
154 9996
159 9999
160 9999
167 843
168 9999
169 1180
170 9999
18 6491
181 0
182 9999
185 9969
186 9999
188 9999
189 9967
19 9999
196 1172
197 9999
200 0
201 9999
202 58
203 9999
206 972
207 0
212 0
213 9999
222 607
223 9999
227 0
228 9576
233 9999
234 9979
245 6
246 9999
248 0
249 9972
25 5
250 6
251 9999
26 9999
262 0
263 9435
271 0
272 9999
277 47
278 9999
28 7
282 9
283 9999
287 0
288 0
29 9999
291 0
292 9999
293 0
294 9974
299 9601
300 9969
308 9999
309 9912
311 6
312 9999
313 0
314 9999
318 9
319 9999
320 84
321 9999
327 5
328 9999
331 0
332 9996
334 3
335 9999
336 88
337 9999
342 0
343 9999
347 0
348 9999
358 9
359 9999
365 9440
366 9999
373 43
374 9999
375 6
376 9999
380 9999
381 9999
387 0
388 9999
389 1335
390 9999
395 58
396 9999
40 0
404 0
405 9999
406 3
407 9999
409 9995
41 9997
410 9999
414 790
415 9999
416 9997
417 9999
419 9977
420 9999
421 9995
422 9999
428 9999
429 9999
43 0
44 9995
440 1308
441 9999
444 0
445 9999
448 0
449 9434
454 0
455 9999
458 73
459 9999
461 6951
462 9999
466 58
467 9997
468 3
469 9999
475 0
476 9999
48 9999
49 7
490 92
491 9999
5 9997
50 0
503 9997
504 9999
51 9967
510 0
511 9999
514 0
515 9999
517 0
518 9999
519 4
520 9999
521 5
522 9999
528 0
529 0
536 0
537 9999
54 0
55 9999
556 48
557 9999
558 972
559 9999
560 0
561 9999
565 0
566 9999
568 9262
569 9999
570 846
571 9999
572 9625
573 9999
574 40
575 9999
581 0
582 9440
585 9440
586 9937
59 9997
590 7
591 9999
6 9999
60 9999
617 9940
618 9999
625 0
626 9643
631 0
632 9999
663 9998
664 9999
670 6400
671 9944
673 0
674 9997
682 0
683 9997
691 6
692 9999
695 114
696 9999
699 4
700 9999
701 5
702 9999
704 9966
705 9998
706 8817
707 9999
71 9971
713 68
714 9999
718 1112
719 9999
72 9993
720 4
721 9999
726 7
727 9997
728 407
729 9999
730 48
731 9999
734 1204
735 9999
742 6
743 9999
744 0
745 9999
748 43
749 9996
77 2
78 9999
79 95
80 9999
82 9674
83 9999
84 9999
85 9999
86 0
87 9622
88 711
89 9999
9 9995
92 0
93 9999
94 0
95 9999
96 0
97 9999
0 0
1 0
10 0
100 0
101 0
102 0
103 0
104 0
105 0
106 0
107 0
108 0
109 0
11 0
110 0
111 0
112 0
113 0
114 0
115 0
116 0
117 0
118 0
119 0
12 0
120 0
121 0
122 0
123 0
124 0
125 0
126 0
127 0
128 0
129 0
13 0
130 0
131 0
132 0
133 0
134 0
135 0
136 0
137 0
138 0
139 0
14 0
140 0
141 0
142 0
143 0
144 0
145 0
146 0
147 0
148 0
149 0
15 0
150 0
151 0
152 0
153 0
154 0
155 0
156 0
157 0
158 0
159 0
16 0
160 0
161 0
162 0
163 0
164 0
165 0
166 0
167 0
168 0
169 0
17 0
170 0
171 0
172 0
173 0
174 0
175 0
176 0
177 0
178 0
179 0
18 0
180 0
181 0
182 0
183 0
184 0
185 0
186 0
187 0
188 0
189 0
19 0
190 0
191 0
192 0
193 0
194 0
195 0
196 0
197 0
198 0
199 0
2 0
20 0
200 0
201 0
202 0
203 0
204 0
205 0
206 0
207 0
208 0
209 0
21 0
210 0
211 0
212 0
213 0
214 0
215 0
216 0
217 0
218 0
219 0
22 0
220 0
221 0
222 0
223 0
224 0
225 0
226 0
227 0
228 0
229 0
23 0
230 0
231 0
232 0
233 0
234 0
235 0
236 0
237 0
238 0
239 0
24 0
240 0
241 0
242 0
243 0
244 0
245 0
246 0
247 0
248 0
249 0
25 0
250 0
251 0
252 0
253 0
254 0
255 0
256 0
257 0
258 0
259 0
26 0
260 0
261 0
262 0
263 0
264 0
265 0
266 0
267 0
268 0
269 0
27 0
270 0
271 0
272 0
273 0
274 0
275 0
276 0
277 0
278 0
279 0
28 0
280 0
281 0
282 0
283 0
284 0
285 0
286 0
287 0
288 0
289 0
29 0
290 0
291 0
292 0
293 0
294 0
295 0
296 0
297 0
298 0
299 0
3 0
30 0
300 0
301 0
302 0
303 0
304 0
305 0
306 0
307 0
308 0
309 0
31 0
310 0
311 0
312 0
313 0
314 0
315 0
316 0
317 0
318 0
319 0
32 0
320 0
321 0
322 0
323 0
324 0
325 0
326 0
327 0
328 0
329 0
33 0
330 0
331 0
332 0
333 0
334 0
335 0
336 0
337 0
338 0
339 0
34 0
340 0
341 0
342 0
343 0
344 0
345 0
346 0
347 0
348 0
349 0
35 0
350 0
351 0
352 0
353 0
354 0
355 0
356 0
357 0
358 0
359 0
36 0
360 0
361 0
362 0
363 0
364 0
365 0
366 0
367 0
368 0
369 0
37 0
370 0
371 0
372 0
373 0
374 0
375 0
376 0
377 0
378 0
379 0
38 0
380 0
381 0
382 0
383 0
384 0
385 0
386 0
387 0
388 0
389 0
39 0
390 0
391 0
392 0
393 0
394 0
395 0
396 0
397 0
398 0
399 0
4 0
40 0
400 0
401 0
402 0
403 0
404 0
405 0
406 0
407 0
408 0
409 0
41 0
410 0
411 0
412 0
413 0
414 0
415 0
416 0
417 0
418 0
419 0
42 0
420 0
421 0
422 0
423 0
424 0
425 0
426 0
427 0
428 0
429 0
43 0
430 0
431 0
432 0
433 0
434 0
435 0
436 0
437 0
438 0
439 0
44 0
440 0
441 0
442 0
443 0
444 0
445 0
446 0
447 0
448 0
449 0
45 0
450 0
451 0
452 0
453 0
454 0
455 0
456 0
457 0
458 0
459 0
46 0
460 0
461 0
462 0
463 0
464 0
465 0
466 0
467 0
468 0
469 0
47 0
470 0
471 0
472 0
473 0
474 0
475 0
476 0
477 0
478 0
479 0
48 0
480 0
481 0
482 0
483 0
484 0
485 0
486 0
487 0
488 0
489 0
49 0
490 0
491 0
492 0
493 0
494 0
495 0
496 0
497 0
498 0
499 0
5 0
50 0
500 0
501 0
502 0
503 0
504 0
505 0
506 0
507 0
508 0
509 0
51 0
510 0
511 0
512 0
513 0
514 0
515 0
516 0
517 0
518 0
519 0
52 0
520 0
521 0
522 0
523 0
524 0
525 0
526 0
527 0
528 0
529 0
53 0
530 0
531 0
532 0
533 0
534 0
535 0
536 0
537 0
538 0
539 0
54 0
540 0
541 0
542 0
543 0
544 0
545 0
546 0
547 0
548 0
549 0
55 0
550 0
551 0
552 0
553 0
554 0
555 0
556 0
557 0
558 0
559 0
56 0
560 0
561 0
562 0
563 0
564 0
565 0
566 0
567 0
568 0
569 0
57 0
570 0
571 0
572 0
573 0
574 0
575 0
576 0
577 0
578 0
579 0
58 0
580 0
581 0
582 0
583 0
584 0
585 0
586 0
587 0
588 0
589 0
59 0
590 0
591 0
592 0
593 0
594 0
595 0
596 0
597 0
598 0
599 0
6 0
60 0
600 0
601 0
602 0
603 0
604 0
605 0
606 0
607 0
608 0
609 0
61 0
610 0
611 0
612 0
613 0
614 0
615 0
616 0
617 0
618 0
619 0
62 0
620 0
621 0
622 0
623 0
624 0
625 0
626 0
627 0
628 0
629 0
63 0
630 0
631 0
632 0
633 0
634 0
635 0
636 0
637 0
638 0
639 0
64 0
640 0
641 0
642 0
643 0
644 0
645 0
646 0
647 0
648 0
649 0
65 0
650 0
651 0
652 0
653 0
654 0
655 0
656 0
657 0
658 0
659 0
66 0
660 0
661 0
662 0
663 0
664 0
665 0
666 0
667 0
668 0
669 0
67 0
670 0
671 0
672 0
673 0
68 0
69 0
7 0
70 0
71 0
72 0
73 0
74 0
75 0
76 0
77 0
78 0
79 0
8 0
80 0
81 0
82 0
83 0
84 0
85 0
86 0
87 0
88 0
89 0
9 0
90 0
91 0
92 0
93 0
94 0
95 0
96 0
97 0
98 0
99 0
0 0
1 0
10 0
100 0
101 0
102 0
103 0
104 0
105 0
106 0
107 0
108 0
109 0
11 0
110 0
111 0
112 0
113 0
114 0
115 0
116 0
117 0
118 0
119 0
12 0
120 0
121 0
122 0
123 0
124 0
125 0
126 0
127 0
128 0
129 0
13 0
130 0
131 0
132 0
133 0
134 0
135 0
136 0
137 0
138 0
139 0
14 0
140 0
141 0
142 0
143 0
144 0
145 0
146 0
147 0
148 0
149 0
15 0
150 0
151 0
152 0
153 0
154 0
155 0
156 0
157 0
158 0
159 0
16 0
160 0
161 0
162 0
163 0
164 0
165 0
166 0
167 0
168 0
169 0
17 0
170 0
171 0
172 0
173 0
174 0
175 0
176 0
177 0
178 0
179 0
18 0
180 0
181 0
182 0
183 0
184 0
185 0
186 0
187 0
188 0
189 0
19 0
190 0
191 0
192 0
193 0
194 0
195 0
196 0
197 0
198 0
199 0
2 0
20 0
200 0
201 0
202 0
203 0
204 0
205 0
206 0
207 0
208 0
209 0
21 0
210 0
211 0
212 0
213 0
214 0
215 0
216 0
217 0
218 0
219 0
22 0
220 0
221 0
222 0
223 0
224 0
225 0
226 0
227 0
228 0
229 0
23 0
230 0
231 0
232 0
233 0
234 0
235 0
236 0
237 0
238 0
239 0
24 0
240 0
241 0
242 0
243 0
244 0
245 0
246 0
247 0
248 0
249 0
25 0
250 0
251 0
252 0
253 0
254 0
255 0
256 0
257 0
258 0
259 0
26 0
260 0
261 0
262 0
263 0
264 0
265 0
266 0
267 0
268 0
269 0
27 0
270 0
271 0
272 0
273 0
274 0
275 0
276 0
277 0
278 0
279 0
28 0
280 0
281 0
282 0
283 0
284 0
285 0
286 0
287 0
288 0
289 0
29 0
290 0
291 0
292 0
293 0
294 0
295 0
296 0
297 0
298 0
299 0
3 0
30 0
300 0
301 0
302 0
303 0
304 0
305 0
306 0
307 0
308 0
309 0
31 0
310 0
311 0
312 0
313 0
314 0
315 0
316 0
317 0
318 0
319 0
32 0
320 0
321 0
322 0
323 0
324 0
325 0
326 0
327 0
328 0
329 0
33 0
330 0
331 0
332 0
333 0
334 0
335 0
336 0
337 0
338 0
339 0
34 0
340 0
341 0
342 0
343 0
344 0
345 0
346 0
347 0
348 0
349 0
35 0
350 0
351 0
352 0
353 0
354 0
355 0
356 0
357 0
358 0
359 0
36 0
360 0
361 0
362 0
363 0
364 0
365 0
366 0
367 0
368 0
369 0
37 0
370 0
371 0
372 0
373 0
374 0
375 0
376 0
377 0
378 0
379 0
38 0
380 0
381 0
382 0
383 0
384 0
385 0
386 0
387 0
388 0
389 0
39 0
390 0
391 0
392 0
393 0
394 0
395 0
396 0
397 0
398 0
399 0
4 0
40 0
400 0
401 0
402 0
403 0
404 0
405 0
406 0
407 0
408 0
409 0
41 0
410 0
411 0
412 0
413 0
414 0
415 0
416 0
417 0
418 0
419 0
42 0
420 0
421 0
422 0
423 0
424 0
425 0
426 0
427 0
428 0
429 0
43 0
430 0
431 0
432 0
433 0
434 0
435 0
436 0
437 0
438 0
439 0
44 0
440 0
441 0
442 0
443 0
444 0
445 0
446 0
447 0
448 0
449 0
45 0
450 0
451 0
452 0
453 0
454 0
455 0
456 0
457 0
458 0
459 0
46 0
460 0
461 0
462 0
463 0
464 0
465 0
466 0
467 0
468 0
469 0
47 0
470 0
471 0
472 0
473 0
474 0
475 0
476 0
477 0
478 0
479 0
48 0
480 0
481 0
482 0
483 0
484 0
485 0
486 0
487 0
488 0
489 0
49 0
490 0
491 0
492 0
493 0
494 0
495 0
496 0
497 0
498 0
499 0
5 0
50 0
500 0
501 0
502 0
503 0
504 0
505 0
506 0
507 0
508 0
509 0
51 0
510 0
511 0
512 0
513 0
514 0
515 0
516 0
517 0
518 0
519 0
52 0
520 0
521 0
522 0
523 0
524 0
525 0
526 0
527 0
528 0
529 0
53 0
530 0
531 0
532 0
533 0
534 0
535 0
536 0
537 0
538 0
539 0
54 0
540 0
541 0
542 0
543 0
544 0
545 0
546 0
547 0
548 0
549 0
55 0
550 0
551 0
552 0
553 0
554 0
555 0
556 0
557 0
558 0
559 0
56 0
560 0
561 0
562 0
563 0
564 0
565 0
566 0
567 0
568 0
569 0
57 0
570 0
571 0
572 0
573 0
574 0
575 0
576 0
577 0
578 0
579 0
58 0
580 0
581 0
582 0
583 0
584 0
585 0
586 0
587 0
588 0
589 0
59 0
590 0
591 0
592 0
593 0
594 0
595 0
596 0
597 0
598 0
599 0
6 0
60 0
600 0
601 0
602 0
603 0
604 0
605 0
606 0
607 0
608 0
609 0
61 0
610 0
611 0
612 0
613 0
614 0
615 0
616 0
617 0
618 0
619 0
62 0
620 0
621 0
622 0
623 0
624 0
625 0
626 0
627 0
628 0
629 0
63 0
630 0
631 0
632 0
633 0
634 0
635 0
636 0
637 0
638 0
639 0
64 0
640 0
641 0
642 0
643 0
644 0
645 0
646 0
647 0
648 0
649 0
65 0
650 0
651 0
652 0
653 0
654 0
655 0
656 0
657 0
658 0
659 0
66 0
660 0
661 0
662 0
663 0
664 0
665 0
666 0
667 0
668 0
669 0
67 0
670 0
671 0
672 0
673 0
68 0
69 0
7 0
70 0
71 0
72 0
73 0
74 0
75 0
76 0
77 0
78 0
79 0
8 0
80 0
81 0
82 0
83 0
84 0
85 0
86 0
87 0
88 0
89 0
9 0
90 0
91 0
92 0
93 0
94 0
95 0
96 0
97 0
98 0
99 0
0 0
1 0
10 0
100 0
101 0
102 0
103 0
104 0
105 0
106 0
107 0
108 0
109 0
11 0
110 0
111 0
112 0
113 0
114 0
115 0
116 0
117 0
118 0
119 0
12 0
120 0
121 0
122 0
123 0
124 0
125 0
126 0
127 0
128 0
129 0
13 0
130 0
131 0
132 0
133 0
134 0
135 0
136 0
137 0
138 0
139 0
14 0
140 0
141 0
142 0
143 0
144 0
145 0
146 0
147 0
148 0
149 0
15 0
150 0
151 0
152 0
153 0
154 0
155 0
156 0
157 0
158 0
159 0
16 0
160 0
161 0
162 0
163 0
164 0
165 0
166 0
167 0
168 0
169 0
17 0
170 0
171 0
172 0
173 0
174 0
175 0
176 0
177 0
178 0
179 0
18 0
180 0
181 0
182 0
183 0
184 0
185 0
186 0
187 0
188 0
189 0
19 0
190 0
191 0
192 0
193 0
194 0
195 0
196 0
197 0
198 0
199 0
2 0
20 0
200 0
201 0
202 0
203 0
204 0
205 0
206 0
207 0
208 0
209 0
21 0
210 0
211 0
212 0
213 0
214 0
215 0
216 0
217 0
218 0
219 0
22 0
220 0
221 0
222 0
223 0
224 0
225 0
226 0
227 0
228 0
229 0
23 0
230 0
231 0
232 0
233 0
234 0
235 0
236 0
237 0
238 0
239 0
24 0
240 0
241 0
242 0
243 0
244 0
245 0
246 0
247 0
248 0
249 0
25 0
250 0
251 0
252 0
253 0
254 0
255 0
256 0
257 0
258 0
259 0
26 0
260 0
261 0
262 0
263 0
264 0
265 0
266 0
267 0
268 0
269 0
27 0
270 0
271 0
272 0
273 0
274 0
275 0
276 0
277 0
278 0
279 0
28 0
280 0
281 0
282 0
283 0
284 0
285 0
286 0
287 0
288 0
289 0
29 0
290 0
291 0
292 0
293 0
294 0
295 0
296 0
297 0
298 0
299 0
3 0
30 0
300 0
301 0
302 0
303 0
304 0
305 0
306 0
307 0
308 0
309 0
31 0
310 0
311 0
312 0
313 0
314 0
315 0
316 0
317 0
318 0
319 0
32 0
320 0
321 0
322 0
323 0
324 0
325 0
326 0
327 0
328 0
329 0
33 0
330 0
331 0
332 0
333 0
334 0
335 0
336 0
337 0
338 0
339 0
34 0
340 0
341 0
342 0
343 0
344 0
345 0
346 0
347 0
348 0
349 0
35 0
350 0
351 0
352 0
353 0
354 0
355 0
356 0
357 0
358 0
359 0
36 0
360 0
361 0
362 0
363 0
364 0
365 0
366 0
367 0
368 0
369 0
37 0
370 0
371 0
372 0
373 0
374 0
375 0
376 0
377 0
378 0
379 0
38 0
380 0
381 0
382 0
383 0
384 0
385 0
386 0
387 0
388 0
389 0
39 0
390 0
391 0
392 0
393 0
394 0
395 0
396 0
397 0
398 0
399 0
4 0
40 0
400 0
401 0
402 0
403 0
404 0
405 0
406 0
407 0
408 0
409 0
41 0
410 0
411 0
412 0
413 0
414 0
415 0
416 0
417 0
418 0
419 0
42 0
420 0
421 0
422 0
423 0
424 0
425 0
426 0
427 0
428 0
429 0
43 0
430 0
431 0
432 0
433 0
434 0
435 0
436 0
437 0
438 0
439 0
44 0
440 0
441 0
442 0
443 0
444 0
445 0
446 0
447 0
448 0
449 0
45 0
450 0
451 0
452 0
453 0
454 0
455 0
456 0
457 0
458 0
459 0
46 0
460 0
461 0
462 0
463 0
464 0
465 0
466 0
467 0
468 0
469 0
47 0
470 0
471 0
472 0
473 0
474 0
475 0
476 0
477 0
478 0
479 0
48 0
480 0
481 0
482 0
483 0
484 0
485 0
486 0
487 0
488 0
489 0
49 0
490 0
491 0
492 0
493 0
494 0
495 0
496 0
497 0
498 0
499 0
5 0
50 0
500 0
501 0
502 0
503 0
504 0
505 0
506 0
507 0
508 0
509 0
51 0
510 0
511 0
512 0
513 0
514 0
515 0
516 0
517 0
518 0
519 0
52 0
520 0
521 0
522 0
523 0
524 0
525 0
526 0
527 0
528 0
529 0
53 0
530 0
531 0
532 0
533 0
534 0
535 0
536 0
537 0
538 0
539 0
54 0
540 0
541 0
542 0
543 0
544 0
545 0
546 0
547 0
548 0
549 0
55 0
550 0
551 0
552 0
553 0
554 0
555 0
556 0
557 0
558 0
559 0
56 0
560 0
561 0
562 0
563 0
564 0
565 0
566 0
567 0
568 0
569 0
57 0
570 0
571 0
572 0
573 0
574 0
575 0
576 0
577 0
578 0
579 0
58 0
580 0
581 0
582 0
583 0
584 0
585 0
586 0
587 0
588 0
589 0
59 0
590 0
591 0
592 0
593 0
594 0
595 0
596 0
597 0
598 0
599 0
6 0
60 0
600 0
601 0
602 0
603 0
604 0
605 0
606 0
607 0
608 0
609 0
61 0
610 0
611 0
612 0
613 0
614 0
615 0
616 0
617 0
618 0
619 0
62 0
620 0
621 0
622 0
623 0
624 0
625 0
626 0
627 0
628 0
629 0
63 0
630 0
631 0
632 0
633 0
634 0
635 0
636 0
637 0
638 0
639 0
64 0
640 0
641 0
642 0
643 0
644 0
645 0
646 0
647 0
648 0
649 0
65 0
650 0
651 0
652 0
653 0
654 0
655 0
656 0
657 0
658 0
659 0
66 0
660 0
661 0
662 0
663 0
664 0
665 0
666 0
667 0
668 0
669 0
67 0
670 0
671 0
672 0
673 0
68 0
69 0
7 0
70 0
71 0
72 0
73 0
74 0
75 0
76 0
77 0
78 0
79 0
8 0
80 0
81 0
82 0
83 0
84 0
85 0
86 0
87 0
88 0
89 0
9 0
90 0
91 0
92 0
93 0
94 0
95 0
96 0
97 0
98 0
99 0
0 0
1 0
10 0
100 0
101 0
102 0
103 0
104 0
105 0
106 0
107 0
108 0
109 0
11 0
110 0
111 0
112 0
113 0
114 0
115 0
116 0
117 0
118 0
119 0
12 0
120 0
121 0
122 0
123 0
124 0
125 0
126 0
127 0
128 0
129 0
13 0
130 0
131 0
132 0
133 0
134 0
135 0
136 0
137 0
138 0
139 0
14 0
140 0
141 0
142 0
143 0
144 0
145 0
146 0
147 0
148 0
149 0
15 0
150 0
151 0
152 0
153 0
154 0
155 0
156 0
157 0
158 0
159 0
16 0
160 0
161 0
162 0
163 0
164 0
165 0
166 0
167 0
168 0
169 0
17 0
170 0
171 0
172 0
173 0
174 0
175 0
176 0
177 0
178 0
179 0
18 0
180 0
181 0
182 0
183 0
184 0
185 0
186 0
187 0
188 0
189 0
19 0
190 0
191 0
192 0
193 0
194 0
195 0
196 0
197 0
198 0
199 0
2 0
20 0
200 0
201 0
202 0
203 0
204 0
205 0
206 0
207 0
208 0
209 0
21 0
210 0
211 0
212 0
213 0
214 0
215 0
216 0
217 0
218 0
219 0
22 0
220 0
221 0
222 0
223 0
224 0
225 0
226 0
227 0
228 0
229 0
23 0
230 0
231 0
232 0
233 0
234 0
235 0
236 0
237 0
238 0
239 0
24 0
240 0
241 0
242 0
243 0
244 0
245 0
246 0
247 0
248 0
249 0
25 0
250 0
251 0
252 0
253 0
254 0
255 0
256 0
257 0
258 0
259 0
26 0
260 0
261 0
262 0
263 0
264 0
265 0
266 0
267 0
268 0
269 0
27 0
270 0
271 0
272 0
273 0
274 0
275 0
276 0
277 0
278 0
279 0
28 0
280 0
281 0
282 0
283 0
284 0
285 0
286 0
287 0
288 0
289 0
29 0
290 0
291 0
292 0
293 0
294 0
295 0
296 0
297 0
298 0
299 0
3 0
30 0
300 0
301 0
302 0
303 0
304 0
305 0
306 0
307 0
308 0
309 0
31 0
310 0
311 0
312 0
313 0
314 0
315 0
316 0
317 0
318 0
319 0
32 0
320 0
321 0
322 0
323 0
324 0
325 0
326 0
327 0
328 0
329 0
33 0
330 0
331 0
332 0
333 0
334 0
335 0
336 0
337 0
338 0
339 0
34 0
340 0
341 0
342 0
343 0
344 0
345 0
346 0
347 0
348 0
349 0
35 0
350 0
351 0
352 0
353 0
354 0
355 0
356 0
357 0
358 0
359 0
36 0
360 0
361 0
362 0
363 0
364 0
365 0
366 0
367 0
368 0
369 0
37 0
370 0
371 0
372 0
373 0
374 0
375 0
376 0
377 0
378 0
379 0
38 0
380 0
381 0
382 0
383 0
384 0
385 0
386 0
387 0
388 0
389 0
39 0
390 0
391 0
392 0
393 0
394 0
395 0
396 0
397 0
398 0
399 0
4 0
40 0
400 0
401 0
402 0
403 0
404 0
405 0
406 0
407 0
408 0
409 0
41 0
410 0
411 0
412 0
413 0
414 0
415 0
416 0
417 0
418 0
419 0
42 0
420 0
421 0
422 0
423 0
424 0
425 0
426 0
427 0
428 0
429 0
43 0
430 0
431 0
432 0
433 0
434 0
435 0
436 0
437 0
438 0
439 0
44 0
440 0
441 0
442 0
443 0
444 0
445 0
446 0
447 0
448 0
449 0
45 0
450 0
451 0
452 0
453 0
454 0
455 0
456 0
457 0
458 0
459 0
46 0
460 0
461 0
462 0
463 0
464 0
465 0
466 0
467 0
468 0
469 0
47 0
470 0
471 0
472 0
473 0
474 0
475 0
476 0
477 0
478 0
479 0
48 0
480 0
481 0
482 0
483 0
484 0
485 0
486 0
487 0
488 0
489 0
49 0
490 0
491 0
492 0
493 0
494 0
495 0
496 0
497 0
498 0
499 0
5 0
50 0
500 0
501 0
502 0
503 0
504 0
505 0
506 0
507 0
508 0
509 0
51 0
510 0
511 0
512 0
513 0
514 0
515 0
516 0
517 0
518 0
519 0
52 0
520 0
521 0
522 0
523 0
524 0
525 0
526 0
527 0
528 0
529 0
53 0
530 0
531 0
532 0
533 0
534 0
535 0
536 0
537 0
538 0
539 0
54 0
540 0
541 0
542 0
543 0
544 0
545 0
546 0
547 0
548 0
549 0
55 0
550 0
551 0
552 0
553 0
554 0
555 0
556 0
557 0
558 0
559 0
56 0
560 0
561 0
562 0
563 0
564 0
565 0
566 0
567 0
568 0
569 0
57 0
570 0
571 0
572 0
573 0
574 0
575 0
576 0
577 0
578 0
579 0
58 0
580 0
581 0
582 0
583 0
584 0
585 0
586 0
587 0
588 0
589 0
59 0
590 0
591 0
592 0
593 0
594 0
595 0
596 0
597 0
598 0
599 0
6 0
60 0
600 0
601 0
602 0
603 0
604 0
605 0
606 0
607 0
608 0
609 0
61 0
610 0
611 0
612 0
613 0
614 0
615 0
616 0
617 0
618 0
619 0
62 0
620 0
621 0
622 0
623 0
624 0
625 0
626 0
627 0
628 0
629 0
63 0
630 0
631 0
632 0
633 0
634 0
635 0
636 0
637 0
638 0
639 0
64 0
640 0
641 0
642 0
643 0
644 0
645 0
646 0
647 0
648 0
649 0
65 0
650 0
651 0
652 0
653 0
654 0
655 0
656 0
657 0
658 0
659 0
66 0
660 0
661 0
662 0
663 0
664 0
665 0
666 0
667 0
668 0
669 0
67 0
670 0
671 0
672 0
673 0
674 0
675 0
676 0
677 0
678 0
679 0
68 0
680 0
681 0
682 0
683 0
684 0
685 0
686 0
687 0
688 0
689 0
69 0
690 0
691 0
692 0
693 0
694 0
695 0
696 0
697 0
698 0
699 0
7 0
70 0
700 0
701 0
702 0
703 0
71 0
72 0
73 0
74 0
75 0
76 0
77 0
78 0
79 0
8 0
80 0
81 0
82 0
83 0
84 0
85 0
86 0
87 0
88 0
89 0
9 0
90 0
91 0
92 0
93 0
94 0
95 0
96 0
97 0
98 0
99 0
0 0
1 0
10 0
100 0
101 0
102 0
103 0
104 0
105 0
106 0
107 0
108 0
109 0
11 0
110 0
111 0
112 0
113 0
114 0
115 0
116 0
117 0
118 0
119 0
12 0
120 0
121 0
122 0
123 0
124 0
125 0
126 0
127 0
128 0
129 0
13 0
130 0
131 0
132 0
133 0
134 0
135 0
136 0
137 0
138 0
139 0
14 0
140 0
141 0
142 0
143 0
144 0
145 0
146 0
147 0
148 0
149 0
15 0
150 0
151 0
152 0
153 0
154 0
155 0
156 0
157 0
158 0
159 0
16 0
160 0
161 0
162 0
163 0
164 0
165 0
166 0
167 0
168 0
169 0
17 0
170 0
171 0
172 0
173 0
174 0
175 0
176 0
177 0
178 0
179 0
18 0
180 0
181 0
182 0
183 0
184 0
185 0
186 0
187 0
188 0
189 0
19 0
190 0
191 0
192 0
193 0
194 0
195 0
196 0
197 0
198 0
199 0
2 0
20 0
200 0
201 0
202 0
203 0
204 0
205 0
206 0
207 0
208 0
209 0
21 0
210 0
211 0
212 0
213 0
214 0
215 0
216 0
217 0
218 0
219 0
22 0
220 0
221 0
222 0
223 0
224 0
225 0
226 0
227 0
228 0
229 0
23 0
230 0
231 0
232 0
233 0
234 0
235 0
236 0
237 0
238 0
239 0
24 0
240 0
241 0
242 0
243 0
244 0
245 0
246 0
247 0
248 0
249 0
25 0
250 0
251 0
252 0
253 0
254 0
255 0
256 0
257 0
258 0
259 0
26 0
260 0
261 0
262 0
263 0
264 0
265 0
266 0
267 0
268 0
269 0
27 0
270 0
271 0
272 0
273 0
274 0
275 0
276 0
277 0
278 0
279 0
28 0
280 0
281 0
282 0
283 0
284 0
285 0
286 0
287 0
288 0
289 0
29 0
290 0
291 0
292 0
293 0
294 0
295 0
296 0
297 0
298 0
299 0
3 0
30 0
300 0
301 0
302 0
303 0
304 0
305 0
306 0
307 0
308 0
309 0
31 0
310 0
311 0
312 0
313 0
314 0
315 0
316 0
317 0
318 0
319 0
32 0
320 0
321 0
322 0
323 0
324 0
325 0
326 0
327 0
328 0
329 0
33 0
330 0
331 0
332 0
333 0
334 0
335 0
336 0
337 0
338 0
339 0
34 0
340 0
341 0
342 0
343 0
344 0
345 0
346 0
347 0
348 0
349 0
35 0
350 0
351 0
352 0
353 0
354 0
355 0
356 0
357 0
358 0
359 0
36 0
360 0
361 0
362 0
363 0
364 0
365 0
366 0
367 0
368 0
369 0
37 0
370 0
371 0
372 0
373 0
374 0
375 0
376 0
377 0
378 0
379 0
38 0
380 0
381 0
382 0
383 0
384 0
385 0
386 0
387 0
388 0
389 0
39 0
390 0
391 0
392 0
393 0
394 0
395 0
396 0
397 0
398 0
399 0
4 0
40 0
400 0
401 0
402 0
403 0
404 0
405 0
406 0
407 0
408 0
409 0
41 0
410 0
411 0
412 0
413 0
414 0
415 0
416 0
417 0
418 0
419 0
42 0
420 0
421 0
422 0
423 0
424 0
425 0
426 0
427 0
428 0
429 0
43 0
430 0
431 0
432 0
433 0
434 0
435 0
436 0
437 0
438 0
439 0
44 0
440 0
441 0
442 0
443 0
444 0
445 0
446 0
447 0
448 0
449 0
45 0
450 0
451 0
452 0
453 0
454 0
455 0
456 0
457 0
458 0
459 0
46 0
460 0
461 0
462 0
463 0
464 0
465 0
466 0
467 0
468 0
469 0
47 0
470 0
471 0
472 0
473 0
474 0
475 0
476 0
477 0
478 0
479 0
48 0
480 0
481 0
482 0
483 0
484 0
485 0
486 0
487 0
488 0
489 0
49 0
490 0
491 0
492 0
493 0
494 0
495 0
496 0
497 0
498 0
499 0
5 0
50 0
500 0
501 0
502 0
503 0
504 0
505 0
506 0
507 0
508 0
509 0
51 0
510 0
511 0
512 0
513 0
514 0
515 0
516 0
517 0
518 0
519 0
52 0
520 0
521 0
522 0
523 0
524 0
525 0
526 0
527 0
528 0
529 0
53 0
530 0
531 0
532 0
533 0
534 0
535 0
536 0
537 0
538 0
539 0
54 0
540 0
541 0
542 0
543 0
544 0
545 0
546 0
547 0
548 0
549 0
55 0
550 0
551 0
552 0
553 0
554 0
555 0
556 0
557 0
558 0
559 0
56 0
560 0
561 0
562 0
563 0
564 0
565 0
566 0
567 0
568 0
569 0
57 0
570 0
571 0
572 0
573 0
574 0
575 0
576 0
577 0
578 0
579 0
58 0
580 0
581 0
582 0
583 0
584 0
585 0
586 0
587 0
588 0
589 0
59 0
590 0
591 0
592 0
593 0
594 0
595 0
596 0
597 0
598 0
599 0
6 0
60 0
600 0
601 0
602 0
603 0
604 0
605 0
606 0
607 0
608 0
609 0
61 0
610 0
611 0
612 0
613 0
614 0
615 0
616 0
617 0
618 0
619 0
62 0
620 0
621 0
622 0
623 0
624 0
625 0
626 0
627 0
628 0
629 0
63 0
630 0
631 0
632 0
633 0
634 0
635 0
636 0
637 0
638 0
639 0
64 0
640 0
641 0
642 0
643 0
644 0
645 0
646 0
647 0
648 0
649 0
65 0
650 0
651 0
652 0
653 0
654 0
655 0
656 0
657 0
658 0
659 0
66 0
660 0
661 0
662 0
663 0
664 0
665 0
666 0
667 0
668 0
669 0
67 0
670 0
671 0
672 0
673 0
674 0
675 0
676 0
677 0
678 0
679 0
68 0
680 0
681 0
682 0
683 0
684 0
685 0
686 0
687 0
688 0
689 0
69 0
690 0
691 0
692 0
693 0
7 0
70 0
71 0
72 0
73 0
74 0
75 0
76 0
77 0
78 0
79 0
8 0
80 0
81 0
82 0
83 0
84 0
85 0
86 0
87 0
88 0
89 0
9 0
90 0
91 0
92 0
93 0
94 0
95 0
96 0
97 0
98 0
99 0
100 0
111 0
112 0
115 0
116 0
117 0
118 0
119 0
120 0
123 0
124 0
126 0
127 0
128 0
129 0
133 0
134 0
138 0
139 0
145 0
146 0
15 0
16 0
162 0
163 0
165 0
166 0
168 0
169 0
176 0
177 0
18 0
180 0
181 0
189 0
19 0
190 0
197 0
198 0
199 0
2 0
200 0
212 0
213 0
218 0
219 0
221 0
222 0
224 0
225 0
227 0
228 0
230 0
231 0
232 0
233 0
234 0
235 0
236 0
237 0
253 0
254 0
258 0
259 0
260 0
261 0
263 0
264 0
265 0
266 0
272 0
273 0
28 0
282 0
283 0
287 0
288 0
29 0
295 0
296 0
297 0
298 0
3 0
300 0
301 0
310 0
311 0
312 0
313 0
315 0
316 0
320 0
321 0
322 0
323 0
324 0
325 0
336 0
337 0
352 0
353 0
364 0
365 0
372 0
373 0
380 0
381 0
383 0
384 0
392 0
393 0
394 0
395 0
409 0
41 0
410 0
414 0
415 0
42 0
427 0
428 0
430 0
431 0
433 0
434 0
439 0
440 0
441 0
442 0
444 0
445 0
448 0
449 0
450 0
451 0
458 0
459 0
462 0
463 0
465 0
466 0
475 0
476 0
478 0
479 0
487 0
488 0
490 0
491 0
498 0
499 0
5 0
50 0
500 0
501 0
504 0
505 0
506 0
507 0
508 0
509 0
51 0
524 0
525 0
53 0
54 0
543 0
544 0
545 0
546 0
548 0
549 0
552 0
553 0
556 0
557 0
559 0
560 0
567 0
568 0
569 0
57 0
570 0
573 0
574 0
58 0
581 0
582 0
590 0
591 0
592 0
593 0
595 0
596 0
6 0
602 0
603 0
606 0
607 0
609 0
61 0
610 0
612 0
613 0
615 0
616 0
62 0
621 0
622 0
626 0
627 0
628 0
629 0
636 0
637 0
638 0
639 0
64 0
640 0
641 0
642 0
643 0
645 0
646 0
65 0
650 0
651 0
664 0
665 0
667 0
668 0
676 0
677 0
679 0
680 0
683 0
684 0
688 0
689 0
690 0
691 0
697 0
698 0
700 0
701 0
708 0
709 0
716 0
717 0
719 0
720 0
726 0
727 0
73 0
731 0
732 0
74 0
744 0
745 0
748 0
749 0
75 0
750 0
751 0
756 0
757 0
76 0
80 0
81 0
87 0
88 0
89 0
90 0
99 0
100 469
111 468
112 468
115 468
116 468
117 189
118 467
119 2
120 467
123 2
124 465
126 464
127 405
128 4
129 464
133 297
134 463
138 463
139 463
145 229
146 462
15 487
16 487
162 462
163 462
165 461
166 461
168 378
169 459
176 460
177 8
18 432
180 9
181 460
189 459
19 487
190 459
197 459
198 458
199 178
2 495
200 459
212 0
213 1
218 455
219 458
221 458
222 458
224 212
225 457
227 0
228 450
230 451
231 457
232 453
233 457
234 457
235 456
236 5
237 456
253 1
254 455
258 0
259 452
260 58
261 455
263 455
264 455
265 421
266 455
272 321
273 9
28 487
282 294
283 0
287 451
288 156
29 486
295 0
296 451
297 451
298 451
3 495
300 451
301 9
310 446
311 449
312 13
313 449
315 449
316 449
320 0
321 120
322 36
323 448
324 12
325 448
336 443
337 438
352 447
353 447
364 0
365 0
372 446
373 446
380 45
381 446
383 446
384 445
392 446
393 445
394 418
395 445
409 12
41 374
410 443
414 385
415 424
42 483
427 0
428 59
430 445
431 103
433 348
434 445
439 0
440 267
441 29
442 445
444 445
445 54
448 445
449 445
450 14
451 445
458 4
459 445
462 20
463 445
465 441
466 445
475 36
476 445
478 445
479 445
487 0
488 445
490 406
491 437
498 390
499 130
5 346
50 0
500 184
501 444
504 444
505 444
506 150
507 444
508 444
509 444
51 96
524 393
525 444
53 482
54 481
543 165
544 444
545 0
546 444
548 5
549 444
552 416
553 389
556 0
557 2
559 439
560 31
567 2
568 443
569 85
57 2
570 443
573 443
574 443
58 476
581 6
582 443
590 370
591 443
592 1
593 443
595 443
596 421
6 489
602 15
603 441
606 400
607 409
609 258
61 112
610 25
612 167
613 14
615 0
616 441
62 479
621 237
622 104
626 23
627 441
628 26
629 441
636 441
637 396
638 0
639 441
64 479
640 13
641 441
642 0
643 437
645 440
646 378
65 479
650 41
651 441
664 0
665 441
667 14
668 441
676 9
677 441
679 441
680 441
683 389
684 441
688 441
689 440
690 0
691 440
697 440
698 125
700 434
701 440
708 0
709 94
716 439
717 377
719 77
720 438
726 0
727 438
73 3
731 20
732 438
74 475
744 0
745 437
748 26
749 438
75 35
750 156
751 438
756 425
757 438
76 475
80 473
81 15
87 472
88 472
89 464
90 472
99 282
10 3
100 39
101 999
102 29
103 999
107 987
108 999
109 999
11 999
110 999
114 999
115 15
116 925
117 999
118 18
119 999
12 10
120 1
121 999
124 999
125 999
126 10
127 999
129 4
13 999
130 999
131 20
132 999
135 0
136 999
139 105
140 999
145 0
146 999
147 999
148 999
15 102
153 943
154 999
156 997
157 999
16 999
161 999
162 999
164 14
165 999
17 999
170 0
171 1
173 999
174 999
175 27
176 999
177 0
178 999
18 999
180 999
181 991
184 426
185 999
187 999
188 999
189 0
190 999
192 999
193 13
194 17
195 999
196 192
197 999
198 172
199 999
209 999
210 998
211 998
212 999
214 535
215 999
217 999
218 999
220 999
221 999
226 2
227 999
229 0
230 999
233 999
234 999
236 1
237 999
245 958
246 999
247 999
248 999
254 999
255 999
257 999
258 999
259 926
26 0
260 999
261 20
262 999
264 526
265 995
269 6
27 28
270 999
273 994
274 998
275 11
276 999
277 947
278 999
279 3
280 999
281 0
282 999
283 999
284 999
289 466
290 999
291 2
292 999
294 999
295 467
297 992
298 581
301 991
302 999
304 988
305 999
307 999
308 171
31 999
313 0
314 999
315 0
316 999
319 995
32 999
320 999
321 1
322 999
323 912
324 999
326 14
327 999
330 847
331 999
335 6
336 999
339 993
340 999
342 955
343 999
345 999
346 999
347 981
348 999
364 999
365 999
369 11
370 999
371 0
372 999
375 0
376 999
377 999
378 999
38 2
380 995
381 999
39 999
390 998
391 999
397 0
398 999
4 114
400 18
401 999
404 961
405 999
41 1
415 999
416 999
418 999
419 999
42 999
420 0
421 999
423 989
424 711
425 999
426 999
428 999
429 999
430 905
431 999
434 999
435 999
436 999
437 999
444 999
445 999
451 999
452 999
453 0
454 999
455 999
456 999
457 998
458 999
465 9
466 999
469 999
470 999
475 999
476 999
479 912
480 999
482 2
483 999
487 8
488 999
49 999
490 8
491 999
492 76
493 999
496 140
497 999
498 176
499 999
5 999
50 992
503 997
504 997
507 999
508 999
511 999
512 999
513 0
514 999
515 999
516 999
522 3
523 999
524 0
525 999
527 999
528 999
530 999
531 999
534 12
535 999
536 0
537 999
538 3
539 999
54 882
542 990
543 999
546 999
547 999
548 0
549 998
55 867
552 181
553 999
555 999
556 999
558 10
559 999
562 999
563 991
565 0
566 999
568 243
569 999
572 999
573 15
576 999
577 999
578 198
579 999
580 999
581 999
588 995
589 997
592 24
593 999
594 0
595 999
597 167
598 999
601 23
602 999
604 932
605 999
606 998
607 999
612 1
613 999
615 17
616 999
618 999
619 3
623 999
624 999
625 989
626 999
629 140
630 999
631 27
632 999
634 915
635 999
637 999
638 999
640 999
641 999
642 918
643 999
644 611
645 999
646 999
647 999
648 999
649 999
651 998
652 999
654 986
655 999
657 999
658 989
663 942
664 921
665 930
666 999
668 1
669 999
67 999
674 999
675 999
677 140
678 999
68 1
684 999
685 999
687 999
688 18
69 999
691 1
692 999
693 991
694 999
695 1
696 999
698 987
699 999
70 999
701 990
702 999
705 988
706 999
709 999
710 999
711 999
712 999
714 991
715 999
718 999
719 999
720 174
721 999
74 0
75 999
76 20
77 999
78 18
79 999
8 999
80 30
81 999
82 1
83 999
84 999
85 999
87 999
88 999
89 120
9 922
90 999
93 932
94 999
96 9
97 999
10 3
100 39
101 999
102 29
103 999
107 987
108 999
109 999
11 999
110 999
114 999
115 15
116 925
117 999
118 18
119 999
12 10
120 1
121 999
124 999
125 999
126 10
127 999
129 4
13 999
130 999
131 20
132 999
135 0
136 999
139 105
140 999
145 0
146 999
147 999
148 999
15 102
153 943
154 999
156 997
157 999
16 999
161 999
162 999
164 14
165 999
17 999
170 0
171 1
173 999
174 999
175 27
176 999
177 0
178 999
18 999
180 999
181 991
184 426
185 999
187 999
188 999
189 0
190 999
192 999
193 13
194 17
195 999
196 192
197 999
198 172
199 999
209 999
210 998
211 998
212 999
214 535
215 999
217 999
218 999
220 999
221 999
226 2
227 999
229 0
230 999
233 999
234 999
236 1
237 999
245 958
246 999
247 999
248 999
254 999
255 999
257 999
258 999
259 926
26 0
260 999
261 20
262 999
264 526
265 995
269 6
27 28
270 999
273 994
274 998
275 11
276 999
277 947
278 999
279 3
280 999
281 0
282 999
283 999
284 999
289 466
290 999
291 2
292 999
294 999
295 467
297 992
298 581
301 991
302 999
304 988
305 999
307 999
308 171
31 999
313 0
314 999
315 0
316 999
319 995
32 999
320 999
321 1
322 999
323 912
324 999
326 14
327 999
330 847
331 999
335 6
336 999
339 993
340 999
342 955
343 999
345 999
346 999
347 981
348 999
364 999
365 999
369 11
370 999
371 0
372 999
375 0
376 999
377 999
378 999
38 2
380 995
381 999
39 999
390 998
391 999
397 0
398 999
4 114
400 18
401 999
404 961
405 999
41 1
415 999
416 999
418 999
419 999
42 999
420 0
421 999
423 989
424 711
425 999
426 999
428 999
429 999
430 905
431 999
434 999
435 999
436 999
437 999
444 999
445 999
451 999
452 999
453 0
454 999
455 999
456 999
457 998
458 999
465 9
466 999
469 999
470 999
475 999
476 999
479 912
480 999
482 2
483 999
487 8
488 999
49 999
490 8
491 999
492 76
493 999
496 140
497 999
498 176
499 999
5 999
50 992
503 997
504 997
507 999
508 999
511 999
512 999
513 0
514 999
515 999
516 999
522 3
523 999
524 0
525 999
527 999
528 999
530 999
531 999
534 12
535 999
536 0
537 999
538 3
539 999
54 882
542 990
543 999
546 999
547 999
548 0
549 998
55 867
552 181
553 999
555 999
556 999
558 10
559 999
562 999
563 991
565 0
566 999
568 243
569 999
572 999
573 15
576 999
577 999
578 198
579 999
580 999
581 999
588 995
589 997
592 24
593 999
594 0
595 999
597 167
598 999
601 23
602 999
604 932
605 999
606 998
607 999
612 1
613 999
615 17
616 999
618 999
619 3
623 999
624 999
625 989
626 999
629 140
630 999
631 27
632 999
634 915
635 999
637 999
638 999
640 999
641 999
642 918
643 999
644 611
645 999
646 999
647 999
648 999
649 999
651 998
652 999
654 986
655 999
657 999
658 989
663 942
664 921
665 930
666 999
668 1
669 999
67 999
674 999
675 999
677 140
678 999
68 1
684 999
685 999
687 999
688 18
69 999
691 1
692 999
693 991
694 999
695 1
696 999
698 987
699 999
70 999
701 990
702 999
705 988
706 999
709 999
710 999
711 999
712 999
714 991
715 999
718 999
719 999
720 174
721 999
74 0
75 999
76 20
77 999
78 18
79 999
8 999
80 30
81 999
82 1
83 999
84 999
85 999
87 999
88 999
89 120
9 922
90 999
93 932
94 999
96 9
97 999
101 14
102 984
103 0
104 984
108 983
109 975
11 947
112 214
113 983
114 316
115 983
116 1
117 983
118 983
119 982
12 994
123 978
124 979
125 4
126 979
128 326
129 979
13 994
130 0
131 979
132 10
133 979
134 3
135 979
14 993
140 979
141 979
144 0
145 500
151 22
152 979
153 34
154 979
166 0
167 978
168 927
169 978
172 961
173 978
174 18
175 978
176 7
177 978
18 0
180 641
181 978
183 3
184 978
189 0
19 988
190 978
192 0
193 978
194 974
195 978
20 0
204 0
205 977
207 977
208 615
21 979
211 977
212 977
214 977
215 4
216 6
217 977
219 976
22 960
220 976
223 962
224 976
225 964
226 976
23 991
231 120
232 976
235 965
236 956
237 2
238 975
24 13
243 975
244 975
245 975
246 975
247 0
248 975
25 991
250 975
251 973
252 974
253 974
254 974
255 974
256 865
257 974
271 0
272 974
275 0
276 974
278 782
279 974
28 417
289 974
29 991
290 974
292 974
293 957
296 974
297 974
303 846
304 1
309 973
310 973
311 957
312 972
316 967
317 972
319 972
32 690
320 971
322 971
323 972
325 972
326 972
33 991
334 425
335 972
336 4
337 972
338 24
339 972
34 0
341 972
342 972
346 970
347 972
348 972
349 972
35 991
350 880
351 972
353 1
354 972
355 26
356 972
358 18
359 972
360 185
361 972
363 972
364 972
366 965
367 972
368 0
369 972
371 346
372 972
373 886
374 972
375 972
376 971
377 35
378 971
379 598
38 978
380 971
381 6
382 971
383 797
384 971
385 966
386 971
389 0
39 991
390 970
391 11
392 971
395 36
396 971
399 555
40 591
400 970
404 970
405 970
41 991
413 0
414 944
416 962
417 970
419 970
420 970
428 921
429 970
43 991
431 970
432 970
433 178
434 970
435 3
436 970
44 532
440 970
441 970
442 878
443 970
445 969
446 969
447 1
448 969
449 9
450 969
451 957
452 969
453 18
454 969
457 8
458 969
46 3
460 968
461 968
465 0
466 966
467 883
468 967
47 990
471 957
472 17
473 967
474 967
475 865
476 967
478 2
479 967
48 29
480 967
481 967
483 967
484 967
489 967
49 990
490 967
491 967
492 967
494 7
495 967
5 103
506 864
507 967
509 967
51 0
510 967
516 967
517 967
518 81
519 967
52 990
520 967
521 967
522 942
523 967
534 55
535 967
537 967
538 963
542 967
543 871
545 967
546 530
548 967
549 926
552 967
553 456
554 967
555 967
567 0
568 966
572 39
573 966
574 13
575 966
577 966
578 966
579 343
580 966
581 892
582 966
584 803
585 966
588 966
589 0
59 2
593 966
594 965
595 2
596 965
6 995
60 988
600 958
601 964
602 381
603 964
608 10
609 964
61 2
611 964
612 964
614 964
615 964
619 889
62 988
620 964
621 894
622 963
623 19
624 963
626 0
627 963
628 149
629 963
63 47
630 383
631 963
632 20
633 963
634 170
635 963
638 963
639 6
64 988
641 963
642 963
647 963
648 963
649 871
65 2
650 963
652 923
653 963
654 24
655 963
656 942
657 963
66 988
660 5
661 963
662 140
663 963
665 897
666 963
667 963
668 963
669 963
67 8
670 963
672 963
673 931
68 987
683 0
684 963
685 963
686 963
691 960
692 963
694 963
695 666
7 991
70 645
700 963
701 963
702 341
703 963
706 963
707 963
708 108
709 963
71 987
72 987
73 987
74 987
75 987
76 36
77 986
8 995
82 984
83 986
88 986
89 983
90 984
91 984
93 984
94 823
96 984
97 983
10 3
100 39
101 999
102 29
103 999
107 987
108 999
109 999
11 999
110 999
114 999
115 15
116 925
117 999
118 18
119 999
12 10
120 1
121 999
124 999
125 999
126 10
127 999
129 4
13 999
130 999
131 20
132 999
135 0
136 999
139 105
140 999
145 0
146 999
147 999
148 999
15 102
153 943
154 999
156 997
157 999
16 999
161 999
162 999
164 14
165 999
17 999
170 0
171 1
173 999
174 999
175 27
176 999
177 0
178 999
18 999
180 999
181 991
184 426
185 999
187 999
188 999
189 0
190 999
192 999
193 13
194 17
195 999
196 192
197 999
198 172
199 999
209 999
210 998
211 998
212 999
214 535
215 999
217 999
218 999
220 999
221 999
226 2
227 999
229 0
230 999
233 999
234 999
236 1
237 999
245 958
246 999
247 999
248 999
254 999
255 999
257 999
258 999
259 926
26 0
260 999
261 20
262 999
264 526
265 995
269 6
27 28
270 999
273 994
274 998
275 11
276 999
277 947
278 999
279 3
280 999
281 0
282 999
283 999
284 999
289 466
290 999
291 2
292 999
294 999
295 467
297 992
298 581
301 991
302 999
304 988
305 999
307 999
308 171
31 999
313 0
314 999
315 0
316 999
319 995
32 999
320 999
321 1
322 999
323 912
324 999
326 14
327 999
330 847
331 999
335 6
336 999
339 993
340 999
342 955
343 999
345 999
346 999
347 981
348 999
364 999
365 999
369 11
370 999
371 0
372 999
375 0
376 999
377 999
378 999
38 2
380 995
381 999
39 999
390 998
391 999
397 0
398 999
4 114
400 18
401 999
404 961
405 999
41 1
415 999
416 999
418 999
419 999
42 999
420 0
421 999
423 989
424 711
425 999
426 999
428 999
429 999
430 905
431 999
434 999
435 999
436 999
437 999
444 999
445 999
451 999
452 999
453 0
454 999
455 999
456 999
457 998
458 999
465 9
466 999
469 999
470 999
475 999
476 999
479 912
480 999
482 2
483 999
487 8
488 999
49 999
490 8
491 999
492 76
493 999
496 140
497 999
498 176
499 999
5 999
50 992
503 997
504 997
507 999
508 999
511 999
512 999
513 0
514 999
515 999
516 999
522 3
523 999
524 0
525 999
527 999
528 999
530 999
531 999
534 12
535 999
536 0
537 999
538 3
539 999
54 882
542 990
543 999
546 999
547 999
548 0
549 998
55 867
552 181
553 999
555 999
556 999
558 10
559 999
562 999
563 991
565 0
566 999
568 243
569 999
572 999
573 15
576 999
577 999
578 198
579 999
580 999
581 999
588 995
589 997
592 24
593 999
594 0
595 999
597 167
598 999
601 23
602 999
604 932
605 999
606 998
607 999
612 1
613 999
615 17
616 999
618 999
619 3
623 999
624 999
625 989
626 999
629 140
630 999
631 27
632 999
634 915
635 999
637 999
638 999
640 999
641 999
642 918
643 999
644 611
645 999
646 999
647 999
648 999
649 999
651 998
652 999
654 986
655 999
657 999
658 989
663 942
664 921
665 930
666 999
668 1
669 999
67 999
674 999
675 999
677 140
678 999
68 1
684 999
685 999
687 999
688 18
69 999
691 1
692 999
693 991
694 999
695 1
696 999
698 987
699 999
70 999
701 990
702 999
705 988
706 999
709 999
710 999
711 999
712 999
714 991
715 999
718 999
719 999
720 174
721 999
74 0
75 999
76 20
77 999
78 18
79 999
8 999
80 30
81 999
82 1
83 999
84 999
85 999
87 999
88 999
89 120
9 922
90 999
93 932
94 999
96 9
97 999
10 988
107 0
108 999
109 184
11 999
110 999
114 918
115 999
121 992
122 972
13 999
133 953
134 0
137 111
138 999
14 997
140 218
141 999
142 0
143 997
147 0
148 999
15 19
153 992
154 999
155 17
156 999
16 999
172 16
173 999
18 148
181 2
182 999
183 99
184 999
188 949
189 999
19 999
199 0
200 29
201 1
202 999
206 0
207 999
21 0
210 999
211 67
213 28
214 999
219 25
22 992
220 999
224 0
225 998
229 126
230 999
232 999
233 922
237 7
238 999
24 1
242 999
243 19
25 999
253 998
254 999
256 999
257 997
259 998
260 999
261 796
262 999
267 999
268 0
27 219
272 0
273 75
279 0
28 999
280 999
282 0
283 998
285 998
286 999
288 989
289 4
30 10
306 922
307 999
309 219
31 999
310 992
32 0
33 999
334 856
335 992
35 0
353 2
354 999
36 949
366 0
367 997
37 4
378 0
379 953
38 999
386 0
387 953
39 216
40 999
406 1
407 999
41 943
415 998
416 6
42 999
425 1
426 999
438 0
439 998
444 13
445 999
446 19
447 999
449 3
450 999
453 999
454 999
455 860
456 999
46 0
465 29
466 999
467 0
468 993
47 998
472 996
473 191
477 0
478 998
48 174
480 999
481 999
487 0
488 999
489 2
49 999
490 999
504 567
505 999
507 998
508 691
509 985
510 999
515 997
516 558
518 990
519 999
521 987
522 998
525 0
526 999
533 997
534 999
536 2
537 995
543 0
544 993
546 999
547 998
548 0
549 999
552 3
553 999
554 402
555 999
562 0
563 999
569 999
57 999
570 998
571 1
572 999
574 5
575 999
578 899
579 999
58 1
580 3
581 999
582 0
583 998
586 2
587 999
588 992
589 999
591 148
592 999
593 936
594 999
598 1
599 999
607 4
608 998
619 3
620 999
621 992
622 999
629 15
630 999
635 19
636 999
641 0
642 999
644 992
645 999
656 0
657 993
663 14
664 999
665 148
666 999
673 11
674 999
676 0
677 999
683 3
684 998
687 148
688 999
693 0
694 147
695 23
696 999
697 10
698 999
699 0
7 999
700 999
718 4
719 999
72 4
721 953
722 951
723 993
724 999
726 999
727 999
73 999
734 673
735 953
74 146
740 851
741 999
748 3
749 999
75 999
757 135
758 999
767 0
768 992
775 999
776 999
778 999
779 999
8 985
81 2
82 999
88 12
89 999
91 993
92 999
1 264
10 499
100 499
101 499
102 499
103 456
104 499
105 297
106 499
108 499
109 203
112 0
113 499
114 499
115 499
116 499
117 499
118 155
119 499
120 460
121 499
122 498
123 499
126 499
127 499
128 499
129 499
13 0
131 498
132 499
133 499
134 499
137 499
138 499
139 499
14 499
140 499
142 499
143 499
145 499
146 499
15 7
150 499
151 499
152 499
153 499
154 20
155 499
157 499
158 499
159 499
16 499
160 499
162 495
163 499
165 499
166 499
167 496
168 499
169 499
17 0
170 499
174 499
175 499
176 499
177 499
178 34
179 499
18 499
180 499
181 499
182 37
183 499
187 223
188 499
189 449
19 499
190 499
191 28
192 499
197 496
198 499
199 64
2 499
20 499
200 499
207 499
208 499
21 281
210 499
211 499
213 499
214 499
215 499
216 499
217 6
218 499
219 499
22 499
220 499
221 499
222 499
226 499
227 499
228 456
229 499
23 497
230 499
231 499
233 499
234 499
236 24
237 499
238 67
239 499
24 499
240 499
241 499
244 499
245 499
249 499
250 499
251 499
252 499
254 499
255 488
257 499
258 499
259 495
26 499
260 499
261 491
262 499
263 499
264 499
265 87
266 499
267 88
268 499
269 497
27 499
270 499
271 499
272 499
273 491
274 499
275 499
276 499
279 499
28 499
280 499
282 499
283 499
285 499
286 499
288 470
289 499
29 499
290 494
291 499
295 499
296 499
297 469
298 499
30 70
300 499
301 499
302 459
303 499
304 66
305 499
306 499
307 499
308 495
309 499
31 499
310 499
311 499
315 499
316 499
317 499
318 499
32 23
320 499
321 499
325 499
326 499
328 499
329 499
33 499
330 134
331 499
334 499
335 499
336 4
337 499
340 499
341 499
342 197
343 499
345 499
346 499
35 499
350 498
351 499
352 182
353 499
354 488
355 499
356 145
357 499
358 495
359 499
36 499
360 499
361 499
362 461
363 499
364 422
365 499
367 15
368 499
369 499
370 499
373 499
374 499
375 26
376 499
378 499
379 499
38 45
382 499
383 499
384 499
385 499
386 79
387 499
388 499
389 499
39 499
390 499
391 499
392 488
393 499
396 499
397 499
398 499
399 499
40 486
400 217
401 499
402 499
403 499
404 499
405 499
406 499
407 499
408 14
409 499
41 499
411 499
412 499
414 499
415 499
416 297
417 499
418 499
419 499
420 188
421 499
422 15
423 499
424 492
425 499
426 499
427 499
428 499
429 499
430 499
431 499
432 482
433 499
435 482
436 499
437 71
438 499
439 499
44 499
440 499
441 495
442 499
443 182
444 499
445 499
446 499
447 499
448 499
449 191
45 499
450 499
451 498
452 499
455 499
456 499
457 498
458 499
46 498
460 499
461 499
462 23
463 499
464 499
465 499
467 499
468 499
47 499
470 499
471 499
472 70
473 499
474 210
475 499
476 95
477 499
478 6
479 499
480 493
481 499
482 189
483 499
485 499
486 499
487 24
488 499
49 499
491 499
492 499
497 459
498 499
5 209
50 499
500 311
501 499
503 499
504 499
505 233
506 499
509 499
510 499
511 499
512 499
513 59
514 499
516 456
517 499
52 177
520 499
521 499
522 103
523 499
525 499
526 499
528 487
529 499
53 499
532 490
533 499
535 483
536 497
539 499
54 461
540 499
541 499
542 499
543 499
544 499
546 15
547 499
549 499
55 499
550 499
552 496
553 499
554 499
555 499
557 492
558 49
559 28
56 1
560 499
563 55
564 499
567 499
568 499
569 499
57 499
570 499
571 499
572 499
573 499
574 499
575 499
576 499
577 499
578 499
579 68
58 70
580 499
581 43
582 499
583 499
584 499
585 499
586 499
587 480
588 499
589 499
59 499
590 499
591 486
592 499
594 499
595 499
596 499
597 499
598 499
599 499
6 499
600 66
601 499
602 73
603 499
604 499
605 499
606 499
607 499
608 499
609 499
610 499
611 499
614 499
615 499
616 497
617 499
618 499
619 499
622 0
623 490
625 471
626 499
627 499
628 499
629 499
63 499
630 499
632 499
633 499
634 499
635 499
637 499
638 499
639 467
64 499
640 499
641 17
642 499
644 499
645 499
647 499
648 499
649 499
65 499
650 499
651 20
652 499
653 499
654 499
657 499
658 499
659 499
66 499
660 499
662 499
663 499
665 499
666 499
669 0
670 43
672 499
673 499
674 499
675 499
677 66
678 499
679 499
68 385
680 499
681 499
682 499
683 499
684 499
687 118
688 499
689 116
69 499
690 499
693 438
694 499
695 499
696 499
697 499
698 499
699 499
7 497
70 491
700 499
701 499
702 499
703 499
704 499
706 496
707 499
708 57
709 499
71 499
710 4
711 499
712 497
713 499
714 473
715 499
716 4
717 468
74 0
75 499
76 442
77 499
78 499
79 499
8 499
80 473
81 499
83 64
84 499
86 86
87 499
88 499
89 499
9 499
91 499
92 499
93 499
94 499
95 499
96 499
97 499
98 499
99 204
1 9999
100 9999
101 9999
102 9999
103 9999
104 9999
105 7
106 9993
107 9986
108 9999
109 9999
110 9999
112 151
113 9999
114 9955
115 9999
116 999
117 9999
118 9999
119 9999
12 8416
121 9955
122 9999
123 9999
124 9999
125 9947
126 9999
127 9986
128 9999
129 9999
13 9999
130 9999
131 9994
132 9999
133 9974
134 9999
135 9999
136 9999
137 967
138 9999
139 5300
14 9999
140 9999
141 9987
142 9999
143 9
144 9999
145 9999
146 9999
147 5218
148 9999
15 9999
150 9955
151 9999
152 7709
153 9999
154 9999
155 9999
156 9659
157 9999
159 9999
16 9999
160 9999
161 9999
162 9999
163 9948
164 9999
165 9999
166 9999
167 9997
168 9999
169 9897
17 9999
170 9999
171 9999
172 9999
174 9981
175 9999
176 9999
177 9999
178 9999
179 9999
181 9999
182 9999
183 54
184 9999
185 9999
186 9999
187 9758
188 9999
189 0
190 9986
191 187
192 9999
193 9983
194 9999
195 1377
196 9999
197 31
198 9999
199 7423
2 9999
20 8538
200 9999
202 9999
203 9955
204 115
205 9999
206 9999
207 9999
208 9754
209 9999
21 9999
211 1026
212 9999
213 6240
214 9999
215 9999
216 9999
217 6949
218 9999
219 6429
22 9999
220 9999
221 1443
222 9999
223 9999
224 9999
225 247
226 9999
227 10
228 9999
229 9999
23 9999
230 9999
232 905
233 9999
235 9999
236 9999
237 9982
238 9999
239 9999
240 9999
241 9999
242 9999
243 8893
244 9999
245 9999
246 9999
247 7207
248 9999
249 9679
25 3
250 9999
251 9636
252 9999
253 284
254 9999
255 2
256 9999
257 9999
258 9999
259 9999
26 9999
260 9999
261 1042
262 9999
263 9992
264 9999
265 9999
266 9999
267 10
268 9999
269 9997
270 9999
271 6183
272 9999
273 9999
274 9999
275 5317
276 9999
277 9129
278 9999
279 9999
28 65
280 9999
282 9999
283 9938
284 9999
285 9999
286 9999
287 9999
288 253
289 9999
29 9993
290 9988
291 9999
292 9999
293 9999
295 9
296 9999
297 9999
298 9999
299 9999
3 277
300 9999
301 9987
302 9999
303 9999
304 9999
305 111
306 9999
307 9999
308 9999
309 9999
31 0
310 9999
311 9433
312 9999
313 9999
314 9999
315 9702
316 9999
317 325
318 9999
32 9999
321 9998
322 9999
324 9473
325 9999
326 6319
327 9999
328 9997
329 9999
33 9992
330 4
331 9999
332 8062
333 9999
337 9999
338 9999
339 810
34 9999
340 9999
341 9998
342 9999
343 218
344 9999
345 967
346 9999
348 9999
349 9999
35 7547
351 9624
352 9999
353 9999
354 9999
357 9999
358 9999
359 9999
36 9999
360 9999
361 8745
362 9999
363 9999
364 9999
365 9999
366 9999
367 9999
368 9999
37 215
370 9978
371 9999
372 1049
373 9999
374 8514
375 9999
376 9999
377 9999
378 9940
379 9999
38 9999
380 9999
381 9999
382 6051
383 9999
384 9999
385 9999
386 9705
387 9999
388 9648
389 9999
39 1377
390 9016
391 9999
392 7641
393 9999
395 9975
396 9999
397 9999
398 9999
399 9999
4 9999
40 9999
400 9999
401 9999
402 9999
403 15
404 9999
405 9999
406 9999
407 9993
408 9999
409 9571
410 9999
411 0
412 9999
413 9999
414 9999
416 328
417 9999
419 9999
42 9999
420 9999
421 9999
422 9999
423 9999
424 9999
425 38
426 9999
427 9999
428 9999
429 43
43 9999
430 9999
431 9991
432 9999
433 2
434 9999
435 9999
436 9999
437 9999
438 9999
439 5621
440 9999
441 8420
442 9999
443 6803
444 9999
445 9940
446 9999
448 9999
449 9999
45 9999
450 786
451 9999
452 8955
453 9999
454 9757
455 9999
457 12
458 9999
459 9999
46 9999
460 9999
461 9999
462 9999
463 9999
464 9999
465 9999
466 9999
468 9977
469 9981
47 9999
470 9999
471 9999
472 9972
473 9999
474 9925
475 9999
478 0
479 9999
48 9999
480 9169
481 9999
482 9999
483 9999
484 838
485 9999
486 9999
487 9999
488 9999
489 9999
49 9999
490 9529
491 9999
492 784
493 9999
494 9999
495 9999
496 9999
497 9999
498 9998
499 9999
50 9999
501 9999
502 9999
504 3
505 9999
506 9112
507 9999
508 5007
509 9999
51 858
510 4642
511 9999
512 9999
513 9999
514 253
515 9999
516 5920
517 9999
518 9999
519 9999
52 9999
521 9999
522 9999
525 6635
526 9999
527 29
528 9996
529 5032
53 9960
530 9999
531 9999
532 9999
533 8802
534 9999
535 9913
536 9999
537 9925
538 9999
539 48
54 9999
540 9994
541 9982
542 9999
544 8730
545 9999
546 9921
547 9999
548 9433
549 9999
551 9999
552 9993
553 9999
554 9999
555 9999
556 9999
557 0
558 9999
559 9999
56 52
560 9999
561 9892
562 9999
563 9999
564 9999
565 10
566 9999
567 9978
568 9999
569 9999
57 9999
570 9999
571 9999
572 9999
574 9960
575 9999
576 608
577 9999
578 9693
579 9999
580 2213
581 9999
582 9999
583 9999
585 721
586 9999
587 8825
588 9999
589 9999
590 9999
591 9999
592 9999
593 9999
594 9999
595 9999
596 9999
598 9999
599 9999
60 9999
600 9999
601 9999
602 6255
603 9999
607 9999
608 9999
609 2
61 9999
610 9999
611 1012
612 9999
614 457
615 9999
616 9555
617 9999
618 9999
619 9999
62 6309
620 238
621 9999
623 6052
624 9999
625 5712
626 9999
627 9898
628 9999
629 9999
63 9999
630 9999
635 13
636 9999
637 9999
638 9999
639 9
64 9999
640 9995
641 9922
642 9999
643 9983
644 9999
645 2016
646 9999
647 119
648 9999
649 8854
65 9999
650 9999
651 9999
652 9999
653 6096
654 9999
658 9986
659 9999
66 48
660 6791
661 9999
662 9999
663 9999
665 9999
666 9999
667 9999
668 9999
67 9999
670 0
671 9999
672 9999
673 9999
674 9999
675 9999
676 10
677 9999
68 0
69 9999
71 328
72 9999
73 9999
74 9999
75 9999
76 9999
77 5776
78 9999
79 9998
8 65
80 9999
81 9999
82 9999
83 9999
84 9999
86 0
87 9977
88 8734
89 9999
9 9999
90 16
91 9999
92 9999
93 9999
94 9999
95 9999
96 8915
97 9999
99 6187
1 9999
100 9999
101 9999
102 9999
103 9999
104 9999
105 7
106 9993
107 9986
108 9999
109 9999
110 9999
112 151
113 9999
114 9955
115 9999
116 999
117 9999
118 9999
119 9999
12 8416
121 9955
122 9999
123 9999
124 9999
125 9947
126 9999
127 9986
128 9999
129 9999
13 9999
130 9999
131 9994
132 9999
133 9974
134 9999
135 9999
136 9999
137 967
138 9999
139 5300
14 9999
140 9999
141 9987
142 9999
143 9
144 9999
145 9999
146 9999
147 5218
148 9999
15 9999
150 9955
151 9999
152 7709
153 9999
154 9999
155 9999
156 9659
157 9999
159 9999
16 9999
160 9999
161 9999
162 9999
163 9948
164 9999
165 9999
166 9999
167 9997
168 9999
169 9897
17 9999
170 9999
171 9999
172 9999
174 9981
175 9999
176 9999
177 9999
178 9999
179 9999
181 9999
182 9999
183 54
184 9999
185 9999
186 9999
187 9758
188 9999
189 0
190 9986
191 187
192 9999
193 9983
194 9999
195 1377
196 9999
197 31
198 9999
199 7423
2 9999
20 8538
200 9999
202 9999
203 9955
204 115
205 9999
206 9999
207 9999
208 9754
209 9999
21 9999
211 1026
212 9999
213 6240
214 9999
215 9999
216 9999
217 6949
218 9999
219 6429
22 9999
220 9999
221 1443
222 9999
223 9999
224 9999
225 247
226 9999
227 10
228 9999
229 9999
23 9999
230 9999
232 905
233 9999
235 9999
236 9999
237 9982
238 9999
239 9999
240 9999
241 9999
242 9999
243 8893
244 9999
245 9999
246 9999
247 7207
248 9999
249 9679
25 3
250 9999
251 9636
252 9999
253 284
254 9999
255 2
256 9999
257 9999
258 9999
259 9999
26 9999
260 9999
261 1042
262 9999
263 9992
264 9999
265 9999
266 9999
267 10
268 9999
269 9997
270 9999
271 6183
272 9999
273 9999
274 9999
275 5317
276 9999
277 9129
278 9999
279 9999
28 65
280 9999
282 9999
283 9938
284 9999
285 9999
286 9999
287 9999
288 253
289 9999
29 9993
290 9988
291 9999
292 9999
293 9999
295 9
296 9999
297 9999
298 9999
299 9999
3 277
300 9999
301 9987
302 9999
303 9999
304 9999
305 111
306 9999
307 9999
308 9999
309 9999
31 0
310 9999
311 9433
312 9999
313 9999
314 9999
315 9702
316 9999
317 325
318 9999
32 9999
321 9998
322 9999
324 9473
325 9999
326 6319
327 9999
328 9997
329 9999
33 9992
330 4
331 9999
332 8062
333 9999
337 9999
338 9999
339 810
34 9999
340 9999
341 9998
342 9999
343 218
344 9999
345 967
346 9999
348 9999
349 9999
35 7547
351 9624
352 9999
353 9999
354 9999
357 9999
358 9999
359 9999
36 9999
360 9999
361 8745
362 9999
363 9999
364 9999
365 9999
366 9999
367 9999
368 9999
37 215
370 9978
371 9999
372 1049
373 9999
374 8514
375 9999
376 9999
377 9999
378 9940
379 9999
38 9999
380 9999
381 9999
382 6051
383 9999
384 9999
385 9999
386 9705
387 9999
388 9648
389 9999
39 1377
390 9016
391 9999
392 7641
393 9999
395 9975
396 9999
397 9999
398 9999
399 9999
4 9999
40 9999
400 9999
401 9999
402 9999
403 15
404 9999
405 9999
406 9999
407 9993
408 9999
409 9571
410 9999
411 0
412 9999
413 9999
414 9999
416 328
417 9999
419 9999
42 9999
420 9999
421 9999
422 9999
423 9999
424 9999
425 38
426 9999
427 9999
428 9999
429 43
43 9999
430 9999
431 9991
432 9999
433 2
434 9999
435 9999
436 9999
437 9999
438 9999
439 5621
440 9999
441 8420
442 9999
443 6803
444 9999
445 9940
446 9999
448 9999
449 9999
45 9999
450 786
451 9999
452 8955
453 9999
454 9757
455 9999
457 12
458 9999
459 9999
46 9999
460 9999
461 9999
462 9999
463 9999
464 9999
465 9999
466 9999
468 9977
469 9981
47 9999
470 9999
471 9999
472 9972
473 9999
474 9925
475 9999
478 0
479 9999
48 9999
480 9169
481 9999
482 9999
483 9999
484 838
485 9999
486 9999
487 9999
488 9999
489 9999
49 9999
490 9529
491 9999
492 784
493 9999
494 9999
495 9999
496 9999
497 9999
498 9998
499 9999
50 9999
501 9999
502 9999
504 3
505 9999
506 9112
507 9999
508 5007
509 9999
51 858
510 4642
511 9999
512 9999
513 9999
514 253
515 9999
516 5920
517 9999
518 9999
519 9999
52 9999
521 9999
522 9999
525 6635
526 9999
527 29
528 9996
529 5032
53 9960
530 9999
531 9999
532 9999
533 8802
534 9999
535 9913
536 9999
537 9925
538 9999
539 48
54 9999
540 9994
541 9982
542 9999
544 8730
545 9999
546 9921
547 9999
548 9433
549 9999
551 9999
552 9993
553 9999
554 9999
555 9999
556 9999
557 0
558 9999
559 9999
56 52
560 9999
561 9892
562 9999
563 9999
564 9999
565 10
566 9999
567 9978
568 9999
569 9999
57 9999
570 9999
571 9999
572 9999
574 9960
575 9999
576 608
577 9999
578 9693
579 9999
580 2213
581 9999
582 9999
583 9999
585 721
586 9999
587 8825
588 9999
589 9999
590 9999
591 9999
592 9999
593 9999
594 9999
595 9999
596 9999
598 9999
599 9999
60 9999
600 9999
601 9999
602 6255
603 9999
607 9999
608 9999
609 2
61 9999
610 9999
611 1012
612 9999
614 457
615 9999
616 9555
617 9999
618 9999
619 9999
62 6309
620 238
621 9999
623 6052
624 9999
625 5712
626 9999
627 9898
628 9999
629 9999
63 9999
630 9999
635 13
636 9999
637 9999
638 9999
639 9
64 9999
640 9995
641 9922
642 9999
643 9983
644 9999
645 2016
646 9999
647 119
648 9999
649 8854
65 9999
650 9999
651 9999
652 9999
653 6096
654 9999
658 9986
659 9999
66 48
660 6791
661 9999
662 9999
663 9999
665 9999
666 9999
667 9999
668 9999
67 9999
670 0
671 9999
672 9999
673 9999
674 9999
675 9999
676 10
677 9999
68 0
69 9999
71 328
72 9999
73 9999
74 9999
75 9999
76 9999
77 5776
78 9999
79 9998
8 65
80 9999
81 9999
82 9999
83 9999
84 9999
86 0
87 9977
88 8734
89 9999
9 9999
90 16
91 9999
92 9999
93 9999
94 9999
95 9999
96 8915
97 9999
99 6187
