101 9970
102 9996
103 0
104 9997
108 7
109 9999
136 9996
137 9999
138 0
139 9999
141 9999
142 9996
147 9999
148 9999
156 1180
157 9999
16 6491
168 0
169 9999
17 9996
172 9969
173 9999
175 9999
176 9617
182 1172
183 9999
186 0
187 9999
188 58
189 9999
192 972
193 0
198 0
199 9999
208 607
209 9999
213 0
214 9576
219 9999
22 5
220 9979
23 9999
231 6
232 9999
234 0
235 9972
236 6
237 9999
248 0
249 9435
257 0
258 9999
270 969
271 9999
276 0
277 9999
278 0
279 9974
289 9974
290 9997
295 6
296 9999
297 0
298 9999
315 9995
316 9999
317 9999
318 9999
320 6491
321 31
328 0
329 9999
339 9
340 9999
354 6
355 9999
359 9999
360 9999
366 0
367 9999
368 110
369 9999
386 9995
387 9999
39 0
391 790
392 9999
393 9997
394 9999
399 0
40 9995
400 831
404 0
405 9999
416 1308
417 9999
420 0
421 9999
424 0
425 9434
430 0
431 9999
44 9999
45 7
450 0
451 9999
46 0
466 9586
467 9999
47 9967
483 0
484 9999
492 9999
493 9996
494 41
495 9999
499 0
50 0
500 0
51 9999
510 0
511 5
534 0
535 9999
538 6588
539 95
541 7200
542 1341
549 972
55 9997
550 9
552 9440
553 9937
557 7
558 9999
56 9999
584 9940
585 9999
598 0
599 9999
636 6400
637 9944
648 0
649 9997
657 6
658 9999
668 9966
669 9998
670 8817
671 9999
681 1112
682 9999
683 4
684 9999
689 7
690 9997
691 407
692 9999
706 6414
707 0
708 43
709 9996
76 9674
77 9999
86 7
87 9999
89 9999
90 33
94 5
95 9999
101 9970
102 9996
103 0
104 9997
108 7
109 9999
136 9996
137 9999
138 0
139 9999
141 9999
142 9996
147 9999
148 9999
156 1180
157 9999
16 6491
168 0
169 9999
17 9996
172 9969
173 9999
175 9999
176 9617
182 1172
183 9999
186 0
187 9999
188 58
189 9999
192 972
193 0
198 0
199 9999
208 607
209 9999
213 0
214 9576
219 9999
22 5
220 9979
23 9999
231 6
232 9999
234 0
235 9972
236 6
237 9999
248 0
249 9435
257 0
258 9999
270 969
271 9999
276 0
277 9999
278 0
279 9974
289 9974
290 9997
295 6
296 9999
297 0
298 9999
315 9995
316 9999
317 9999
318 9999
320 6491
321 31
328 0
329 9999
339 9
340 9999
354 6
355 9999
359 9999
360 9999
366 0
367 9999
368 110
369 9999
386 9995
387 9999
39 0
391 790
392 9999
393 9997
394 9999
399 0
40 9995
400 831
404 0
405 9999
416 1308
417 9999
420 0
421 9999
424 0
425 9434
430 0
431 9999
44 9999
45 7
450 0
451 9999
46 0
466 9586
467 9999
47 9967
483 0
484 9999
492 9999
493 9996
494 41
495 9999
499 0
50 0
500 0
51 9999
510 0
511 5
534 0
535 9999
538 6588
539 95
541 7200
542 1341
549 972
55 9997
550 9
552 9440
553 9937
557 7
558 9999
56 9999
584 9940
585 9999
598 0
599 9999
636 6400
637 9944
648 0
649 9997
657 6
658 9999
668 9966
669 9998
670 8817
671 9999
681 1112
682 9999
683 4
684 9999
689 7
690 9997
691 407
692 9999
706 6414
707 0
708 43
709 9996
76 9674
77 9999
86 7
87 9999
89 9999
90 33
94 5
95 9999
0 0
1 0
10 0
100 0
101 0
102 0
103 0
104 0
105 0
106 0
107 0
108 0
109 0
11 0
110 0
111 0
112 0
113 0
114 0
115 0
116 0
117 0
118 0
119 0
12 0
120 0
121 0
122 0
123 0
124 0
125 0
126 0
127 0
128 0
129 0
13 0
130 0
131 0
132 0
133 0
134 0
135 0
136 0
137 0
138 0
139 0
14 0
140 0
141 0
142 0
143 0
144 0
145 0
146 0
147 0
148 0
149 0
15 0
150 0
151 0
152 0
153 0
154 0
155 0
156 0
157 0
158 0
159 0
16 0
160 0
161 0
162 0
163 0
164 0
165 0
166 0
167 0
168 0
169 0
17 0
170 0
171 0
172 0
173 0
174 0
175 0
176 0
177 0
178 0
179 0
18 0
180 0
181 0
182 0
183 0
184 0
185 0
186 0
187 0
188 0
189 0
19 0
190 0
191 0
192 0
193 0
194 0
195 0
196 0
197 0
198 0
199 0
2 0
20 0
200 0
201 0
202 0
203 0
204 0
205 0
206 0
207 0
208 0
209 0
21 0
210 0
211 0
212 0
213 0
214 0
215 0
216 0
217 0
218 0
219 0
22 0
220 0
221 0
222 0
223 0
224 0
225 0
226 0
227 0
228 0
229 0
23 0
230 0
231 0
232 0
233 0
234 0
235 0
236 0
237 0
238 0
239 0
24 0
240 0
241 0
242 0
243 0
244 0
245 0
246 0
247 0
248 0
249 0
25 0
250 0
251 0
252 0
253 0
254 0
255 0
256 0
257 0
258 0
259 0
26 0
260 0
261 0
262 0
263 0
264 0
265 0
266 0
267 0
268 0
269 0
27 0
270 0
271 0
272 0
273 0
274 0
275 0
276 0
277 0
278 0
279 0
28 0
280 0
281 0
282 0
283 0
284 0
285 0
286 0
287 0
288 0
289 0
29 0
290 0
291 0
292 0
293 0
294 0
295 0
296 0
297 0
298 0
299 0
3 0
30 0
300 0
301 0
302 0
303 0
304 0
305 0
306 0
307 0
308 0
309 0
31 0
310 0
311 0
312 0
313 0
314 0
315 0
316 0
317 0
318 0
319 0
32 0
320 0
321 0
322 0
323 0
324 0
325 0
326 0
327 0
328 0
329 0
33 0
330 0
331 0
332 0
333 0
334 0
335 0
336 0
337 0
338 0
339 0
34 0
340 0
341 0
342 0
343 0
344 0
345 0
346 0
347 0
348 0
349 0
35 0
350 0
351 0
352 0
353 0
354 0
355 0
356 0
357 0
358 0
359 0
36 0
360 0
361 0
362 0
363 0
364 0
365 0
366 0
367 0
368 0
369 0
37 0
370 0
371 0
372 0
373 0
374 0
375 0
376 0
377 0
378 0
379 0
38 0
380 0
381 0
382 0
383 0
384 0
385 0
386 0
387 0
388 0
389 0
39 0
390 0
391 0
392 0
393 0
394 0
395 0
396 0
397 0
398 0
399 0
4 0
40 0
400 0
401 0
402 0
403 0
404 0
405 0
406 0
407 0
408 0
409 0
41 0
410 0
411 0
412 0
413 0
414 0
415 0
416 0
417 0
418 0
419 0
42 0
420 0
421 0
422 0
423 0
424 0
425 0
426 0
427 0
428 0
429 0
43 0
430 0
431 0
432 0
433 0
434 0
435 0
436 0
437 0
438 0
439 0
44 0
440 0
441 0
442 0
443 0
444 0
445 0
446 0
447 0
448 0
449 0
45 0
450 0
451 0
452 0
453 0
454 0
455 0
456 0
457 0
458 0
459 0
46 0
460 0
461 0
462 0
463 0
464 0
465 0
466 0
467 0
468 0
469 0
47 0
470 0
471 0
472 0
473 0
474 0
475 0
476 0
477 0
478 0
479 0
48 0
480 0
481 0
482 0
483 0
484 0
485 0
486 0
487 0
488 0
489 0
49 0
490 0
491 0
492 0
493 0
494 0
495 0
496 0
497 0
498 0
499 0
5 0
50 0
500 0
501 0
502 0
503 0
504 0
505 0
506 0
507 0
508 0
509 0
51 0
510 0
511 0
512 0
513 0
514 0
515 0
516 0
517 0
518 0
519 0
52 0
520 0
521 0
522 0
523 0
524 0
525 0
526 0
527 0
528 0
529 0
53 0
530 0
531 0
532 0
533 0
534 0
535 0
536 0
537 0
538 0
539 0
54 0
540 0
541 0
542 0
543 0
544 0
545 0
546 0
547 0
548 0
549 0
55 0
550 0
551 0
552 0
553 0
554 0
555 0
556 0
557 0
558 0
559 0
56 0
560 0
561 0
562 0
563 0
564 0
565 0
566 0
567 0
568 0
569 0
57 0
570 0
571 0
572 0
573 0
574 0
575 0
576 0
577 0
578 0
579 0
58 0
580 0
581 0
582 0
583 0
584 0
585 0
586 0
587 0
588 0
589 0
59 0
590 0
591 0
592 0
593 0
594 0
595 0
6 0
60 0
61 0
62 0
63 0
64 0
65 0
66 0
67 0
68 0
69 0
7 0
70 0
71 0
72 0
73 0
74 0
75 0
76 0
77 0
78 0
79 0
8 0
80 0
81 0
82 0
83 0
84 0
85 0
86 0
87 0
88 0
89 0
9 0
90 0
91 0
92 0
93 0
94 0
95 0
96 0
97 0
98 0
99 0
0 0
1 0
10 0
100 0
101 0
102 0
103 0
104 0
105 0
106 0
107 0
108 0
109 0
11 0
110 0
111 0
112 0
113 0
114 0
115 0
116 0
117 0
118 0
119 0
12 0
120 0
121 0
122 0
123 0
124 0
125 0
126 0
127 0
128 0
129 0
13 0
130 0
131 0
132 0
133 0
134 0
135 0
136 0
137 0
138 0
139 0
14 0
140 0
141 0
142 0
143 0
144 0
145 0
146 0
147 0
148 0
149 0
15 0
150 0
151 0
152 0
153 0
154 0
155 0
156 0
157 0
158 0
159 0
16 0
160 0
161 0
162 0
163 0
164 0
165 0
166 0
167 0
168 0
169 0
17 0
170 0
171 0
172 0
173 0
174 0
175 0
176 0
177 0
178 0
179 0
18 0
180 0
181 0
182 0
183 0
184 0
185 0
186 0
187 0
188 0
189 0
19 0
190 0
191 0
192 0
193 0
194 0
195 0
196 0
197 0
198 0
199 0
2 0
20 0
200 0
201 0
202 0
203 0
204 0
205 0
206 0
207 0
208 0
209 0
21 0
210 0
211 0
212 0
213 0
214 0
215 0
216 0
217 0
218 0
219 0
22 0
220 0
221 0
222 0
223 0
224 0
225 0
226 0
227 0
228 0
229 0
23 0
230 0
231 0
232 0
233 0
234 0
235 0
236 0
237 0
238 0
239 0
24 0
240 0
241 0
242 0
243 0
244 0
245 0
246 0
247 0
248 0
249 0
25 0
250 0
251 0
252 0
253 0
254 0
255 0
256 0
257 0
258 0
259 0
26 0
260 0
261 0
262 0
263 0
264 0
265 0
266 0
267 0
268 0
269 0
27 0
270 0
271 0
272 0
273 0
274 0
275 0
276 0
277 0
278 0
279 0
28 0
280 0
281 0
282 0
283 0
284 0
285 0
286 0
287 0
288 0
289 0
29 0
290 0
291 0
292 0
293 0
294 0
295 0
296 0
297 0
298 0
299 0
3 0
30 0
300 0
301 0
302 0
303 0
304 0
305 0
306 0
307 0
308 0
309 0
31 0
310 0
311 0
312 0
313 0
314 0
315 0
316 0
317 0
318 0
319 0
32 0
320 0
321 0
322 0
323 0
324 0
325 0
326 0
327 0
328 0
329 0
33 0
330 0
331 0
332 0
333 0
334 0
335 0
336 0
337 0
338 0
339 0
34 0
340 0
341 0
342 0
343 0
344 0
345 0
346 0
347 0
348 0
349 0
35 0
350 0
351 0
352 0
353 0
354 0
355 0
356 0
357 0
358 0
359 0
36 0
360 0
361 0
362 0
363 0
364 0
365 0
366 0
367 0
368 0
369 0
37 0
370 0
371 0
372 0
373 0
374 0
375 0
376 0
377 0
378 0
379 0
38 0
380 0
381 0
382 0
383 0
384 0
385 0
386 0
387 0
388 0
389 0
39 0
390 0
391 0
392 0
393 0
394 0
395 0
396 0
397 0
398 0
399 0
4 0
40 0
400 0
401 0
402 0
403 0
404 0
405 0
406 0
407 0
408 0
409 0
41 0
410 0
411 0
412 0
413 0
414 0
415 0
416 0
417 0
418 0
419 0
42 0
420 0
421 0
422 0
423 0
424 0
425 0
426 0
427 0
428 0
429 0
43 0
430 0
431 0
432 0
433 0
434 0
435 0
436 0
437 0
438 0
439 0
44 0
440 0
441 0
442 0
443 0
444 0
445 0
446 0
447 0
448 0
449 0
45 0
450 0
451 0
452 0
453 0
454 0
455 0
456 0
457 0
458 0
459 0
46 0
460 0
461 0
462 0
463 0
464 0
465 0
466 0
467 0
468 0
469 0
47 0
470 0
471 0
472 0
473 0
474 0
475 0
476 0
477 0
478 0
479 0
48 0
480 0
481 0
482 0
483 0
484 0
485 0
486 0
487 0
488 0
489 0
49 0
490 0
491 0
492 0
493 0
494 0
495 0
496 0
497 0
498 0
499 0
5 0
50 0
500 0
501 0
502 0
503 0
504 0
505 0
506 0
507 0
508 0
509 0
51 0
510 0
511 0
512 0
513 0
514 0
515 0
516 0
517 0
518 0
519 0
52 0
520 0
521 0
522 0
523 0
524 0
525 0
526 0
527 0
528 0
529 0
53 0
530 0
531 0
532 0
533 0
534 0
535 0
536 0
537 0
538 0
539 0
54 0
540 0
541 0
542 0
543 0
544 0
545 0
546 0
547 0
548 0
549 0
55 0
550 0
551 0
552 0
553 0
554 0
555 0
556 0
557 0
558 0
559 0
56 0
560 0
561 0
562 0
563 0
564 0
565 0
566 0
567 0
568 0
569 0
57 0
570 0
571 0
572 0
573 0
574 0
575 0
576 0
577 0
578 0
579 0
58 0
580 0
581 0
582 0
583 0
584 0
585 0
586 0
587 0
588 0
589 0
59 0
590 0
591 0
592 0
593 0
594 0
595 0
6 0
60 0
61 0
62 0
63 0
64 0
65 0
66 0
67 0
68 0
69 0
7 0
70 0
71 0
72 0
73 0
74 0
75 0
76 0
77 0
78 0
79 0
8 0
80 0
81 0
82 0
83 0
84 0
85 0
86 0
87 0
88 0
89 0
9 0
90 0
91 0
92 0
93 0
94 0
95 0
96 0
97 0
98 0
99 0
0 0
1 0
10 0
100 0
101 0
102 0
103 0
104 0
105 0
106 0
107 0
108 0
109 0
11 0
110 0
111 0
112 0
113 0
114 0
115 0
116 0
117 0
118 0
119 0
12 0
120 0
121 0
122 0
123 0
124 0
125 0
126 0
127 0
128 0
129 0
13 0
130 0
131 0
132 0
133 0
134 0
135 0
136 0
137 0
138 0
139 0
14 0
140 0
141 0
142 0
143 0
144 0
145 0
146 0
147 0
148 0
149 0
15 0
150 0
151 0
152 0
153 0
154 0
155 0
156 0
157 0
158 0
159 0
16 0
160 0
161 0
162 0
163 0
164 0
165 0
166 0
167 0
168 0
169 0
17 0
170 0
171 0
172 0
173 0
174 0
175 0
176 0
177 0
178 0
179 0
18 0
180 0
181 0
182 0
183 0
184 0
185 0
186 0
187 0
188 0
189 0
19 0
190 0
191 0
192 0
193 0
194 0
195 0
196 0
197 0
198 0
199 0
2 0
20 0
200 0
201 0
202 0
203 0
204 0
205 0
206 0
207 0
208 0
209 0
21 0
210 0
211 0
212 0
213 0
214 0
215 0
216 0
217 0
218 0
219 0
22 0
220 0
221 0
222 0
223 0
224 0
225 0
226 0
227 0
228 0
229 0
23 0
230 0
231 0
232 0
233 0
234 0
235 0
236 0
237 0
238 0
239 0
24 0
240 0
241 0
242 0
243 0
244 0
245 0
246 0
247 0
248 0
249 0
25 0
250 0
251 0
252 0
253 0
254 0
255 0
256 0
257 0
258 0
259 0
26 0
260 0
261 0
262 0
263 0
264 0
265 0
266 0
267 0
268 0
269 0
27 0
270 0
271 0
272 0
273 0
274 0
275 0
276 0
277 0
278 0
279 0
28 0
280 0
281 0
282 0
283 0
284 0
285 0
286 0
287 0
288 0
289 0
29 0
290 0
291 0
292 0
293 0
294 0
295 0
296 0
297 0
298 0
299 0
3 0
30 0
300 0
301 0
302 0
303 0
304 0
305 0
306 0
307 0
308 0
309 0
31 0
310 0
311 0
312 0
313 0
314 0
315 0
316 0
317 0
318 0
319 0
32 0
320 0
321 0
322 0
323 0
324 0
325 0
326 0
327 0
328 0
329 0
33 0
330 0
331 0
332 0
333 0
334 0
335 0
336 0
337 0
338 0
339 0
34 0
340 0
341 0
342 0
343 0
344 0
345 0
346 0
347 0
348 0
349 0
35 0
350 0
351 0
352 0
353 0
354 0
355 0
356 0
357 0
358 0
359 0
36 0
360 0
361 0
362 0
363 0
364 0
365 0
366 0
367 0
368 0
369 0
37 0
370 0
371 0
372 0
373 0
374 0
375 0
376 0
377 0
378 0
379 0
38 0
380 0
381 0
382 0
383 0
384 0
385 0
386 0
387 0
388 0
389 0
39 0
390 0
391 0
392 0
393 0
394 0
395 0
396 0
397 0
398 0
399 0
4 0
40 0
400 0
401 0
402 0
403 0
404 0
405 0
406 0
407 0
408 0
409 0
41 0
410 0
411 0
412 0
413 0
414 0
415 0
416 0
417 0
418 0
419 0
42 0
420 0
421 0
422 0
423 0
424 0
425 0
426 0
427 0
428 0
429 0
43 0
430 0
431 0
432 0
433 0
434 0
435 0
436 0
437 0
438 0
439 0
44 0
440 0
441 0
442 0
443 0
444 0
445 0
446 0
447 0
448 0
449 0
45 0
450 0
451 0
452 0
453 0
454 0
455 0
456 0
457 0
458 0
459 0
46 0
460 0
461 0
462 0
463 0
464 0
465 0
466 0
467 0
468 0
469 0
47 0
470 0
471 0
472 0
473 0
474 0
475 0
476 0
477 0
478 0
479 0
48 0
480 0
481 0
482 0
483 0
484 0
485 0
486 0
487 0
488 0
489 0
49 0
490 0
491 0
492 0
493 0
494 0
495 0
496 0
497 0
498 0
499 0
5 0
50 0
500 0
501 0
502 0
503 0
504 0
505 0
506 0
507 0
508 0
509 0
51 0
510 0
511 0
512 0
513 0
514 0
515 0
516 0
517 0
518 0
519 0
52 0
520 0
521 0
522 0
523 0
524 0
525 0
526 0
527 0
528 0
529 0
53 0
530 0
531 0
532 0
533 0
534 0
535 0
536 0
537 0
538 0
539 0
54 0
540 0
541 0
542 0
543 0
544 0
545 0
546 0
547 0
548 0
549 0
55 0
550 0
551 0
552 0
553 0
554 0
555 0
556 0
557 0
558 0
559 0
56 0
560 0
561 0
562 0
563 0
564 0
565 0
566 0
567 0
568 0
569 0
57 0
570 0
571 0
572 0
573 0
574 0
575 0
576 0
577 0
578 0
579 0
58 0
580 0
581 0
582 0
583 0
584 0
585 0
586 0
587 0
588 0
589 0
59 0
590 0
591 0
592 0
593 0
594 0
595 0
6 0
60 0
61 0
62 0
63 0
64 0
65 0
66 0
67 0
68 0
69 0
7 0
70 0
71 0
72 0
73 0
74 0
75 0
76 0
77 0
78 0
79 0
8 0
80 0
81 0
82 0
83 0
84 0
85 0
86 0
87 0
88 0
89 0
9 0
90 0
91 0
92 0
93 0
94 0
95 0
96 0
97 0
98 0
99 0
0 0
1 0
10 0
100 0
101 0
102 0
103 0
104 0
105 0
106 0
107 0
108 0
109 0
11 0
110 0
111 0
112 0
113 0
114 0
115 0
116 0
117 0
118 0
119 0
12 0
120 0
121 0
122 0
123 0
124 0
125 0
126 0
127 0
128 0
129 0
13 0
130 0
131 0
132 0
133 0
134 0
135 0
136 0
137 0
138 0
139 0
14 0
140 0
141 0
142 0
143 0
144 0
145 0
146 0
147 0
148 0
149 0
15 0
150 0
151 0
152 0
153 0
154 0
155 0
156 0
157 0
158 0
159 0
16 0
160 0
161 0
162 0
163 0
164 0
165 0
166 0
167 0
168 0
169 0
17 0
170 0
171 0
172 0
173 0
174 0
175 0
176 0
177 0
178 0
179 0
18 0
180 0
181 0
182 0
183 0
184 0
185 0
186 0
187 0
188 0
189 0
19 0
190 0
191 0
192 0
193 0
194 0
195 0
196 0
197 0
198 0
199 0
2 0
20 0
200 0
201 0
202 0
203 0
204 0
205 0
206 0
207 0
208 0
209 0
21 0
210 0
211 0
212 0
213 0
214 0
215 0
216 0
217 0
218 0
219 0
22 0
220 0
221 0
222 0
223 0
224 0
225 0
226 0
227 0
228 0
229 0
23 0
230 0
231 0
232 0
233 0
234 0
235 0
236 0
237 0
238 0
239 0
24 0
240 0
241 0
242 0
243 0
244 0
245 0
246 0
247 0
248 0
249 0
25 0
250 0
251 0
252 0
253 0
254 0
255 0
256 0
257 0
258 0
259 0
26 0
260 0
261 0
262 0
263 0
264 0
265 0
266 0
267 0
268 0
269 0
27 0
270 0
271 0
272 0
273 0
274 0
275 0
276 0
277 0
278 0
279 0
28 0
280 0
281 0
282 0
283 0
284 0
285 0
286 0
287 0
288 0
289 0
29 0
290 0
291 0
292 0
293 0
294 0
295 0
296 0
297 0
298 0
299 0
3 0
30 0
300 0
301 0
302 0
303 0
304 0
305 0
306 0
307 0
308 0
309 0
31 0
310 0
311 0
312 0
313 0
314 0
315 0
316 0
317 0
318 0
319 0
32 0
320 0
321 0
322 0
323 0
324 0
325 0
326 0
327 0
328 0
329 0
33 0
330 0
331 0
332 0
333 0
334 0
335 0
336 0
337 0
338 0
339 0
34 0
340 0
341 0
342 0
343 0
344 0
345 0
346 0
347 0
348 0
349 0
35 0
350 0
351 0
352 0
353 0
354 0
355 0
356 0
357 0
358 0
359 0
36 0
360 0
361 0
362 0
363 0
364 0
365 0
366 0
367 0
368 0
369 0
37 0
370 0
371 0
372 0
373 0
374 0
375 0
376 0
377 0
378 0
379 0
38 0
380 0
381 0
382 0
383 0
384 0
385 0
386 0
387 0
388 0
389 0
39 0
390 0
391 0
392 0
393 0
394 0
395 0
396 0
397 0
398 0
399 0
4 0
40 0
400 0
401 0
402 0
403 0
404 0
405 0
406 0
407 0
408 0
409 0
41 0
410 0
411 0
412 0
413 0
414 0
415 0
416 0
417 0
418 0
419 0
42 0
420 0
421 0
422 0
423 0
424 0
425 0
426 0
427 0
428 0
429 0
43 0
430 0
431 0
432 0
433 0
434 0
435 0
436 0
437 0
438 0
439 0
44 0
440 0
441 0
442 0
443 0
444 0
445 0
446 0
447 0
448 0
449 0
45 0
450 0
451 0
452 0
453 0
454 0
455 0
456 0
457 0
458 0
459 0
46 0
460 0
461 0
462 0
463 0
464 0
465 0
466 0
467 0
468 0
469 0
47 0
470 0
471 0
472 0
473 0
474 0
475 0
476 0
477 0
478 0
479 0
48 0
480 0
481 0
482 0
483 0
484 0
485 0
486 0
487 0
488 0
489 0
49 0
490 0
491 0
492 0
493 0
494 0
495 0
496 0
497 0
498 0
499 0
5 0
50 0
500 0
501 0
502 0
503 0
504 0
505 0
506 0
507 0
508 0
509 0
51 0
510 0
511 0
512 0
513 0
514 0
515 0
516 0
517 0
518 0
519 0
52 0
520 0
521 0
522 0
523 0
524 0
525 0
526 0
527 0
528 0
529 0
53 0
530 0
531 0
532 0
533 0
534 0
535 0
536 0
537 0
538 0
539 0
54 0
540 0
541 0
542 0
543 0
544 0
545 0
546 0
547 0
548 0
549 0
55 0
550 0
551 0
552 0
553 0
554 0
555 0
556 0
557 0
558 0
559 0
56 0
560 0
561 0
562 0
563 0
564 0
565 0
566 0
567 0
568 0
569 0
57 0
570 0
571 0
572 0
573 0
574 0
575 0
576 0
577 0
578 0
579 0
58 0
580 0
581 0
582 0
583 0
584 0
585 0
586 0
587 0
588 0
589 0
59 0
590 0
591 0
592 0
593 0
594 0
595 0
596 0
597 0
598 0
599 0
6 0
60 0
600 0
601 0
602 0
603 0
604 0
605 0
606 0
607 0
608 0
609 0
61 0
610 0
611 0
612 0
613 0
62 0
63 0
64 0
65 0
66 0
67 0
68 0
69 0
7 0
70 0
71 0
72 0
73 0
74 0
75 0
76 0
77 0
78 0
79 0
8 0
80 0
81 0
82 0
83 0
84 0
85 0
86 0
87 0
88 0
89 0
9 0
90 0
91 0
92 0
93 0
94 0
95 0
96 0
97 0
98 0
99 0
0 0
1 0
10 0
100 0
101 0
102 0
103 0
104 0
105 0
106 0
107 0
108 0
109 0
11 0
110 0
111 0
112 0
113 0
114 0
115 0
116 0
117 0
118 0
119 0
12 0
120 0
121 0
122 0
123 0
124 0
125 0
126 0
127 0
128 0
129 0
13 0
130 0
131 0
132 0
133 0
134 0
135 0
136 0
137 0
138 0
139 0
14 0
140 0
141 0
142 0
143 0
144 0
145 0
146 0
147 0
148 0
149 0
15 0
150 0
151 0
152 0
153 0
154 0
155 0
156 0
157 0
158 0
159 0
16 0
160 0
161 0
162 0
163 0
164 0
165 0
166 0
167 0
168 0
169 0
17 0
170 0
171 0
172 0
173 0
174 0
175 0
176 0
177 0
178 0
179 0
18 0
180 0
181 0
182 0
183 0
184 0
185 0
186 0
187 0
188 0
189 0
19 0
190 0
191 0
192 0
193 0
194 0
195 0
196 0
197 0
198 0
199 0
2 0
20 0
200 0
201 0
202 0
203 0
204 0
205 0
206 0
207 0
208 0
209 0
21 0
210 0
211 0
212 0
213 0
214 0
215 0
216 0
217 0
218 0
219 0
22 0
220 0
221 0
222 0
223 0
224 0
225 0
226 0
227 0
228 0
229 0
23 0
230 0
231 0
232 0
233 0
234 0
235 0
236 0
237 0
238 0
239 0
24 0
240 0
241 0
242 0
243 0
244 0
245 0
246 0
247 0
248 0
249 0
25 0
250 0
251 0
252 0
253 0
254 0
255 0
256 0
257 0
258 0
259 0
26 0
260 0
261 0
262 0
263 0
264 0
265 0
266 0
267 0
268 0
269 0
27 0
270 0
271 0
272 0
273 0
274 0
275 0
276 0
277 0
278 0
279 0
28 0
280 0
281 0
282 0
283 0
284 0
285 0
286 0
287 0
288 0
289 0
29 0
290 0
291 0
292 0
293 0
294 0
295 0
296 0
297 0
298 0
299 0
3 0
30 0
300 0
301 0
302 0
303 0
304 0
305 0
306 0
307 0
308 0
309 0
31 0
310 0
311 0
312 0
313 0
314 0
315 0
316 0
317 0
318 0
319 0
32 0
320 0
321 0
322 0
323 0
324 0
325 0
326 0
327 0
328 0
329 0
33 0
330 0
331 0
332 0
333 0
334 0
335 0
336 0
337 0
338 0
339 0
34 0
340 0
341 0
342 0
343 0
344 0
345 0
346 0
347 0
348 0
349 0
35 0
350 0
351 0
352 0
353 0
354 0
355 0
356 0
357 0
358 0
359 0
36 0
360 0
361 0
362 0
363 0
364 0
365 0
366 0
367 0
368 0
369 0
37 0
370 0
371 0
372 0
373 0
374 0
375 0
376 0
377 0
378 0
379 0
38 0
380 0
381 0
382 0
383 0
384 0
385 0
386 0
387 0
388 0
389 0
39 0
390 0
391 0
392 0
393 0
394 0
395 0
396 0
397 0
398 0
399 0
4 0
40 0
400 0
401 0
402 0
403 0
404 0
405 0
406 0
407 0
408 0
409 0
41 0
410 0
411 0
412 0
413 0
414 0
415 0
416 0
417 0
418 0
419 0
42 0
420 0
421 0
422 0
423 0
424 0
425 0
426 0
427 0
428 0
429 0
43 0
430 0
431 0
432 0
433 0
434 0
435 0
436 0
437 0
438 0
439 0
44 0
440 0
441 0
442 0
443 0
444 0
445 0
446 0
447 0
448 0
449 0
45 0
450 0
451 0
452 0
453 0
454 0
455 0
456 0
457 0
458 0
459 0
46 0
460 0
461 0
462 0
463 0
464 0
465 0
466 0
467 0
468 0
469 0
47 0
470 0
471 0
472 0
473 0
474 0
475 0
476 0
477 0
478 0
479 0
48 0
480 0
481 0
482 0
483 0
484 0
485 0
486 0
487 0
488 0
489 0
49 0
490 0
491 0
492 0
493 0
494 0
495 0
496 0
497 0
498 0
499 0
5 0
50 0
500 0
501 0
502 0
503 0
504 0
505 0
506 0
507 0
508 0
509 0
51 0
510 0
511 0
512 0
513 0
514 0
515 0
516 0
517 0
518 0
519 0
52 0
520 0
521 0
522 0
523 0
524 0
525 0
526 0
527 0
528 0
529 0
53 0
530 0
531 0
532 0
533 0
534 0
535 0
536 0
537 0
538 0
539 0
54 0
540 0
541 0
542 0
543 0
544 0
545 0
546 0
547 0
548 0
549 0
55 0
550 0
551 0
552 0
553 0
554 0
555 0
556 0
557 0
558 0
559 0
56 0
560 0
561 0
562 0
563 0
564 0
565 0
566 0
567 0
568 0
569 0
57 0
570 0
571 0
572 0
573 0
574 0
575 0
576 0
577 0
578 0
579 0
58 0
580 0
581 0
582 0
583 0
584 0
585 0
586 0
587 0
588 0
589 0
59 0
590 0
591 0
592 0
593 0
594 0
595 0
596 0
597 0
598 0
599 0
6 0
60 0
600 0
601 0
602 0
603 0
604 0
605 0
606 0
607 0
608 0
609 0
61 0
610 0
611 0
612 0
613 0
62 0
63 0
64 0
65 0
66 0
67 0
68 0
69 0
7 0
70 0
71 0
72 0
73 0
74 0
75 0
76 0
77 0
78 0
79 0
8 0
80 0
81 0
82 0
83 0
84 0
85 0
86 0
87 0
88 0
89 0
9 0
90 0
91 0
92 0
93 0
94 0
95 0
96 0
97 0
98 0
99 0
106 0
107 0
110 0
111 0
114 0
115 0
117 0
118 0
12 0
120 0
121 0
126 0
127 0
128 0
129 0
13 0
134 0
135 0
136 0
137 0
138 0
139 0
14 0
145 0
146 0
149 0
15 0
150 0
165 0
166 0
169 0
170 0
174 0
175 0
181 0
182 0
195 0
196 0
217 0
218 0
219 0
22 0
220 0
222 0
223 0
227 0
228 0
23 0
231 0
232 0
239 0
240 0
242 0
243 0
249 0
250 0
252 0
253 0
259 0
26 0
260 0
263 0
264 0
266 0
267 0
268 0
269 0
27 0
279 0
280 0
282 0
283 0
289 0
290 0
3 0
302 0
303 0
308 0
309 0
319 0
320 0
329 0
330 0
346 0
347 0
35 0
353 0
354 0
36 0
365 0
366 0
367 0
368 0
373 0
374 0
377 0
378 0
381 0
382 0
389 0
390 0
391 0
392 0
4 0
40 0
400 0
401 0
402 0
403 0
404 0
405 0
41 0
422 0
423 0
432 0
433 0
439 0
440 0
447 0
448 0
451 0
452 0
460 0
461 0
467 0
468 0
47 0
470 0
471 0
474 0
475 0
48 0
480 0
481 0
484 0
485 0
492 0
493 0
494 0
495 0
500 0
501 0
506 0
507 0
516 0
517 0
519 0
520 0
533 0
534 0
540 0
541 0
549 0
550 0
552 0
553 0
579 0
580 0
60 0
605 0
606 0
607 0
608 0
61 0
621 0
622 0
627 0
628 0
631 0
632 0
640 0
641 0
642 0
643 0
651 0
652 0
654 0
655 0
657 0
658 0
66 0
67 0
697 0
698 0
709 0
710 0
715 0
716 0
719 0
720 0
723 0
724 0
729 0
73 0
730 0
733 0
734 0
736 0
737 0
74 0
8 0
88 0
89 0
9 0
96 0
97 0
106 0
107 7
110 5
111 477
114 0
115 477
117 5
118 477
12 25
120 11
121 474
126 465
127 476
128 24
129 476
13 492
134 476
135 476
136 113
137 475
138 125
139 475
14 50
145 474
146 409
149 468
15 492
150 474
165 0
166 437
169 0
170 6
174 472
175 0
181 434
182 471
195 0
196 1
217 0
218 29
219 0
22 438
220 467
222 463
223 466
227 0
228 442
23 490
231 465
232 189
239 0
240 102
242 0
243 462
249 459
250 457
252 462
253 101
259 21
26 0
260 462
263 4
264 462
266 38
267 462
268 68
269 462
27 488
279 0
280 461
282 460
283 0
289 460
290 460
3 10
302 3
303 460
308 0
309 88
319 5
320 458
329 451
330 457
346 457
347 1
35 485
353 18
354 456
36 486
365 447
366 456
367 0
368 456
373 89
374 456
377 44
378 455
381 155
382 455
389 349
390 97
391 453
392 453
4 494
40 485
400 218
401 452
402 2
403 451
404 2
405 451
41 476
422 59
423 450
432 1
433 449
439 0
440 87
447 0
448 122
451 448
452 448
460 0
461 0
467 447
468 426
47 0
470 441
471 330
474 447
475 113
48 11
480 445
481 445
484 445
485 200
492 12
493 445
494 415
495 445
500 408
501 445
506 445
507 408
516 2
517 445
519 208
520 445
533 445
534 445
540 445
541 445
549 257
550 86
552 84
553 445
579 31
580 443
60 481
605 440
606 379
607 5
608 440
61 481
621 440
622 405
627 439
628 184
631 440
632 64
640 424
641 438
642 405
643 438
651 438
652 438
654 260
655 403
657 438
658 438
66 481
67 15
697 137
698 438
709 389
710 23
715 437
716 437
719 400
720 398
723 10
724 437
729 44
73 480
730 437
733 4
734 436
736 275
737 431
74 480
8 22
88 0
89 1
9 492
96 478
97 478
10 999
107 987
108 999
109 8
110 999
113 999
114 15
115 925
116 999
117 2
118 999
119 1
12 10
120 999
123 988
124 997
128 18
129 999
13 999
132 0
133 999
136 105
137 999
143 3
144 999
149 943
15 102
150 999
156 999
157 999
16 999
168 999
169 999
17 999
170 12
171 999
172 918
173 999
177 426
178 999
18 999
180 935
181 999
182 0
183 999
186 0
187 999
188 2
189 999
191 930
192 999
202 999
203 998
204 998
205 999
209 999
210 999
212 0
213 999
222 998
223 989
225 999
226 999
228 1
229 999
237 0
238 999
241 875
242 999
245 999
246 999
248 183
249 999
251 999
252 994
257 6
258 999
261 994
262 996
268 989
269 999
270 1
271 999
275 0
276 999
279 963
28 0
280 999
283 928
284 579
287 991
288 999
29 0
290 900
291 999
294 675
295 996
303 964
304 997
305 3
306 999
308 14
309 999
313 999
314 1
320 992
321 999
323 1
324 999
326 999
327 999
344 999
345 999
349 11
350 999
352 999
353 991
356 0
357 999
366 147
367 999
373 0
374 13
376 0
377 999
38 0
383 697
384 999
39 998
394 999
395 999
398 0
399 999
4 114
401 989
402 711
405 999
406 999
407 905
408 999
41 521
411 999
412 999
413 941
414 999
42 999
420 916
421 999
426 980
427 999
429 999
43 10
430 999
436 0
437 878
44 999
440 9
441 999
449 842
450 999
455 2
456 999
460 8
461 999
464 1
465 999
469 999
470 999
476 0
477 0
480 999
481 999
483 15
484 999
490 3
491 999
492 0
493 999
495 999
496 999
498 999
499 999
5 999
502 12
503 999
508 901
509 999
51 999
52 102
522 1
523 999
534 999
535 15
538 999
539 7
541 999
542 999
554 0
555 999
557 167
558 999
561 0
562 999
564 932
565 999
566 890
567 999
568 0
569 999
581 997
582 999
583 521
584 999
587 14
588 999
591 0
592 999
597 1
598 999
601 999
602 999
603 127
604 999
608 0
609 999
614 999
615 12
626 999
627 999
636 943
637 999
653 0
654 999
660 991
661 999
665 12
666 999
71 0
72 4
73 991
74 999
79 20
80 999
82 999
83 999
86 881
87 999
88 819
89 999
9 0
91 999
92 999
94 182
95 999
96 932
97 999
10 999
107 987
108 999
109 8
110 999
113 999
114 15
115 925
116 999
117 2
118 999
119 1
12 10
120 999
123 988
124 997
128 18
129 999
13 999
132 0
133 999
136 105
137 999
143 3
144 999
149 943
15 102
150 999
156 999
157 999
16 999
168 999
169 999
17 999
170 12
171 999
172 918
173 999
177 426
178 999
18 999
180 935
181 999
182 0
183 999
186 0
187 999
188 2
189 999
191 930
192 999
202 999
203 998
204 998
205 999
209 999
210 999
212 0
213 999
222 998
223 989
225 999
226 999
228 1
229 999
237 0
238 999
241 875
242 999
245 999
246 999
248 183
249 999
251 999
252 994
257 6
258 999
261 994
262 996
268 989
269 999
270 1
271 999
275 0
276 999
279 963
28 0
280 999
283 928
284 579
287 991
288 999
29 0
290 900
291 999
294 675
295 996
303 964
304 997
305 3
306 999
308 14
309 999
313 999
314 1
320 992
321 999
323 1
324 999
326 999
327 999
344 999
345 999
349 11
350 999
352 999
353 991
356 0
357 999
366 147
367 999
373 0
374 13
376 0
377 999
38 0
383 697
384 999
39 998
394 999
395 999
398 0
399 999
4 114
401 989
402 711
405 999
406 999
407 905
408 999
41 521
411 999
412 999
413 941
414 999
42 999
420 916
421 999
426 980
427 999
429 999
43 10
430 999
436 0
437 878
44 999
440 9
441 999
449 842
450 999
455 2
456 999
460 8
461 999
464 1
465 999
469 999
470 999
476 0
477 0
480 999
481 999
483 15
484 999
490 3
491 999
492 0
493 999
495 999
496 999
498 999
499 999
5 999
502 12
503 999
508 901
509 999
51 999
52 102
522 1
523 999
534 999
535 15
538 999
539 7
541 999
542 999
554 0
555 999
557 167
558 999
561 0
562 999
564 932
565 999
566 890
567 999
568 0
569 999
581 997
582 999
583 521
584 999
587 14
588 999
591 0
592 999
597 1
598 999
601 999
602 999
603 127
604 999
608 0
609 999
614 999
615 12
626 999
627 999
636 943
637 999
653 0
654 999
660 991
661 999
665 12
666 999
71 0
72 4
73 991
74 999
79 20
80 999
82 999
83 999
86 881
87 999
88 819
89 999
9 0
91 999
92 999
94 182
95 999
96 932
97 999
10 0
100 978
103 1
104 978
11 990
110 485
111 978
13 991
131 977
132 3
14 991
143 975
144 940
146 2
147 974
15 122
150 322
151 974
152 147
153 974
155 659
156 974
16 991
162 972
163 427
167 972
168 972
172 0
173 154
176 908
177 970
179 952
180 972
183 972
184 5
185 972
186 972
189 890
190 972
192 14
193 972
198 876
199 972
202 972
203 323
206 972
207 971
211 893
212 971
218 971
219 1
220 18
221 971
222 518
223 971
23 991
24 34
240 1
241 970
255 969
256 970
26 0
262 954
263 969
266 587
267 969
268 27
269 969
27 990
277 968
278 967
279 39
280 966
284 966
285 966
286 845
287 966
296 4
297 966
300 966
301 966
305 2
306 966
310 64
311 966
315 4
316 966
322 964
323 964
325 2
326 964
328 1
329 964
330 6
331 964
335 1
336 964
341 879
342 964
349 12
35 0
350 964
352 963
353 961
355 893
356 964
36 988
363 964
364 964
367 0
368 964
370 964
371 964
372 964
373 964
374 931
375 964
377 19
378 964
379 4
380 964
382 852
383 964
387 892
388 964
390 964
391 891
393 6
394 964
397 16
398 964
399 932
4 118
400 964
401 9
402 964
403 964
404 963
410 0
411 963
417 36
418 963
422 963
423 963
428 0
429 0
433 963
434 945
444 41
445 963
447 814
448 963
449 962
45 375
450 962
451 685
452 962
453 954
454 962
459 0
46 986
460 899
462 3
463 962
464 0
465 962
469 0
470 961
471 961
472 960
473 865
474 960
476 960
477 960
479 106
48 1
480 960
482 960
483 960
484 2
485 960
49 985
490 937
491 959
492 959
493 959
495 959
496 959
497 958
498 958
499 877
5 995
500 958
503 957
504 958
505 16
506 958
509 956
51 795
510 957
513 870
514 957
52 972
522 4
523 957
525 22
526 957
534 0
535 957
538 0
539 957
540 0
541 956
546 944
547 956
548 764
549 956
551 415
552 956
556 956
557 956
558 21
559 956
56 982
560 0
561 956
565 2
566 956
568 956
569 956
57 982
571 5
572 956
573 566
574 956
575 29
576 956
578 931
579 944
582 3
583 955
585 0
586 2
587 2
588 955
589 955
590 955
591 0
592 955
593 0
594 955
597 3
598 954
6 21
600 103
601 954
604 27
605 954
606 814
607 953
619 951
620 953
626 953
627 929
636 3
637 953
638 3
639 953
643 952
644 2
647 953
648 2
655 0
656 953
658 0
659 953
660 1
661 953
665 15
666 952
669 2
670 952
675 0
676 952
678 0
679 952
68 2
69 982
7 993
71 2
72 979
75 15
76 980
77 13
78 980
8 993
81 980
82 980
85 2
86 980
87 0
88 979
89 2
9 991
90 978
93 1
94 977
96 526
97 978
99 978
10 999
107 987
108 999
109 8
110 999
113 999
114 15
115 925
116 999
117 2
118 999
119 1
12 10
120 999
123 988
124 997
128 18
129 999
13 999
132 0
133 999
136 105
137 999
143 3
144 999
149 943
15 102
150 999
156 999
157 999
16 999
168 999
169 999
17 999
170 12
171 999
172 918
173 999
177 426
178 999
18 999
180 935
181 999
182 0
183 999
186 0
187 999
188 2
189 999
191 930
192 999
202 999
203 998
204 998
205 999
209 999
210 999
212 0
213 999
222 998
223 989
225 999
226 999
228 1
229 999
237 0
238 999
241 875
242 999
245 999
246 999
248 183
249 999
251 999
252 994
257 6
258 999
261 994
262 996
268 989
269 999
270 1
271 999
275 0
276 999
279 963
28 0
280 999
283 928
284 579
287 991
288 999
29 0
290 900
291 999
294 675
295 996
303 964
304 997
305 3
306 999
308 14
309 999
313 999
314 1
320 992
321 999
323 1
324 999
326 999
327 999
344 999
345 999
349 11
350 999
352 999
353 991
356 0
357 999
366 147
367 999
373 0
374 13
376 0
377 999
38 0
383 697
384 999
39 998
394 999
395 999
398 0
399 999
4 114
401 989
402 711
405 999
406 999
407 905
408 999
41 521
411 999
412 999
413 941
414 999
42 999
420 916
421 999
426 980
427 999
429 999
43 10
430 999
436 0
437 878
44 999
440 9
441 999
449 842
450 999
455 2
456 999
460 8
461 999
464 1
465 999
469 999
470 999
476 0
477 0
480 999
481 999
483 15
484 999
490 3
491 999
492 0
493 999
495 999
496 999
498 999
499 999
5 999
502 12
503 999
508 901
509 999
51 999
52 102
522 1
523 999
534 999
535 15
538 999
539 7
541 999
542 999
554 0
555 999
557 167
558 999
561 0
562 999
564 932
565 999
566 890
567 999
568 0
569 999
581 997
582 999
583 521
584 999
587 14
588 999
591 0
592 999
597 1
598 999
601 999
602 999
603 127
604 999
608 0
609 999
614 999
615 12
626 999
627 999
636 943
637 999
653 0
654 999
660 991
661 999
665 12
666 999
71 0
72 4
73 991
74 999
79 20
80 999
82 999
83 999
86 881
87 999
88 819
89 999
9 0
91 999
92 999
94 182
95 999
96 932
97 999
10 988
11 999
115 992
116 972
127 953
128 0
13 999
133 218
134 999
135 0
136 997
14 997
140 0
141 999
146 992
147 999
148 17
149 999
15 19
16 999
165 16
166 999
175 99
176 999
180 24
181 999
192 1
193 999
197 0
198 999
20 0
21 992
210 937
211 992
212 2
213 999
214 0
215 998
219 126
220 999
222 999
223 148
227 7
228 999
23 1
232 999
233 19
24 999
248 0
249 999
251 999
252 999
257 999
258 0
26 219
262 0
263 75
269 0
27 999
270 999
274 219
275 999
277 989
278 0
29 10
295 922
296 999
298 219
299 992
30 999
31 0
32 999
323 856
324 992
34 0
342 2
343 999
35 949
36 4
367 0
368 953
37 999
375 0
376 953
38 216
39 999
40 943
403 998
404 6
41 999
425 0
426 998
431 13
432 999
438 999
439 999
440 860
441 999
450 29
451 999
452 0
453 993
462 0
463 998
471 0
472 999
486 17
487 999
495 997
496 16
498 990
499 999
501 987
502 998
505 0
506 999
513 997
514 998
516 2
517 995
523 0
524 993
526 999
527 998
531 3
532 999
546 999
547 998
548 1
549 999
551 5
552 999
555 899
556 999
557 3
558 999
559 0
560 998
563 2
564 999
565 992
566 999
568 148
569 999
570 936
571 999
583 4
584 998
595 3
596 999
605 855
606 905
629 0
630 993
636 14
637 999
638 148
639 999
648 0
649 999
655 3
656 998
659 148
660 999
666 0
667 23
668 10
669 999
670 0
671 999
689 4
690 999
692 953
693 202
694 148
695 999
696 999
697 999
7 999
704 673
705 953
717 0
718 992
726 135
727 999
736 0
737 992
744 999
745 999
747 999
748 996
78 2
79 999
8 985
85 12
86 999
88 148
89 999
1 264
10 499
100 499
101 499
102 499
104 499
105 7
109 499
110 499
111 56
112 499
113 467
114 499
115 499
116 499
119 499
120 499
121 499
122 499
124 499
125 499
127 499
128 499
13 0
132 499
133 499
134 499
135 499
136 20
137 499
139 499
14 499
140 499
141 499
142 499
144 14
145 499
146 464
147 499
148 496
149 499
15 7
150 499
151 499
155 499
156 499
157 499
158 499
159 499
16 499
160 499
161 109
162 499
166 223
167 499
168 449
169 499
17 0
170 28
171 499
176 496
177 499
178 64
179 499
18 499
186 499
187 499
189 499
19 499
190 499
192 499
193 499
194 499
195 499
198 499
199 499
2 499
20 499
200 89
201 499
204 499
205 499
206 456
207 499
209 499
21 45
210 499
215 499
216 499
219 34
22 499
220 499
223 499
224 499
225 499
226 499
228 499
229 488
23 12
231 499
232 499
233 495
234 499
235 491
236 499
237 499
238 499
24 499
240 88
241 499
242 448
243 499
244 499
245 499
246 491
247 499
248 497
249 499
25 499
251 499
252 499
254 106
255 499
256 23
257 499
258 470
259 499
26 499
260 0
261 499
264 499
265 499
266 469
267 499
269 499
27 499
270 499
273 499
274 499
275 495
276 499
277 499
278 499
28 499
282 499
283 499
284 496
285 499
290 499
291 499
293 499
294 499
295 134
296 499
299 499
30 496
300 499
301 4
302 499
305 499
306 499
309 499
31 493
310 499
314 66
315 499
316 97
317 499
318 10
319 499
32 499
321 53
322 499
323 499
324 499
326 499
327 499
33 499
331 499
332 499
333 499
334 499
337 499
338 499
341 499
342 499
343 499
344 499
345 79
346 499
347 499
348 499
349 499
35 45
350 499
351 311
352 499
355 499
356 499
358 217
359 499
36 499
360 499
361 499
362 499
363 499
364 182
365 499
368 499
369 499
371 499
372 499
373 297
374 499
375 499
376 499
377 188
378 499
379 15
38 498
380 499
381 492
382 499
383 499
384 499
386 499
387 499
388 482
389 499
39 89
393 499
394 499
395 499
396 499
398 182
399 499
40 499
400 499
401 499
402 499
403 499
404 191
405 499
406 498
407 499
41 499
410 499
411 499
412 0
413 499
414 499
415 499
417 499
418 499
42 498
420 499
421 499
424 70
425 499
426 210
427 499
428 95
429 499
43 499
430 6
431 499
435 243
436 499
440 499
441 499
446 243
447 499
449 311
45 499
450 499
452 499
453 499
454 233
455 499
458 153
459 499
46 499
460 499
461 499
464 456
465 499
468 499
469 499
471 499
472 499
474 499
475 499
476 499
477 499
48 177
481 483
482 448
484 499
485 499
486 499
487 499
488 499
489 499
49 499
490 88
491 499
492 15
493 499
495 499
496 18
497 34
498 499
499 499
5 209
50 461
500 499
503 499
504 499
507 55
508 499
51 499
511 499
512 499
513 499
514 499
515 217
516 499
517 499
518 499
519 499
52 1
520 499
521 499
522 499
524 499
525 499
526 477
527 499
529 499
53 499
530 499
531 486
532 499
534 499
535 499
536 499
537 499
538 498
539 499
54 70
541 499
542 499
543 499
544 499
545 499
546 499
547 499
548 499
55 499
551 499
552 499
553 497
554 499
555 499
556 499
561 471
562 499
563 499
564 499
565 499
566 499
568 499
569 499
570 499
571 499
573 499
574 499
575 0
576 496
578 499
579 55
580 455
581 499
582 499
583 499
584 178
585 499
586 499
587 499
590 499
591 499
594 210
595 499
596 499
597 499
6 499
602 499
603 499
604 499
605 499
608 499
609 499
61 499
610 45
611 499
612 490
613 499
615 118
616 499
617 116
618 499
62 499
621 438
622 499
623 499
624 499
625 499
626 499
627 499
628 499
629 247
630 499
631 83
632 499
633 57
634 499
635 4
636 499
637 88
638 499
640 494
641 66
66 0
67 499
68 442
69 499
7 497
70 499
71 499
72 473
73 499
75 64
76 499
78 86
79 499
8 499
80 499
81 499
83 43
84 499
85 499
86 499
87 81
88 499
89 499
9 499
90 499
91 199
92 499
94 486
95 499
99 0
1 277
10 8416
100 151
101 9999
102 9955
103 9999
105 9999
106 9999
108 9955
109 9999
11 9999
112 9986
113 9999
114 9999
115 9999
116 965
117 9999
118 911
119 9999
12 9999
120 9973
121 9999
122 9969
123 9999
124 42
125 9999
128 9999
129 9999
13 9999
131 9955
132 9999
133 7709
134 9999
135 9999
136 9999
137 9659
138 9999
140 9999
141 9999
142 9999
143 9999
144 9948
145 9999
146 9999
147 9999
148 9997
149 9999
150 9897
151 9999
152 9999
153 9999
155 9981
156 9999
157 9999
158 9999
159 9999
16 9999
160 9999
162 9999
163 9999
164 54
165 9999
166 9999
167 9999
168 6107
169 9999
17 9999
170 6921
171 9999
173 9903
174 9983
175 1377
176 9999
177 31
178 9999
179 7423
180 9999
182 8474
183 9999
184 115
185 9999
186 9999
187 9999
188 18
189 9999
19 9999
190 300
191 9999
192 6240
193 9999
194 9999
195 9999
196 6949
197 9999
198 6429
199 9999
2 9999
20 9999
200 1443
201 9999
202 9999
203 9999
204 247
205 9999
207 9999
208 9999
210 905
211 9999
213 9999
214 9999
215 9982
216 9999
217 9999
218 9999
219 9999
22 3
220 9999
221 8893
222 9999
223 9999
224 9999
225 1223
226 9999
229 14
23 9999
230 9999
231 2
232 9999
233 9999
234 9999
235 9999
236 9999
237 1042
238 9999
239 9992
240 9999
241 9990
242 9999
243 1038
244 9999
245 9999
246 9999
247 9979
248 9999
249 9999
25 65
250 9999
252 9999
253 9999
255 9938
256 9999
257 9999
258 9999
259 9999
26 9993
260 9999
261 253
262 9999
263 9988
264 9999
265 9999
266 9999
268 9
269 9999
270 9990
271 9999
272 9999
273 9999
274 4997
275 9999
276 27
277 9999
278 9999
279 9999
28 0
280 39
281 9999
282 8658
283 9999
285 9999
286 9551
29 9999
291 9999
292 9999
294 9999
295 9997
297 8062
298 9999
30 860
302 9999
303 9999
304 810
305 9999
307 967
308 9999
31 9999
310 9999
311 9999
313 9624
314 9999
315 958
316 9999
318 9999
319 9999
32 9959
320 9999
321 9999
322 943
323 9999
324 9999
325 9999
326 9999
327 9999
328 9999
329 9999
33 9999
332 9999
333 9999
335 9999
336 9999
337 9940
338 9999
339 9999
34 9999
340 9999
341 6051
342 9999
343 9999
344 9999
345 192
346 9999
347 9992
348 9999
349 9999
35 9999
350 9999
351 26
352 9999
353 895
354 9999
355 9999
356 9999
357 9999
358 9999
360 9999
361 9999
362 43
363 9999
366 9999
367 9999
371 9999
372 9999
373 9999
374 9999
375 9999
376 9999
377 3
378 9999
379 4916
38 31
380 9999
382 0
383 9999
384 9999
385 9999
386 9999
387 9999
389 8420
39 9999
390 9999
391 6803
392 9999
393 9940
394 9999
396 9999
397 9999
398 786
399 9999
40 700
400 8955
401 9999
402 9757
403 9999
405 12
406 9999
407 9999
408 9999
409 9967
41 9999
410 9999
411 9999
412 9999
413 9795
414 9999
417 9999
418 9999
419 594
42 9999
420 9999
421 8337
422 9999
425 0
426 9999
427 9169
428 9999
429 9999
43 9999
430 9999
431 838
432 9999
433 9999
434 9999
435 9999
436 9999
437 9529
438 9999
439 784
44 9999
440 9999
441 9999
442 9999
443 9999
444 9999
445 9046
446 9999
447 9999
448 9999
45 9999
453 5007
454 9999
455 4642
456 9999
457 9999
458 9999
459 253
460 9999
461 5920
462 9999
463 9999
464 9999
466 9999
467 9999
470 6635
471 9999
472 29
473 9996
474 5032
475 9999
476 9999
477 9999
478 17
479 9999
480 36
481 9999
482 317
483 9999
484 9999
485 9999
488 8730
489 9999
490 9921
491 9999
492 9433
493 9999
495 9999
496 9993
497 9999
498 9999
499 9999
500 9999
501 9999
502 9999
503 9892
504 9999
505 9999
506 9999
509 9999
510 9999
511 9999
512 9999
514 1
515 9999
516 39
517 9999
518 14
519 9999
52 9999
521 9999
522 9999
524 0
525 9999
526 9999
527 9999
528 9999
529 9999
53 9999
530 9999
531 9999
532 9999
533 9999
535 9999
536 9999
537 9999
538 9999
539 6255
54 6309
540 9999
544 166
545 9999
548 109
549 9999
55 9999
551 9999
552 9999
555 6052
556 9999
557 5712
558 9999
559 9898
56 9999
560 9999
561 9999
562 9999
567 13
568 9999
569 9999
57 9999
570 9999
571 9
572 9995
573 778
574 9999
575 191
576 9999
577 9517
578 9999
58 48
580 9971
581 9999
582 161
583 9999
586 9986
587 9999
588 6791
589 9999
59 9999
590 9999
591 9999
593 9999
594 9999
596 0
597 9999
598 15
599 9999
6 65
60 0
61 9999
63 328
64 9999
65 9999
66 9999
67 9999
68 9999
7 9999
70 9999
71 952
72 9999
73 9999
77 37
78 9999
79 9999
80 9999
81 9999
82 9999
83 5942
84 9999
87 6187
88 9999
89 9999
90 9999
91 9999
92 9999
93 7
94 9993
95 9986
96 9999
97 9999
98 9999
1 277
10 8416
100 151
101 9999
102 9955
103 9999
105 9999
106 9999
108 9955
109 9999
11 9999
112 9986
113 9999
114 9999
115 9999
116 965
117 9999
118 911
119 9999
12 9999
120 9973
121 9999
122 9969
123 9999
124 42
125 9999
128 9999
129 9999
13 9999
131 9955
132 9999
133 7709
134 9999
135 9999
136 9999
137 9659
138 9999
140 9999
141 9999
142 9999
143 9999
144 9948
145 9999
146 9999
147 9999
148 9997
149 9999
150 9897
151 9999
152 9999
153 9999
155 9981
156 9999
157 9999
158 9999
159 9999
16 9999
160 9999
162 9999
163 9999
164 54
165 9999
166 9999
167 9999
168 6107
169 9999
17 9999
170 6921
171 9999
173 9903
174 9983
175 1377
176 9999
177 31
178 9999
179 7423
180 9999
182 8474
183 9999
184 115
185 9999
186 9999
187 9999
188 18
189 9999
19 9999
190 300
191 9999
192 6240
193 9999
194 9999
195 9999
196 6949
197 9999
198 6429
199 9999
2 9999
20 9999
200 1443
201 9999
202 9999
203 9999
204 247
205 9999
207 9999
208 9999
210 905
211 9999
213 9999
214 9999
215 9982
216 9999
217 9999
218 9999
219 9999
22 3
220 9999
221 8893
222 9999
223 9999
224 9999
225 1223
226 9999
229 14
23 9999
230 9999
231 2
232 9999
233 9999
234 9999
235 9999
236 9999
237 1042
238 9999
239 9992
240 9999
241 9990
242 9999
243 1038
244 9999
245 9999
246 9999
247 9979
248 9999
249 9999
25 65
250 9999
252 9999
253 9999
255 9938
256 9999
257 9999
258 9999
259 9999
26 9993
260 9999
261 253
262 9999
263 9988
264 9999
265 9999
266 9999
268 9
269 9999
270 9990
271 9999
272 9999
273 9999
274 4997
275 9999
276 27
277 9999
278 9999
279 9999
28 0
280 39
281 9999
282 8658
283 9999
285 9999
286 9551
29 9999
291 9999
292 9999
294 9999
295 9997
297 8062
298 9999
30 860
302 9999
303 9999
304 810
305 9999
307 967
308 9999
31 9999
310 9999
311 9999
313 9624
314 9999
315 958
316 9999
318 9999
319 9999
32 9959
320 9999
321 9999
322 943
323 9999
324 9999
325 9999
326 9999
327 9999
328 9999
329 9999
33 9999
332 9999
333 9999
335 9999
336 9999
337 9940
338 9999
339 9999
34 9999
340 9999
341 6051
342 9999
343 9999
344 9999
345 192
346 9999
347 9992
348 9999
349 9999
35 9999
350 9999
351 26
352 9999
353 895
354 9999
355 9999
356 9999
357 9999
358 9999
360 9999
361 9999
362 43
363 9999
366 9999
367 9999
371 9999
372 9999
373 9999
374 9999
375 9999
376 9999
377 3
378 9999
379 4916
38 31
380 9999
382 0
383 9999
384 9999
385 9999
386 9999
387 9999
389 8420
39 9999
390 9999
391 6803
392 9999
393 9940
394 9999
396 9999
397 9999
398 786
399 9999
40 700
400 8955
401 9999
402 9757
403 9999
405 12
406 9999
407 9999
408 9999
409 9967
41 9999
410 9999
411 9999
412 9999
413 9795
414 9999
417 9999
418 9999
419 594
42 9999
420 9999
421 8337
422 9999
425 0
426 9999
427 9169
428 9999
429 9999
43 9999
430 9999
431 838
432 9999
433 9999
434 9999
435 9999
436 9999
437 9529
438 9999
439 784
44 9999
440 9999
441 9999
442 9999
443 9999
444 9999
445 9046
446 9999
447 9999
448 9999
45 9999
453 5007
454 9999
455 4642
456 9999
457 9999
458 9999
459 253
460 9999
461 5920
462 9999
463 9999
464 9999
466 9999
467 9999
470 6635
471 9999
472 29
473 9996
474 5032
475 9999
476 9999
477 9999
478 17
479 9999
480 36
481 9999
482 317
483 9999
484 9999
485 9999
488 8730
489 9999
490 9921
491 9999
492 9433
493 9999
495 9999
496 9993
497 9999
498 9999
499 9999
500 9999
501 9999
502 9999
503 9892
504 9999
505 9999
506 9999
509 9999
510 9999
511 9999
512 9999
514 1
515 9999
516 39
517 9999
518 14
519 9999
52 9999
521 9999
522 9999
524 0
525 9999
526 9999
527 9999
528 9999
529 9999
53 9999
530 9999
531 9999
532 9999
533 9999
535 9999
536 9999
537 9999
538 9999
539 6255
54 6309
540 9999
544 166
545 9999
548 109
549 9999
55 9999
551 9999
552 9999
555 6052
556 9999
557 5712
558 9999
559 9898
56 9999
560 9999
561 9999
562 9999
567 13
568 9999
569 9999
57 9999
570 9999
571 9
572 9995
573 778
574 9999
575 191
576 9999
577 9517
578 9999
58 48
580 9971
581 9999
582 161
583 9999
586 9986
587 9999
588 6791
589 9999
59 9999
590 9999
591 9999
593 9999
594 9999
596 0
597 9999
598 15
599 9999
6 65
60 0
61 9999
63 328
64 9999
65 9999
66 9999
67 9999
68 9999
7 9999
70 9999
71 952
72 9999
73 9999
77 37
78 9999
79 9999
80 9999
81 9999
82 9999
83 5942
84 9999
87 6187
88 9999
89 9999
90 9999
91 9999
92 9999
93 7
94 9993
95 9986
96 9999
97 9999
98 9999
