10 9999
100 5
101 9999
107 9970
108 9996
109 0
110 9997
114 7
115 9999
121 9674
122 9999
133 0
134 9999
14 0
144 9996
145 9999
146 0
147 9999
149 9999
15 9999
150 9996
155 9999
156 9999
164 1180
165 9999
176 0
177 9999
18 6491
180 9969
181 9999
183 9999
184 9967
19 9999
191 1172
192 9999
195 0
196 9999
197 58
198 9999
201 972
202 0
207 0
208 9999
217 607
218 9999
222 0
223 9576
228 9999
229 9979
240 6
241 9999
243 0
244 9972
245 6
246 9999
25 5
257 0
258 9435
26 9999
266 0
267 9999
272 47
273 9999
277 9
278 9999
282 0
283 0
286 0
287 9999
288 0
289 9974
294 9601
295 9969
303 9999
304 9912
306 6
307 9999
308 0
309 9999
313 9
314 9999
315 84
316 9999
325 0
326 9996
328 3
329 9999
330 88
331 9999
336 0
337 9999
341 0
342 9999
352 9
353 9999
367 6
368 9999
372 9999
373 9999
379 0
380 9999
381 1335
382 9999
387 58
388 9999
39 0
396 0
397 9999
398 3
399 9999
40 9997
401 9995
402 9999
406 790
407 9999
408 9997
409 9999
411 9977
412 9999
413 9995
414 9999
42 0
420 9999
421 9999
43 9995
432 1308
433 9999
436 0
437 9999
440 0
441 9434
446 0
447 9999
450 73
451 9999
453 6951
454 9999
466 0
467 9999
47 9999
48 7
481 92
482 9999
49 0
5 9997
50 9967
500 0
501 9999
504 0
505 9999
507 0
508 9999
509 4
510 9999
511 5
512 9999
518 0
519 0
529 0
53 0
530 1041
54 9999
549 0
550 9999
554 0
555 9999
557 9262
558 9999
559 63
560 9999
562 7200
563 1341
569 0
570 9440
573 9440
574 9937
578 7
579 9999
58 9997
59 9999
6 9999
605 9940
606 9999
613 0
614 9643
619 0
620 9999
657 6400
658 9944
660 0
661 9997
669 0
670 9997
678 6
679 9999
682 114
683 9999
686 4
687 9999
688 5
689 9999
691 9966
692 9998
693 8817
694 9999
704 1112
705 9999
706 4
707 9999
712 7
713 9997
714 407
715 9999
726 6
727 9999
728 0
729 9999
732 43
733 9996
75 2
76 9999
79 9674
80 9999
81 9999
82 9999
83 0
84 9622
85 711
86 9999
89 0
9 9995
90 9999
91 0
92 9999
93 0
94 9999
10 9999
100 5
101 9999
107 9970
108 9996
109 0
110 9997
114 7
115 9999
121 9674
122 9999
133 0
134 9999
14 0
144 9996
145 9999
146 0
147 9999
149 9999
15 9999
150 9996
155 9999
156 9999
164 1180
165 9999
176 0
177 9999
18 6491
180 9969
181 9999
183 9999
184 9967
19 9999
191 1172
192 9999
195 0
196 9999
197 58
198 9999
201 972
202 0
207 0
208 9999
217 607
218 9999
222 0
223 9576
228 9999
229 9979
240 6
241 9999
243 0
244 9972
245 6
246 9999
25 5
257 0
258 9435
26 9999
266 0
267 9999
272 47
273 9999
277 9
278 9999
282 0
283 0
286 0
287 9999
288 0
289 9974
294 9601
295 9969
303 9999
304 9912
306 6
307 9999
308 0
309 9999
313 9
314 9999
315 84
316 9999
325 0
326 9996
328 3
329 9999
330 88
331 9999
336 0
337 9999
341 0
342 9999
352 9
353 9999
367 6
368 9999
372 9999
373 9999
379 0
380 9999
381 1335
382 9999
387 58
388 9999
39 0
396 0
397 9999
398 3
399 9999
40 9997
401 9995
402 9999
406 790
407 9999
408 9997
409 9999
411 9977
412 9999
413 9995
414 9999
42 0
420 9999
421 9999
43 9995
432 1308
433 9999
436 0
437 9999
440 0
441 9434
446 0
447 9999
450 73
451 9999
453 6951
454 9999
466 0
467 9999
47 9999
48 7
481 92
482 9999
49 0
5 9997
50 9967
500 0
501 9999
504 0
505 9999
507 0
508 9999
509 4
510 9999
511 5
512 9999
518 0
519 0
529 0
53 0
530 1041
54 9999
549 0
550 9999
554 0
555 9999
557 9262
558 9999
559 63
560 9999
562 7200
563 1341
569 0
570 9440
573 9440
574 9937
578 7
579 9999
58 9997
59 9999
6 9999
605 9940
606 9999
613 0
614 9643
619 0
620 9999
657 6400
658 9944
660 0
661 9997
669 0
670 9997
678 6
679 9999
682 114
683 9999
686 4
687 9999
688 5
689 9999
691 9966
692 9998
693 8817
694 9999
704 1112
705 9999
706 4
707 9999
712 7
713 9997
714 407
715 9999
726 6
727 9999
728 0
729 9999
732 43
733 9996
75 2
76 9999
79 9674
80 9999
81 9999
82 9999
83 0
84 9622
85 711
86 9999
89 0
9 9995
90 9999
91 0
92 9999
93 0
94 9999
0 0
1 0
10 0
100 0
101 0
102 0
103 0
104 0
105 0
106 0
107 0
108 0
109 0
11 0
110 0
111 0
112 0
113 0
114 0
115 0
116 0
117 0
118 0
119 0
12 0
120 0
121 0
122 0
123 0
124 0
125 0
126 0
127 0
128 0
129 0
13 0
130 0
131 0
132 0
133 0
134 0
135 0
136 0
137 0
138 0
139 0
14 0
140 0
141 0
142 0
143 0
144 0
145 0
146 0
147 0
148 0
149 0
15 0
150 0
151 0
152 0
153 0
154 0
155 0
156 0
157 0
158 0
159 0
16 0
160 0
161 0
162 0
163 0
164 0
165 0
166 0
167 0
168 0
169 0
17 0
170 0
171 0
172 0
173 0
174 0
175 0
176 0
177 0
178 0
179 0
18 0
180 0
181 0
182 0
183 0
184 0
185 0
186 0
187 0
188 0
189 0
19 0
190 0
191 0
192 0
193 0
194 0
195 0
196 0
197 0
198 0
199 0
2 0
20 0
200 0
201 0
202 0
203 0
204 0
205 0
206 0
207 0
208 0
209 0
21 0
210 0
211 0
212 0
213 0
214 0
215 0
216 0
217 0
218 0
219 0
22 0
220 0
221 0
222 0
223 0
224 0
225 0
226 0
227 0
228 0
229 0
23 0
230 0
231 0
232 0
233 0
234 0
235 0
236 0
237 0
238 0
239 0
24 0
240 0
241 0
242 0
243 0
244 0
245 0
246 0
247 0
248 0
249 0
25 0
250 0
251 0
252 0
253 0
254 0
255 0
256 0
257 0
258 0
259 0
26 0
260 0
261 0
262 0
263 0
264 0
265 0
266 0
267 0
268 0
269 0
27 0
270 0
271 0
272 0
273 0
274 0
275 0
276 0
277 0
278 0
279 0
28 0
280 0
281 0
282 0
283 0
284 0
285 0
286 0
287 0
288 0
289 0
29 0
290 0
291 0
292 0
293 0
294 0
295 0
296 0
297 0
298 0
299 0
3 0
30 0
300 0
301 0
302 0
303 0
304 0
305 0
306 0
307 0
308 0
309 0
31 0
310 0
311 0
312 0
313 0
314 0
315 0
316 0
317 0
318 0
319 0
32 0
320 0
321 0
322 0
323 0
324 0
325 0
326 0
327 0
328 0
329 0
33 0
330 0
331 0
332 0
333 0
334 0
335 0
336 0
337 0
338 0
339 0
34 0
340 0
341 0
342 0
343 0
344 0
345 0
346 0
347 0
348 0
349 0
35 0
350 0
351 0
352 0
353 0
354 0
355 0
356 0
357 0
358 0
359 0
36 0
360 0
361 0
362 0
363 0
364 0
365 0
366 0
367 0
368 0
369 0
37 0
370 0
371 0
372 0
373 0
374 0
375 0
376 0
377 0
378 0
379 0
38 0
380 0
381 0
382 0
383 0
384 0
385 0
386 0
387 0
388 0
389 0
39 0
390 0
391 0
392 0
393 0
394 0
395 0
396 0
397 0
398 0
399 0
4 0
40 0
400 0
401 0
402 0
403 0
404 0
405 0
406 0
407 0
408 0
409 0
41 0
410 0
411 0
412 0
413 0
414 0
415 0
416 0
417 0
418 0
419 0
42 0
420 0
421 0
422 0
423 0
424 0
425 0
426 0
427 0
428 0
429 0
43 0
430 0
431 0
432 0
433 0
434 0
435 0
436 0
437 0
438 0
439 0
44 0
440 0
441 0
442 0
443 0
444 0
445 0
446 0
447 0
448 0
449 0
45 0
450 0
451 0
452 0
453 0
454 0
455 0
456 0
457 0
458 0
459 0
46 0
460 0
461 0
462 0
463 0
464 0
465 0
466 0
467 0
468 0
469 0
47 0
470 0
471 0
472 0
473 0
474 0
475 0
476 0
477 0
478 0
479 0
48 0
480 0
481 0
482 0
483 0
484 0
485 0
486 0
487 0
488 0
489 0
49 0
490 0
491 0
492 0
493 0
494 0
495 0
496 0
497 0
498 0
499 0
5 0
50 0
500 0
501 0
502 0
503 0
504 0
505 0
506 0
507 0
508 0
509 0
51 0
510 0
511 0
512 0
513 0
514 0
515 0
516 0
517 0
518 0
519 0
52 0
520 0
521 0
522 0
523 0
524 0
525 0
526 0
527 0
528 0
529 0
53 0
530 0
531 0
532 0
533 0
534 0
535 0
536 0
537 0
538 0
539 0
54 0
540 0
541 0
542 0
543 0
544 0
545 0
546 0
547 0
548 0
549 0
55 0
550 0
551 0
552 0
553 0
554 0
555 0
556 0
557 0
558 0
559 0
56 0
560 0
561 0
562 0
563 0
564 0
565 0
566 0
567 0
568 0
569 0
57 0
570 0
571 0
572 0
573 0
574 0
575 0
576 0
577 0
578 0
579 0
58 0
580 0
581 0
582 0
583 0
584 0
585 0
586 0
587 0
588 0
589 0
59 0
590 0
591 0
592 0
593 0
594 0
595 0
596 0
597 0
598 0
599 0
6 0
60 0
600 0
601 0
602 0
603 0
604 0
605 0
606 0
607 0
608 0
609 0
61 0
610 0
611 0
612 0
613 0
614 0
615 0
616 0
617 0
618 0
619 0
62 0
620 0
621 0
622 0
623 0
624 0
625 0
626 0
627 0
628 0
629 0
63 0
630 0
631 0
632 0
633 0
634 0
635 0
636 0
637 0
638 0
639 0
64 0
640 0
641 0
642 0
643 0
644 0
645 0
646 0
647 0
648 0
649 0
65 0
650 0
651 0
652 0
653 0
654 0
655 0
656 0
657 0
66 0
67 0
68 0
69 0
7 0
70 0
71 0
72 0
73 0
74 0
75 0
76 0
77 0
78 0
79 0
8 0
80 0
81 0
82 0
83 0
84 0
85 0
86 0
87 0
88 0
89 0
9 0
90 0
91 0
92 0
93 0
94 0
95 0
96 0
97 0
98 0
99 0
0 0
1 0
10 0
100 0
101 0
102 0
103 0
104 0
105 0
106 0
107 0
108 0
109 0
11 0
110 0
111 0
112 0
113 0
114 0
115 0
116 0
117 0
118 0
119 0
12 0
120 0
121 0
122 0
123 0
124 0
125 0
126 0
127 0
128 0
129 0
13 0
130 0
131 0
132 0
133 0
134 0
135 0
136 0
137 0
138 0
139 0
14 0
140 0
141 0
142 0
143 0
144 0
145 0
146 0
147 0
148 0
149 0
15 0
150 0
151 0
152 0
153 0
154 0
155 0
156 0
157 0
158 0
159 0
16 0
160 0
161 0
162 0
163 0
164 0
165 0
166 0
167 0
168 0
169 0
17 0
170 0
171 0
172 0
173 0
174 0
175 0
176 0
177 0
178 0
179 0
18 0
180 0
181 0
182 0
183 0
184 0
185 0
186 0
187 0
188 0
189 0
19 0
190 0
191 0
192 0
193 0
194 0
195 0
196 0
197 0
198 0
199 0
2 0
20 0
200 0
201 0
202 0
203 0
204 0
205 0
206 0
207 0
208 0
209 0
21 0
210 0
211 0
212 0
213 0
214 0
215 0
216 0
217 0
218 0
219 0
22 0
220 0
221 0
222 0
223 0
224 0
225 0
226 0
227 0
228 0
229 0
23 0
230 0
231 0
232 0
233 0
234 0
235 0
236 0
237 0
238 0
239 0
24 0
240 0
241 0
242 0
243 0
244 0
245 0
246 0
247 0
248 0
249 0
25 0
250 0
251 0
252 0
253 0
254 0
255 0
256 0
257 0
258 0
259 0
26 0
260 0
261 0
262 0
263 0
264 0
265 0
266 0
267 0
268 0
269 0
27 0
270 0
271 0
272 0
273 0
274 0
275 0
276 0
277 0
278 0
279 0
28 0
280 0
281 0
282 0
283 0
284 0
285 0
286 0
287 0
288 0
289 0
29 0
290 0
291 0
292 0
293 0
294 0
295 0
296 0
297 0
298 0
299 0
3 0
30 0
300 0
301 0
302 0
303 0
304 0
305 0
306 0
307 0
308 0
309 0
31 0
310 0
311 0
312 0
313 0
314 0
315 0
316 0
317 0
318 0
319 0
32 0
320 0
321 0
322 0
323 0
324 0
325 0
326 0
327 0
328 0
329 0
33 0
330 0
331 0
332 0
333 0
334 0
335 0
336 0
337 0
338 0
339 0
34 0
340 0
341 0
342 0
343 0
344 0
345 0
346 0
347 0
348 0
349 0
35 0
350 0
351 0
352 0
353 0
354 0
355 0
356 0
357 0
358 0
359 0
36 0
360 0
361 0
362 0
363 0
364 0
365 0
366 0
367 0
368 0
369 0
37 0
370 0
371 0
372 0
373 0
374 0
375 0
376 0
377 0
378 0
379 0
38 0
380 0
381 0
382 0
383 0
384 0
385 0
386 0
387 0
388 0
389 0
39 0
390 0
391 0
392 0
393 0
394 0
395 0
396 0
397 0
398 0
399 0
4 0
40 0
400 0
401 0
402 0
403 0
404 0
405 0
406 0
407 0
408 0
409 0
41 0
410 0
411 0
412 0
413 0
414 0
415 0
416 0
417 0
418 0
419 0
42 0
420 0
421 0
422 0
423 0
424 0
425 0
426 0
427 0
428 0
429 0
43 0
430 0
431 0
432 0
433 0
434 0
435 0
436 0
437 0
438 0
439 0
44 0
440 0
441 0
442 0
443 0
444 0
445 0
446 0
447 0
448 0
449 0
45 0
450 0
451 0
452 0
453 0
454 0
455 0
456 0
457 0
458 0
459 0
46 0
460 0
461 0
462 0
463 0
464 0
465 0
466 0
467 0
468 0
469 0
47 0
470 0
471 0
472 0
473 0
474 0
475 0
476 0
477 0
478 0
479 0
48 0
480 0
481 0
482 0
483 0
484 0
485 0
486 0
487 0
488 0
489 0
49 0
490 0
491 0
492 0
493 0
494 0
495 0
496 0
497 0
498 0
499 0
5 0
50 0
500 0
501 0
502 0
503 0
504 0
505 0
506 0
507 0
508 0
509 0
51 0
510 0
511 0
512 0
513 0
514 0
515 0
516 0
517 0
518 0
519 0
52 0
520 0
521 0
522 0
523 0
524 0
525 0
526 0
527 0
528 0
529 0
53 0
530 0
531 0
532 0
533 0
534 0
535 0
536 0
537 0
538 0
539 0
54 0
540 0
541 0
542 0
543 0
544 0
545 0
546 0
547 0
548 0
549 0
55 0
550 0
551 0
552 0
553 0
554 0
555 0
556 0
557 0
558 0
559 0
56 0
560 0
561 0
562 0
563 0
564 0
565 0
566 0
567 0
568 0
569 0
57 0
570 0
571 0
572 0
573 0
574 0
575 0
576 0
577 0
578 0
579 0
58 0
580 0
581 0
582 0
583 0
584 0
585 0
586 0
587 0
588 0
589 0
59 0
590 0
591 0
592 0
593 0
594 0
595 0
596 0
597 0
598 0
599 0
6 0
60 0
600 0
601 0
602 0
603 0
604 0
605 0
606 0
607 0
608 0
609 0
61 0
610 0
611 0
612 0
613 0
614 0
615 0
616 0
617 0
618 0
619 0
62 0
620 0
621 0
622 0
623 0
624 0
625 0
626 0
627 0
628 0
629 0
63 0
630 0
631 0
632 0
633 0
634 0
635 0
636 0
637 0
638 0
639 0
64 0
640 0
641 0
642 0
643 0
644 0
645 0
646 0
647 0
648 0
649 0
65 0
650 0
651 0
652 0
653 0
654 0
655 0
656 0
657 0
66 0
67 0
68 0
69 0
7 0
70 0
71 0
72 0
73 0
74 0
75 0
76 0
77 0
78 0
79 0
8 0
80 0
81 0
82 0
83 0
84 0
85 0
86 0
87 0
88 0
89 0
9 0
90 0
91 0
92 0
93 0
94 0
95 0
96 0
97 0
98 0
99 0
0 0
1 0
10 0
100 0
101 0
102 0
103 0
104 0
105 0
106 0
107 0
108 0
109 0
11 0
110 0
111 0
112 0
113 0
114 0
115 0
116 0
117 0
118 0
119 0
12 0
120 0
121 0
122 0
123 0
124 0
125 0
126 0
127 0
128 0
129 0
13 0
130 0
131 0
132 0
133 0
134 0
135 0
136 0
137 0
138 0
139 0
14 0
140 0
141 0
142 0
143 0
144 0
145 0
146 0
147 0
148 0
149 0
15 0
150 0
151 0
152 0
153 0
154 0
155 0
156 0
157 0
158 0
159 0
16 0
160 0
161 0
162 0
163 0
164 0
165 0
166 0
167 0
168 0
169 0
17 0
170 0
171 0
172 0
173 0
174 0
175 0
176 0
177 0
178 0
179 0
18 0
180 0
181 0
182 0
183 0
184 0
185 0
186 0
187 0
188 0
189 0
19 0
190 0
191 0
192 0
193 0
194 0
195 0
196 0
197 0
198 0
199 0
2 0
20 0
200 0
201 0
202 0
203 0
204 0
205 0
206 0
207 0
208 0
209 0
21 0
210 0
211 0
212 0
213 0
214 0
215 0
216 0
217 0
218 0
219 0
22 0
220 0
221 0
222 0
223 0
224 0
225 0
226 0
227 0
228 0
229 0
23 0
230 0
231 0
232 0
233 0
234 0
235 0
236 0
237 0
238 0
239 0
24 0
240 0
241 0
242 0
243 0
244 0
245 0
246 0
247 0
248 0
249 0
25 0
250 0
251 0
252 0
253 0
254 0
255 0
256 0
257 0
258 0
259 0
26 0
260 0
261 0
262 0
263 0
264 0
265 0
266 0
267 0
268 0
269 0
27 0
270 0
271 0
272 0
273 0
274 0
275 0
276 0
277 0
278 0
279 0
28 0
280 0
281 0
282 0
283 0
284 0
285 0
286 0
287 0
288 0
289 0
29 0
290 0
291 0
292 0
293 0
294 0
295 0
296 0
297 0
298 0
299 0
3 0
30 0
300 0
301 0
302 0
303 0
304 0
305 0
306 0
307 0
308 0
309 0
31 0
310 0
311 0
312 0
313 0
314 0
315 0
316 0
317 0
318 0
319 0
32 0
320 0
321 0
322 0
323 0
324 0
325 0
326 0
327 0
328 0
329 0
33 0
330 0
331 0
332 0
333 0
334 0
335 0
336 0
337 0
338 0
339 0
34 0
340 0
341 0
342 0
343 0
344 0
345 0
346 0
347 0
348 0
349 0
35 0
350 0
351 0
352 0
353 0
354 0
355 0
356 0
357 0
358 0
359 0
36 0
360 0
361 0
362 0
363 0
364 0
365 0
366 0
367 0
368 0
369 0
37 0
370 0
371 0
372 0
373 0
374 0
375 0
376 0
377 0
378 0
379 0
38 0
380 0
381 0
382 0
383 0
384 0
385 0
386 0
387 0
388 0
389 0
39 0
390 0
391 0
392 0
393 0
394 0
395 0
396 0
397 0
398 0
399 0
4 0
40 0
400 0
401 0
402 0
403 0
404 0
405 0
406 0
407 0
408 0
409 0
41 0
410 0
411 0
412 0
413 0
414 0
415 0
416 0
417 0
418 0
419 0
42 0
420 0
421 0
422 0
423 0
424 0
425 0
426 0
427 0
428 0
429 0
43 0
430 0
431 0
432 0
433 0
434 0
435 0
436 0
437 0
438 0
439 0
44 0
440 0
441 0
442 0
443 0
444 0
445 0
446 0
447 0
448 0
449 0
45 0
450 0
451 0
452 0
453 0
454 0
455 0
456 0
457 0
458 0
459 0
46 0
460 0
461 0
462 0
463 0
464 0
465 0
466 0
467 0
468 0
469 0
47 0
470 0
471 0
472 0
473 0
474 0
475 0
476 0
477 0
478 0
479 0
48 0
480 0
481 0
482 0
483 0
484 0
485 0
486 0
487 0
488 0
489 0
49 0
490 0
491 0
492 0
493 0
494 0
495 0
496 0
497 0
498 0
499 0
5 0
50 0
500 0
501 0
502 0
503 0
504 0
505 0
506 0
507 0
508 0
509 0
51 0
510 0
511 0
512 0
513 0
514 0
515 0
516 0
517 0
518 0
519 0
52 0
520 0
521 0
522 0
523 0
524 0
525 0
526 0
527 0
528 0
529 0
53 0
530 0
531 0
532 0
533 0
534 0
535 0
536 0
537 0
538 0
539 0
54 0
540 0
541 0
542 0
543 0
544 0
545 0
546 0
547 0
548 0
549 0
55 0
550 0
551 0
552 0
553 0
554 0
555 0
556 0
557 0
558 0
559 0
56 0
560 0
561 0
562 0
563 0
564 0
565 0
566 0
567 0
568 0
569 0
57 0
570 0
571 0
572 0
573 0
574 0
575 0
576 0
577 0
578 0
579 0
58 0
580 0
581 0
582 0
583 0
584 0
585 0
586 0
587 0
588 0
589 0
59 0
590 0
591 0
592 0
593 0
594 0
595 0
596 0
597 0
598 0
599 0
6 0
60 0
600 0
601 0
602 0
603 0
604 0
605 0
606 0
607 0
608 0
609 0
61 0
610 0
611 0
612 0
613 0
614 0
615 0
616 0
617 0
618 0
619 0
62 0
620 0
621 0
622 0
623 0
624 0
625 0
626 0
627 0
628 0
629 0
63 0
630 0
631 0
632 0
633 0
634 0
635 0
636 0
637 0
638 0
639 0
64 0
640 0
641 0
642 0
643 0
644 0
645 0
646 0
647 0
648 0
649 0
65 0
650 0
651 0
652 0
653 0
654 0
655 0
656 0
657 0
66 0
67 0
68 0
69 0
7 0
70 0
71 0
72 0
73 0
74 0
75 0
76 0
77 0
78 0
79 0
8 0
80 0
81 0
82 0
83 0
84 0
85 0
86 0
87 0
88 0
89 0
9 0
90 0
91 0
92 0
93 0
94 0
95 0
96 0
97 0
98 0
99 0
0 0
1 0
10 0
100 0
101 0
102 0
103 0
104 0
105 0
106 0
107 0
108 0
109 0
11 0
110 0
111 0
112 0
113 0
114 0
115 0
116 0
117 0
118 0
119 0
12 0
120 0
121 0
122 0
123 0
124 0
125 0
126 0
127 0
128 0
129 0
13 0
130 0
131 0
132 0
133 0
134 0
135 0
136 0
137 0
138 0
139 0
14 0
140 0
141 0
142 0
143 0
144 0
145 0
146 0
147 0
148 0
149 0
15 0
150 0
151 0
152 0
153 0
154 0
155 0
156 0
157 0
158 0
159 0
16 0
160 0
161 0
162 0
163 0
164 0
165 0
166 0
167 0
168 0
169 0
17 0
170 0
171 0
172 0
173 0
174 0
175 0
176 0
177 0
178 0
179 0
18 0
180 0
181 0
182 0
183 0
184 0
185 0
186 0
187 0
188 0
189 0
19 0
190 0
191 0
192 0
193 0
194 0
195 0
196 0
197 0
198 0
199 0
2 0
20 0
200 0
201 0
202 0
203 0
204 0
205 0
206 0
207 0
208 0
209 0
21 0
210 0
211 0
212 0
213 0
214 0
215 0
216 0
217 0
218 0
219 0
22 0
220 0
221 0
222 0
223 0
224 0
225 0
226 0
227 0
228 0
229 0
23 0
230 0
231 0
232 0
233 0
234 0
235 0
236 0
237 0
238 0
239 0
24 0
240 0
241 0
242 0
243 0
244 0
245 0
246 0
247 0
248 0
249 0
25 0
250 0
251 0
252 0
253 0
254 0
255 0
256 0
257 0
258 0
259 0
26 0
260 0
261 0
262 0
263 0
264 0
265 0
266 0
267 0
268 0
269 0
27 0
270 0
271 0
272 0
273 0
274 0
275 0
276 0
277 0
278 0
279 0
28 0
280 0
281 0
282 0
283 0
284 0
285 0
286 0
287 0
288 0
289 0
29 0
290 0
291 0
292 0
293 0
294 0
295 0
296 0
297 0
298 0
299 0
3 0
30 0
300 0
301 0
302 0
303 0
304 0
305 0
306 0
307 0
308 0
309 0
31 0
310 0
311 0
312 0
313 0
314 0
315 0
316 0
317 0
318 0
319 0
32 0
320 0
321 0
322 0
323 0
324 0
325 0
326 0
327 0
328 0
329 0
33 0
330 0
331 0
332 0
333 0
334 0
335 0
336 0
337 0
338 0
339 0
34 0
340 0
341 0
342 0
343 0
344 0
345 0
346 0
347 0
348 0
349 0
35 0
350 0
351 0
352 0
353 0
354 0
355 0
356 0
357 0
358 0
359 0
36 0
360 0
361 0
362 0
363 0
364 0
365 0
366 0
367 0
368 0
369 0
37 0
370 0
371 0
372 0
373 0
374 0
375 0
376 0
377 0
378 0
379 0
38 0
380 0
381 0
382 0
383 0
384 0
385 0
386 0
387 0
388 0
389 0
39 0
390 0
391 0
392 0
393 0
394 0
395 0
396 0
397 0
398 0
399 0
4 0
40 0
400 0
401 0
402 0
403 0
404 0
405 0
406 0
407 0
408 0
409 0
41 0
410 0
411 0
412 0
413 0
414 0
415 0
416 0
417 0
418 0
419 0
42 0
420 0
421 0
422 0
423 0
424 0
425 0
426 0
427 0
428 0
429 0
43 0
430 0
431 0
432 0
433 0
434 0
435 0
436 0
437 0
438 0
439 0
44 0
440 0
441 0
442 0
443 0
444 0
445 0
446 0
447 0
448 0
449 0
45 0
450 0
451 0
452 0
453 0
454 0
455 0
456 0
457 0
458 0
459 0
46 0
460 0
461 0
462 0
463 0
464 0
465 0
466 0
467 0
468 0
469 0
47 0
470 0
471 0
472 0
473 0
474 0
475 0
476 0
477 0
478 0
479 0
48 0
480 0
481 0
482 0
483 0
484 0
485 0
486 0
487 0
488 0
489 0
49 0
490 0
491 0
492 0
493 0
494 0
495 0
496 0
497 0
498 0
499 0
5 0
50 0
500 0
501 0
502 0
503 0
504 0
505 0
506 0
507 0
508 0
509 0
51 0
510 0
511 0
512 0
513 0
514 0
515 0
516 0
517 0
518 0
519 0
52 0
520 0
521 0
522 0
523 0
524 0
525 0
526 0
527 0
528 0
529 0
53 0
530 0
531 0
532 0
533 0
534 0
535 0
536 0
537 0
538 0
539 0
54 0
540 0
541 0
542 0
543 0
544 0
545 0
546 0
547 0
548 0
549 0
55 0
550 0
551 0
552 0
553 0
554 0
555 0
556 0
557 0
558 0
559 0
56 0
560 0
561 0
562 0
563 0
564 0
565 0
566 0
567 0
568 0
569 0
57 0
570 0
571 0
572 0
573 0
574 0
575 0
576 0
577 0
578 0
579 0
58 0
580 0
581 0
582 0
583 0
584 0
585 0
586 0
587 0
588 0
589 0
59 0
590 0
591 0
592 0
593 0
594 0
595 0
596 0
597 0
598 0
599 0
6 0
60 0
600 0
601 0
602 0
603 0
604 0
605 0
606 0
607 0
608 0
609 0
61 0
610 0
611 0
612 0
613 0
614 0
615 0
616 0
617 0
618 0
619 0
62 0
620 0
621 0
622 0
623 0
624 0
625 0
626 0
627 0
628 0
629 0
63 0
630 0
631 0
632 0
633 0
634 0
635 0
636 0
637 0
638 0
639 0
64 0
640 0
641 0
642 0
643 0
644 0
645 0
646 0
647 0
648 0
649 0
65 0
650 0
651 0
652 0
653 0
654 0
655 0
656 0
657 0
658 0
659 0
66 0
660 0
661 0
662 0
663 0
664 0
665 0
666 0
667 0
668 0
669 0
67 0
670 0
671 0
672 0
673 0
674 0
675 0
676 0
677 0
678 0
679 0
68 0
680 0
681 0
682 0
683 0
684 0
685 0
686 0
687 0
69 0
7 0
70 0
71 0
72 0
73 0
74 0
75 0
76 0
77 0
78 0
79 0
8 0
80 0
81 0
82 0
83 0
84 0
85 0
86 0
87 0
88 0
89 0
9 0
90 0
91 0
92 0
93 0
94 0
95 0
96 0
97 0
98 0
99 0
0 0
1 0
10 0
100 0
101 0
102 0
103 0
104 0
105 0
106 0
107 0
108 0
109 0
11 0
110 0
111 0
112 0
113 0
114 0
115 0
116 0
117 0
118 0
119 0
12 0
120 0
121 0
122 0
123 0
124 0
125 0
126 0
127 0
128 0
129 0
13 0
130 0
131 0
132 0
133 0
134 0
135 0
136 0
137 0
138 0
139 0
14 0
140 0
141 0
142 0
143 0
144 0
145 0
146 0
147 0
148 0
149 0
15 0
150 0
151 0
152 0
153 0
154 0
155 0
156 0
157 0
158 0
159 0
16 0
160 0
161 0
162 0
163 0
164 0
165 0
166 0
167 0
168 0
169 0
17 0
170 0
171 0
172 0
173 0
174 0
175 0
176 0
177 0
178 0
179 0
18 0
180 0
181 0
182 0
183 0
184 0
185 0
186 0
187 0
188 0
189 0
19 0
190 0
191 0
192 0
193 0
194 0
195 0
196 0
197 0
198 0
199 0
2 0
20 0
200 0
201 0
202 0
203 0
204 0
205 0
206 0
207 0
208 0
209 0
21 0
210 0
211 0
212 0
213 0
214 0
215 0
216 0
217 0
218 0
219 0
22 0
220 0
221 0
222 0
223 0
224 0
225 0
226 0
227 0
228 0
229 0
23 0
230 0
231 0
232 0
233 0
234 0
235 0
236 0
237 0
238 0
239 0
24 0
240 0
241 0
242 0
243 0
244 0
245 0
246 0
247 0
248 0
249 0
25 0
250 0
251 0
252 0
253 0
254 0
255 0
256 0
257 0
258 0
259 0
26 0
260 0
261 0
262 0
263 0
264 0
265 0
266 0
267 0
268 0
269 0
27 0
270 0
271 0
272 0
273 0
274 0
275 0
276 0
277 0
278 0
279 0
28 0
280 0
281 0
282 0
283 0
284 0
285 0
286 0
287 0
288 0
289 0
29 0
290 0
291 0
292 0
293 0
294 0
295 0
296 0
297 0
298 0
299 0
3 0
30 0
300 0
301 0
302 0
303 0
304 0
305 0
306 0
307 0
308 0
309 0
31 0
310 0
311 0
312 0
313 0
314 0
315 0
316 0
317 0
318 0
319 0
32 0
320 0
321 0
322 0
323 0
324 0
325 0
326 0
327 0
328 0
329 0
33 0
330 0
331 0
332 0
333 0
334 0
335 0
336 0
337 0
338 0
339 0
34 0
340 0
341 0
342 0
343 0
344 0
345 0
346 0
347 0
348 0
349 0
35 0
350 0
351 0
352 0
353 0
354 0
355 0
356 0
357 0
358 0
359 0
36 0
360 0
361 0
362 0
363 0
364 0
365 0
366 0
367 0
368 0
369 0
37 0
370 0
371 0
372 0
373 0
374 0
375 0
376 0
377 0
378 0
379 0
38 0
380 0
381 0
382 0
383 0
384 0
385 0
386 0
387 0
388 0
389 0
39 0
390 0
391 0
392 0
393 0
394 0
395 0
396 0
397 0
398 0
399 0
4 0
40 0
400 0
401 0
402 0
403 0
404 0
405 0
406 0
407 0
408 0
409 0
41 0
410 0
411 0
412 0
413 0
414 0
415 0
416 0
417 0
418 0
419 0
42 0
420 0
421 0
422 0
423 0
424 0
425 0
426 0
427 0
428 0
429 0
43 0
430 0
431 0
432 0
433 0
434 0
435 0
436 0
437 0
438 0
439 0
44 0
440 0
441 0
442 0
443 0
444 0
445 0
446 0
447 0
448 0
449 0
45 0
450 0
451 0
452 0
453 0
454 0
455 0
456 0
457 0
458 0
459 0
46 0
460 0
461 0
462 0
463 0
464 0
465 0
466 0
467 0
468 0
469 0
47 0
470 0
471 0
472 0
473 0
474 0
475 0
476 0
477 0
478 0
479 0
48 0
480 0
481 0
482 0
483 0
484 0
485 0
486 0
487 0
488 0
489 0
49 0
490 0
491 0
492 0
493 0
494 0
495 0
496 0
497 0
498 0
499 0
5 0
50 0
500 0
501 0
502 0
503 0
504 0
505 0
506 0
507 0
508 0
509 0
51 0
510 0
511 0
512 0
513 0
514 0
515 0
516 0
517 0
518 0
519 0
52 0
520 0
521 0
522 0
523 0
524 0
525 0
526 0
527 0
528 0
529 0
53 0
530 0
531 0
532 0
533 0
534 0
535 0
536 0
537 0
538 0
539 0
54 0
540 0
541 0
542 0
543 0
544 0
545 0
546 0
547 0
548 0
549 0
55 0
550 0
551 0
552 0
553 0
554 0
555 0
556 0
557 0
558 0
559 0
56 0
560 0
561 0
562 0
563 0
564 0
565 0
566 0
567 0
568 0
569 0
57 0
570 0
571 0
572 0
573 0
574 0
575 0
576 0
577 0
578 0
579 0
58 0
580 0
581 0
582 0
583 0
584 0
585 0
586 0
587 0
588 0
589 0
59 0
590 0
591 0
592 0
593 0
594 0
595 0
596 0
597 0
598 0
599 0
6 0
60 0
600 0
601 0
602 0
603 0
604 0
605 0
606 0
607 0
608 0
609 0
61 0
610 0
611 0
612 0
613 0
614 0
615 0
616 0
617 0
618 0
619 0
62 0
620 0
621 0
622 0
623 0
624 0
625 0
626 0
627 0
628 0
629 0
63 0
630 0
631 0
632 0
633 0
634 0
635 0
636 0
637 0
638 0
639 0
64 0
640 0
641 0
642 0
643 0
644 0
645 0
646 0
647 0
648 0
649 0
65 0
650 0
651 0
652 0
653 0
654 0
655 0
656 0
657 0
658 0
659 0
66 0
660 0
661 0
662 0
663 0
664 0
665 0
666 0
667 0
668 0
669 0
67 0
670 0
671 0
68 0
69 0
7 0
70 0
71 0
72 0
73 0
74 0
75 0
76 0
77 0
78 0
79 0
8 0
80 0
81 0
82 0
83 0
84 0
85 0
86 0
87 0
88 0
89 0
9 0
90 0
91 0
92 0
93 0
94 0
95 0
96 0
97 0
98 0
99 0
100 0
101 0
104 0
105 0
106 0
107 0
109 0
110 0
111 0
112 0
12 0
122 0
123 0
126 0
127 0
128 0
129 0
13 0
133 0
134 0
140 0
141 0
144 0
145 0
148 0
149 0
151 0
152 0
157 0
158 0
160 0
161 0
164 0
165 0
168 0
169 0
170 0
171 0
176 0
177 0
18 0
187 0
188 0
19 0
191 0
192 0
194 0
195 0
196 0
197 0
2 0
20 0
201 0
202 0
205 0
206 0
21 0
210 0
211 0
213 0
214 0
215 0
216 0
223 0
224 0
229 0
230 0
233 0
234 0
235 0
236 0
237 0
238 0
24 0
248 0
249 0
25 0
258 0
259 0
271 0
272 0
275 0
276 0
288 0
289 0
29 0
290 0
291 0
294 0
295 0
297 0
298 0
3 0
30 0
301 0
302 0
303 0
304 0
305 0
306 0
308 0
309 0
312 0
313 0
318 0
319 0
322 0
323 0
324 0
325 0
339 0
340 0
341 0
342 0
343 0
344 0
349 0
350 0
351 0
352 0
353 0
354 0
355 0
356 0
359 0
360 0
362 0
363 0
365 0
366 0
368 0
369 0
372 0
373 0
376 0
377 0
379 0
380 0
390 0
391 0
398 0
399 0
400 0
401 0
406 0
407 0
410 0
411 0
413 0
414 0
417 0
418 0
423 0
424 0
425 0
426 0
430 0
431 0
435 0
436 0
439 0
44 0
440 0
443 0
444 0
45 0
450 0
451 0
452 0
453 0
46 0
460 0
461 0
464 0
465 0
467 0
468 0
47 0
476 0
477 0
484 0
485 0
49 0
494 0
495 0
496 0
497 0
5 0
50 0
502 0
503 0
505 0
506 0
507 0
508 0
511 0
512 0
514 0
515 0
517 0
518 0
522 0
523 0
530 0
531 0
535 0
536 0
540 0
541 0
542 0
543 0
546 0
547 0
549 0
550 0
552 0
553 0
556 0
557 0
558 0
559 0
563 0
564 0
569 0
570 0
572 0
573 0
577 0
578 0
586 0
587 0
59 0
594 0
595 0
597 0
598 0
599 0
6 0
60 0
600 0
603 0
604 0
607 0
608 0
610 0
611 0
613 0
614 0
616 0
617 0
618 0
619 0
62 0
623 0
624 0
628 0
629 0
63 0
633 0
634 0
64 0
644 0
645 0
648 0
649 0
65 0
652 0
653 0
659 0
660 0
670 0
671 0
672 0
673 0
677 0
678 0
685 0
686 0
688 0
689 0
69 0
695 0
696 0
7 0
70 0
703 0
704 0
707 0
708 0
715 0
716 0
726 0
727 0
73 0
732 0
733 0
74 0
744 0
745 0
748 0
749 0
754 0
755 0
76 0
763 0
764 0
767 0
768 0
77 0
78 0
79 0
8 0
80 0
81 0
82 0
83 0
84 0
85 0
87 0
88 0
91 0
92 0
96 0
97 0
100 12
101 468
104 467
105 174
106 217
107 467
109 466
110 466
111 7
112 466
12 493
122 25
123 465
126 216
127 431
128 38
129 464
13 492
133 20
134 464
140 443
141 463
144 180
145 461
148 107
149 463
151 461
152 462
157 285
158 462
160 0
161 462
164 91
165 462
168 462
169 462
170 99
171 461
176 0
177 461
18 2
187 0
188 461
19 488
191 44
192 461
194 201
195 389
196 412
197 461
2 157
20 410
201 450
202 460
205 0
206 461
21 488
210 0
211 413
213 460
214 461
215 10
216 461
223 0
224 461
229 288
230 19
233 458
234 461
235 7
236 461
237 30
238 460
24 0
248 4
249 460
25 222
258 0
259 444
271 9
272 458
275 452
276 452
288 415
289 458
29 394
290 9
291 458
294 9
295 458
297 458
298 167
3 495
30 488
301 413
302 73
303 14
304 457
305 36
306 457
308 455
309 420
312 407
313 457
318 349
319 442
322 269
323 454
324 19
325 456
339 0
340 454
341 26
342 455
343 279
344 455
349 24
350 454
351 20
352 454
353 41
354 454
355 454
356 454
359 454
360 214
362 454
363 454
365 0
366 431
368 3
369 454
372 313
373 60
376 159
377 454
379 439
380 454
390 435
391 454
398 454
399 454
400 10
401 454
406 452
407 15
410 85
411 454
413 435
414 390
417 0
418 453
423 453
424 453
425 0
426 453
430 453
431 450
435 451
436 450
439 447
44 0
440 41
443 79
444 450
45 482
450 48
451 450
452 447
453 450
46 33
460 0
461 448
464 0
465 449
467 449
468 444
47 482
476 449
477 449
484 449
485 449
49 473
494 444
495 448
496 1
497 447
5 18
50 17
502 447
503 447
505 447
506 439
507 3
508 447
511 0
512 444
514 425
515 183
517 438
518 447
522 127
523 447
530 286
531 21
535 280
536 445
540 313
541 445
542 435
543 445
546 249
547 413
549 443
550 445
552 438
553 439
556 0
557 443
558 1
559 443
563 0
564 370
569 18
570 443
572 358
573 75
577 443
578 443
586 0
587 443
59 461
594 424
595 442
597 379
598 441
599 0
6 493
60 427
600 441
603 29
604 441
607 145
608 440
610 440
611 440
613 439
614 439
616 6
617 439
618 0
619 439
62 204
623 439
624 413
628 379
629 438
63 475
633 0
634 71
64 18
644 431
645 437
648 1
649 436
65 474
652 315
653 437
659 36
660 437
670 0
671 116
672 3
673 436
677 435
678 436
685 67
686 436
688 429
689 436
69 474
695 0
696 410
7 193
70 14
703 3
704 435
707 435
708 435
715 435
716 435
726 48
727 435
73 314
732 434
733 57
74 471
744 0
745 26
748 431
749 11
754 434
755 431
76 467
763 434
764 434
767 432
768 434
77 458
78 1
79 470
8 493
80 7
81 470
82 2
83 470
84 2
85 470
87 199
88 469
91 5
92 469
96 469
97 469
10 999
101 39
102 999
103 29
104 999
108 987
109 999
110 999
111 999
115 999
116 15
117 925
118 999
119 2
12 10
120 999
121 1
122 999
125 999
126 999
127 10
128 999
13 999
131 20
132 999
135 0
136 999
139 105
140 999
145 0
146 999
147 999
148 999
15 102
153 943
154 999
156 997
157 999
16 999
161 999
162 999
164 4
165 999
17 999
170 0
171 1
173 999
174 999
175 27
176 999
177 0
178 999
18 999
180 999
181 991
184 426
185 999
187 935
188 999
189 0
190 999
192 999
193 13
194 17
195 999
196 192
197 999
198 172
199 999
209 999
210 998
211 998
212 999
214 535
215 999
217 999
218 999
220 0
221 999
226 2
227 999
229 0
230 999
233 999
234 999
236 1
237 999
245 0
246 999
249 999
250 999
253 999
254 999
256 999
257 999
258 926
259 999
26 0
260 20
261 999
263 526
264 995
268 6
269 999
27 28
272 994
273 996
274 1
275 999
276 947
277 999
278 3
279 999
280 0
281 999
282 999
283 999
288 466
289 999
290 2
291 999
293 999
294 467
296 992
297 581
300 991
301 999
303 988
304 999
306 999
307 171
31 999
313 999
314 999
318 995
319 999
32 999
320 1
321 999
322 912
323 999
325 14
326 999
329 847
330 999
337 993
338 999
340 955
341 999
343 999
344 999
361 999
362 999
366 11
367 999
368 0
369 999
372 0
373 999
374 999
375 999
377 995
378 999
38 2
387 998
388 999
39 999
394 0
395 999
397 18
398 999
4 114
401 697
402 999
41 1
412 999
413 999
415 999
416 1
417 0
418 999
42 999
420 989
421 711
422 899
423 999
424 999
425 999
426 905
427 999
430 999
431 999
432 999
433 999
440 999
441 999
447 999
448 999
449 0
450 999
451 999
452 999
453 998
454 999
461 9
462 999
465 999
466 999
471 892
472 999
477 0
478 991
479 998
480 999
483 8
484 999
486 8
487 999
488 76
489 999
49 999
492 140
493 999
494 176
495 999
5 999
50 103
501 0
502 948
503 999
504 999
507 999
508 999
509 0
510 999
511 10
512 999
517 3
518 999
519 0
520 999
522 999
523 999
525 999
526 999
529 12
530 999
531 0
532 999
533 3
534 999
537 990
538 999
543 0
544 998
551 10
552 999
555 999
556 991
561 243
562 999
565 999
566 15
569 999
570 999
571 198
572 999
573 999
574 999
581 995
582 997
585 24
586 999
587 0
588 999
590 167
591 999
594 23
595 999
597 932
598 999
599 998
600 999
605 1
606 999
609 987
610 999
611 3
612 999
616 999
617 999
618 989
619 999
622 140
623 999
624 0
625 999
627 915
628 999
630 999
631 999
633 999
634 999
635 918
636 999
637 611
638 999
640 999
641 999
642 127
643 999
645 2
646 999
648 0
649 999
654 999
655 12
659 997
660 1
666 999
667 999
669 140
670 999
676 943
677 999
679 999
680 18
684 843
685 991
686 1
687 999
689 987
69 0
690 999
692 990
693 999
696 988
697 999
70 999
700 999
701 999
704 991
705 999
708 999
709 999
71 991
710 174
711 999
72 999
77 20
78 999
80 999
81 999
83 1
84 999
85 999
86 999
88 999
89 999
9 0
90 5
91 999
94 932
95 999
97 9
98 999
10 999
101 39
102 999
103 29
104 999
108 987
109 999
110 999
111 999
115 999
116 15
117 925
118 999
119 2
12 10
120 999
121 1
122 999
125 999
126 999
127 10
128 999
13 999
131 20
132 999
135 0
136 999
139 105
140 999
145 0
146 999
147 999
148 999
15 102
153 943
154 999
156 997
157 999
16 999
161 999
162 999
164 4
165 999
17 999
170 0
171 1
173 999
174 999
175 27
176 999
177 0
178 999
18 999
180 999
181 991
184 426
185 999
187 935
188 999
189 0
190 999
192 999
193 13
194 17
195 999
196 192
197 999
198 172
199 999
209 999
210 998
211 998
212 999
214 535
215 999
217 999
218 999
220 0
221 999
226 2
227 999
229 0
230 999
233 999
234 999
236 1
237 999
245 0
246 999
249 999
250 999
253 999
254 999
256 999
257 999
258 926
259 999
26 0
260 20
261 999
263 526
264 995
268 6
269 999
27 28
272 994
273 996
274 1
275 999
276 947
277 999
278 3
279 999
280 0
281 999
282 999
283 999
288 466
289 999
290 2
291 999
293 999
294 467
296 992
297 581
300 991
301 999
303 988
304 999
306 999
307 171
31 999
313 999
314 999
318 995
319 999
32 999
320 1
321 999
322 912
323 999
325 14
326 999
329 847
330 999
337 993
338 999
340 955
341 999
343 999
344 999
361 999
362 999
366 11
367 999
368 0
369 999
372 0
373 999
374 999
375 999
377 995
378 999
38 2
387 998
388 999
39 999
394 0
395 999
397 18
398 999
4 114
401 697
402 999
41 1
412 999
413 999
415 999
416 1
417 0
418 999
42 999
420 989
421 711
422 899
423 999
424 999
425 999
426 905
427 999
430 999
431 999
432 999
433 999
440 999
441 999
447 999
448 999
449 0
450 999
451 999
452 999
453 998
454 999
461 9
462 999
465 999
466 999
471 892
472 999
477 0
478 991
479 998
480 999
483 8
484 999
486 8
487 999
488 76
489 999
49 999
492 140
493 999
494 176
495 999
5 999
50 103
501 0
502 948
503 999
504 999
507 999
508 999
509 0
510 999
511 10
512 999
517 3
518 999
519 0
520 999
522 999
523 999
525 999
526 999
529 12
530 999
531 0
532 999
533 3
534 999
537 990
538 999
543 0
544 998
551 10
552 999
555 999
556 991
561 243
562 999
565 999
566 15
569 999
570 999
571 198
572 999
573 999
574 999
581 995
582 997
585 24
586 999
587 0
588 999
590 167
591 999
594 23
595 999
597 932
598 999
599 998
600 999
605 1
606 999
609 987
610 999
611 3
612 999
616 999
617 999
618 989
619 999
622 140
623 999
624 0
625 999
627 915
628 999
630 999
631 999
633 999
634 999
635 918
636 999
637 611
638 999
640 999
641 999
642 127
643 999
645 2
646 999
648 0
649 999
654 999
655 12
659 997
660 1
666 999
667 999
669 140
670 999
676 943
677 999
679 999
680 18
684 843
685 991
686 1
687 999
689 987
69 0
690 999
692 990
693 999
696 988
697 999
70 999
700 999
701 999
704 991
705 999
708 999
709 999
71 991
710 174
711 999
72 999
77 20
78 999
80 999
81 999
83 1
84 999
85 999
86 999
88 999
89 999
9 0
90 5
91 999
94 932
95 999
97 9
98 999
100 984
103 1
104 983
106 911
107 983
108 109
109 983
11 947
113 982
114 983
115 1
116 983
117 965
118 983
119 839
12 994
120 983
121 601
122 982
123 982
124 982
125 905
126 982
127 25
128 982
129 1
13 994
130 982
132 0
133 982
137 1
138 982
14 993
140 982
141 982
144 545
145 982
157 982
158 910
168 963
169 982
171 0
172 982
174 36
175 982
177 16
178 982
18 0
181 980
182 981
183 975
184 981
185 26
186 981
19 988
192 981
193 981
20 0
205 971
206 979
209 979
21 979
210 979
211 979
212 979
215 0
216 979
22 960
23 991
231 0
232 978
234 3
235 977
237 0
238 977
239 40
24 13
240 977
245 977
246 939
247 977
248 977
249 20
25 991
250 977
255 11
256 976
257 1
258 976
260 976
261 902
264 0
265 976
266 890
267 976
269 256
270 976
273 0
274 964
275 964
276 976
278 976
279 976
28 417
280 513
281 976
283 0
284 976
285 647
286 976
29 991
292 0
293 3
295 36
296 976
298 28
299 976
300 234
301 976
303 940
304 976
305 966
306 976
307 0
308 976
309 0
310 976
316 18
317 976
318 827
319 976
32 690
324 976
325 976
326 7
327 976
33 991
330 976
331 975
335 976
336 976
337 813
338 976
342 956
343 976
346 1
347 976
348 0
349 976
35 991
352 976
353 976
354 972
355 976
36 3
361 0
362 976
368 901
369 976
375 2
376 976
382 799
383 916
384 976
385 976
386 958
387 976
396 0
397 976
399 975
400 975
403 0
404 974
406 0
407 974
408 974
409 974
41 991
413 0
414 697
416 971
417 971
418 0
419 970
42 991
422 0
423 970
424 970
425 970
426 1
427 970
429 1
430 970
432 970
433 970
436 195
437 970
439 0
44 991
440 970
441 222
442 970
444 970
445 970
449 3
45 991
450 970
456 970
457 969
459 968
460 970
464 16
465 969
468 921
469 969
472 969
473 954
476 0
477 969
479 1
48 0
480 965
481 929
482 969
484 969
485 969
488 969
489 969
49 991
491 8
492 969
493 969
494 969
495 969
496 969
497 943
498 969
499 0
5 103
500 962
504 0
505 969
507 969
508 3
51 990
516 968
517 968
52 989
526 4
527 968
528 968
529 968
532 952
533 968
535 0
536 968
537 0
538 968
539 959
540 967
542 966
543 967
547 0
548 967
549 99
55 13
550 967
555 23
556 967
557 0
558 967
56 989
561 840
562 967
568 967
569 965
57 841
572 0
573 966
574 966
575 966
576 15
577 966
579 4
58 989
580 966
59 19
592 185
593 965
594 953
595 965
598 848
599 965
6 995
60 989
603 20
604 964
606 403
607 964
61 35
611 1
612 963
613 1
614 963
615 13
616 963
617 2
618 963
62 989
622 963
623 963
627 630
628 963
629 16
630 963
631 0
632 963
633 0
634 963
635 13
636 962
638 962
639 962
64 0
641 0
642 962
65 989
652 951
653 944
654 947
655 960
66 989
666 960
667 960
67 989
670 846
671 1
674 17
675 959
683 581
684 959
685 918
686 959
687 563
688 959
689 702
690 959
691 959
692 959
693 6
694 959
695 959
696 959
698 0
699 959
7 991
703 958
704 959
705 196
706 959
707 4
708 959
71 989
72 10
73 989
74 989
75 934
76 989
77 67
78 989
8 995
80 0
81 930
83 987
84 5
87 986
88 973
91 979
92 980
97 985
98 984
99 57
10 999
101 39
102 999
103 29
104 999
108 987
109 999
110 999
111 999
115 999
116 15
117 925
118 999
119 2
12 10
120 999
121 1
122 999
125 999
126 999
127 10
128 999
13 999
131 20
132 999
135 0
136 999
139 105
140 999
145 0
146 999
147 999
148 999
15 102
153 943
154 999
156 997
157 999
16 999
161 999
162 999
164 4
165 999
17 999
170 0
171 1
173 999
174 999
175 27
176 999
177 0
178 999
18 999
180 999
181 991
184 426
185 999
187 935
188 999
189 0
190 999
192 999
193 13
194 17
195 999
196 192
197 999
198 172
199 999
209 999
210 998
211 998
212 999
214 535
215 999
217 999
218 999
220 0
221 999
226 2
227 999
229 0
230 999
233 999
234 999
236 1
237 999
245 0
246 999
249 999
250 999
253 999
254 999
256 999
257 999
258 926
259 999
26 0
260 20
261 999
263 526
264 995
268 6
269 999
27 28
272 994
273 996
274 1
275 999
276 947
277 999
278 3
279 999
280 0
281 999
282 999
283 999
288 466
289 999
290 2
291 999
293 999
294 467
296 992
297 581
300 991
301 999
303 988
304 999
306 999
307 171
31 999
313 999
314 999
318 995
319 999
32 999
320 1
321 999
322 912
323 999
325 14
326 999
329 847
330 999
337 993
338 999
340 955
341 999
343 999
344 999
361 999
362 999
366 11
367 999
368 0
369 999
372 0
373 999
374 999
375 999
377 995
378 999
38 2
387 998
388 999
39 999
394 0
395 999
397 18
398 999
4 114
401 697
402 999
41 1
412 999
413 999
415 999
416 1
417 0
418 999
42 999
420 989
421 711
422 899
423 999
424 999
425 999
426 905
427 999
430 999
431 999
432 999
433 999
440 999
441 999
447 999
448 999
449 0
450 999
451 999
452 999
453 998
454 999
461 9
462 999
465 999
466 999
471 892
472 999
477 0
478 991
479 998
480 999
483 8
484 999
486 8
487 999
488 76
489 999
49 999
492 140
493 999
494 176
495 999
5 999
50 103
501 0
502 948
503 999
504 999
507 999
508 999
509 0
510 999
511 10
512 999
517 3
518 999
519 0
520 999
522 999
523 999
525 999
526 999
529 12
530 999
531 0
532 999
533 3
534 999
537 990
538 999
543 0
544 998
551 10
552 999
555 999
556 991
561 243
562 999
565 999
566 15
569 999
570 999
571 198
572 999
573 999
574 999
581 995
582 997
585 24
586 999
587 0
588 999
590 167
591 999
594 23
595 999
597 932
598 999
599 998
600 999
605 1
606 999
609 987
610 999
611 3
612 999
616 999
617 999
618 989
619 999
622 140
623 999
624 0
625 999
627 915
628 999
630 999
631 999
633 999
634 999
635 918
636 999
637 611
638 999
640 999
641 999
642 127
643 999
645 2
646 999
648 0
649 999
654 999
655 12
659 997
660 1
666 999
667 999
669 140
670 999
676 943
677 999
679 999
680 18
684 843
685 991
686 1
687 999
689 987
69 0
690 999
692 990
693 999
696 988
697 999
70 999
700 999
701 999
704 991
705 999
708 999
709 999
71 991
710 174
711 999
72 999
77 20
78 999
80 999
81 999
83 1
84 999
85 999
86 999
88 999
89 999
9 0
90 5
91 999
94 932
95 999
97 9
98 999
10 988
106 0
107 999
11 999
111 0
112 999
119 992
120 972
13 999
131 953
132 0
137 218
138 999
139 0
14 997
140 997
144 0
145 999
15 19
150 992
151 999
152 17
153 999
16 999
169 16
170 999
179 99
18 148
180 999
184 949
185 999
19 999
195 0
196 29
197 1
198 999
202 0
203 999
206 999
207 67
209 28
21 0
210 999
215 25
216 999
22 992
220 0
221 998
225 126
226 999
228 999
229 922
233 7
234 999
238 999
239 19
24 1
249 998
25 999
250 999
252 999
253 997
255 998
256 999
257 796
258 999
263 999
264 0
268 0
269 75
27 219
275 0
276 999
28 999
280 219
281 999
283 989
284 4
30 10
301 922
302 999
304 219
305 992
31 999
32 0
329 856
33 999
330 992
348 2
349 999
35 0
36 949
361 0
362 997
37 4
373 0
374 953
38 999
381 0
382 953
39 216
40 999
401 1
402 999
41 943
410 998
411 6
42 999
420 1
421 999
433 0
434 998
439 13
440 999
441 19
442 999
444 3
445 999
448 999
449 999
450 860
451 999
460 29
461 999
462 0
463 993
467 996
468 191
472 0
473 998
475 999
476 999
482 0
483 999
484 2
485 999
499 567
500 999
503 0
504 999
509 997
510 558
512 990
513 999
515 987
516 998
519 0
520 999
527 997
528 998
530 2
531 995
537 0
538 993
540 999
541 998
542 0
543 999
546 3
547 999
548 402
549 999
556 0
557 999
56 999
563 999
564 998
565 1
566 999
568 5
569 999
57 1
572 899
573 999
574 3
575 999
576 0
577 998
580 2
581 999
582 992
583 999
585 148
586 999
587 936
588 999
600 4
601 998
612 3
613 999
621 15
622 999
627 19
628 999
633 0
634 999
636 992
637 999
648 0
649 993
655 14
656 999
657 148
658 999
665 11
666 999
668 0
669 999
675 3
676 998
679 148
680 999
686 0
687 23
688 10
689 999
690 0
691 999
7 999
709 4
71 4
710 999
712 953
713 202
714 148
715 999
716 999
717 999
72 999
724 673
725 953
73 146
737 3
738 999
74 999
746 135
747 999
756 0
757 992
764 999
765 999
767 999
768 999
8 985
80 2
81 999
87 12
88 999
90 993
91 999
1 264
10 499
100 499
101 499
102 456
103 499
104 297
105 499
107 499
108 203
111 0
112 499
113 499
114 499
116 155
117 499
118 460
119 499
120 498
121 499
124 499
125 499
126 499
127 499
129 498
13 0
130 499
131 499
132 499
135 499
136 499
137 499
138 499
14 499
140 499
141 499
143 499
144 499
148 499
149 499
15 7
150 499
151 499
152 20
153 499
155 499
156 499
157 499
158 499
16 499
160 495
161 499
163 499
164 499
165 496
166 499
167 499
168 499
17 0
172 499
173 499
174 499
175 499
176 34
177 499
178 499
179 499
18 499
180 37
181 499
185 223
186 499
187 449
188 499
189 28
19 499
190 499
195 496
196 499
197 64
198 499
2 499
20 499
205 499
206 499
208 499
209 499
21 281
211 499
212 499
213 499
214 499
217 499
218 499
219 89
22 499
220 499
223 499
224 499
225 456
226 499
227 494
228 499
229 499
23 497
230 499
232 24
233 499
234 67
235 499
236 499
237 499
24 499
240 499
241 499
245 499
246 499
247 499
248 499
250 499
251 488
253 499
254 499
255 495
256 499
257 491
258 499
259 499
26 499
260 499
261 87
262 499
263 88
264 499
265 497
266 499
267 499
268 499
269 491
27 499
270 499
271 499
272 499
275 499
276 499
278 499
279 499
28 499
281 499
282 499
284 470
285 499
286 494
287 499
29 499
291 499
292 499
293 469
294 499
296 499
297 499
298 459
299 499
30 70
300 66
301 499
302 499
303 499
304 495
305 499
306 499
307 499
31 499
311 499
312 499
313 496
314 499
316 499
317 499
32 23
320 499
321 499
323 499
324 499
325 134
326 499
329 499
33 499
330 499
331 4
332 499
335 499
336 499
337 197
338 499
340 499
341 499
345 498
346 499
347 182
348 499
349 488
35 499
350 499
351 145
352 499
353 495
354 499
355 499
356 499
357 461
358 499
359 422
36 499
360 499
363 499
364 499
367 499
368 499
369 26
370 499
372 499
373 499
376 499
377 499
378 499
379 499
38 45
380 79
381 499
382 499
383 499
384 499
385 499
386 488
387 499
39 499
390 499
391 499
392 499
393 499
394 217
395 499
396 499
397 499
398 499
399 499
40 486
400 499
401 499
402 14
403 499
405 499
406 499
408 499
409 499
41 499
410 297
411 499
412 499
413 499
414 188
415 499
416 15
417 499
418 492
419 499
420 499
421 499
422 499
423 499
424 499
425 499
426 482
427 499
429 482
430 499
432 499
433 499
434 499
435 499
437 182
438 499
439 499
44 499
440 499
441 499
442 499
443 191
444 499
445 498
446 499
449 499
45 499
450 499
451 498
452 499
454 499
455 499
456 23
457 499
458 499
459 499
46 498
461 499
462 499
464 499
465 499
466 70
467 499
468 210
469 499
47 499
470 95
471 499
472 6
473 499
474 493
475 499
476 189
477 499
479 499
480 499
481 24
482 499
485 499
486 499
49 499
491 459
492 499
494 311
495 499
497 499
498 499
499 233
5 209
50 499
500 499
503 499
504 499
505 499
506 499
507 59
508 499
510 456
511 499
514 499
515 499
516 103
517 499
519 499
52 177
520 499
522 487
523 499
526 490
527 499
529 483
53 499
530 448
532 499
533 499
534 499
535 499
536 499
537 499
538 496
539 499
54 461
540 15
541 499
543 499
544 499
546 496
547 499
548 499
549 499
55 499
551 492
552 49
553 28
554 499
557 55
558 499
56 1
561 499
562 499
563 499
564 499
565 499
566 499
567 499
568 499
569 499
57 499
570 499
571 499
572 499
573 499
574 499
576 499
577 499
578 499
579 499
58 70
580 480
581 499
582 499
583 499
584 486
585 499
587 499
588 499
589 499
59 499
590 499
591 498
592 499
593 499
594 499
596 499
597 499
598 499
599 499
6 499
600 499
601 499
605 499
606 499
607 497
608 499
609 499
610 499
613 0
614 490
616 471
617 499
618 499
619 499
620 499
621 499
623 499
624 499
625 499
626 499
628 499
629 499
63 499
630 467
631 499
632 17
633 499
635 499
636 499
638 499
639 499
64 499
640 499
641 499
642 20
643 499
644 499
645 499
648 499
649 499
65 499
650 499
651 499
653 499
654 499
656 499
657 499
66 499
661 0
662 499
664 499
665 499
666 499
667 499
670 499
671 499
672 499
673 499
674 499
675 499
678 118
679 499
68 385
680 116
681 499
684 438
685 499
686 499
687 499
688 499
689 499
69 499
690 499
691 499
692 499
693 499
694 247
695 499
696 83
697 499
698 57
699 499
7 497
70 491
700 4
701 499
702 497
703 499
704 473
705 499
706 4
707 468
71 499
74 0
75 499
76 442
77 499
78 499
79 499
8 499
80 473
81 499
83 64
84 499
86 86
87 499
88 499
89 499
9 499
91 483
92 499
93 84
94 499
95 11
96 499
97 499
98 499
1 9999
100 9999
101 9999
102 9999
103 9999
104 9999
105 7
106 9993
107 9986
108 9999
109 9999
110 9999
112 151
113 9999
114 9955
115 9999
117 9999
118 9999
12 8416
120 9955
121 9999
122 9930
123 9999
125 9999
126 9986
127 9999
128 9999
129 9994
13 9999
130 9999
131 9974
132 9999
133 9999
134 9999
135 967
136 9999
137 5300
138 9999
139 9987
14 9999
140 9999
141 9
142 9999
143 9999
144 9999
145 5218
146 9999
148 9955
149 9999
15 9999
150 7709
151 9999
152 9999
153 9999
154 9659
155 9999
157 9999
158 9999
159 9999
16 9999
160 9999
161 9948
162 9999
163 9999
164 9999
165 9997
166 9999
167 9897
168 9999
169 9999
17 9999
170 9999
172 9981
173 9999
174 9999
175 9999
176 9999
177 9999
179 9999
180 9999
181 54
182 9999
183 9999
184 9999
185 8653
186 9999
187 0
188 9986
189 187
190 9999
191 9983
192 9999
193 1377
194 9999
195 31
196 9999
197 7423
198 9999
2 9999
20 8538
200 9999
201 9955
202 115
203 9999
204 9999
205 9999
206 18
207 9999
208 1026
209 9999
21 9999
210 6240
211 9999
212 9999
213 9999
214 6949
215 9999
216 6429
217 9999
218 1443
219 9999
22 9999
220 9999
221 9999
222 247
223 9999
224 10
225 9999
226 9999
227 9999
229 905
23 9999
230 9999
232 9999
233 9999
234 9982
235 9999
236 9999
237 9999
238 9999
239 9999
240 8893
241 9999
242 9999
243 9999
244 1223
245 9999
246 9679
247 9999
248 9636
249 9999
25 3
250 284
251 9999
252 2
253 9999
254 9999
255 9999
256 9999
257 9999
258 1042
259 9999
26 9999
260 9992
261 9999
262 9999
263 9999
264 9999
265 9999
266 8777
267 9999
268 4
269 9999
270 9979
271 9999
272 9999
273 9999
275 9999
276 9999
278 9999
279 9938
28 65
280 9999
281 9999
282 9999
283 9999
284 253
285 9999
286 9988
287 9999
288 9999
289 9999
29 9993
291 9
292 9999
293 9999
294 9999
295 9999
296 9999
297 9987
298 9999
299 9999
3 277
300 9999
301 27
302 9999
303 9999
304 9999
305 9433
306 9999
307 9999
308 9999
309 9702
31 0
310 9999
311 325
312 9999
315 9998
316 9999
318 9473
319 9999
32 9999
320 6319
321 9999
322 9997
323 9999
325 8062
326 9999
33 9992
330 9999
331 9999
332 810
333 9999
335 967
336 9999
338 9999
339 9999
34 9999
341 9624
342 9999
343 9999
344 9999
347 9999
348 9999
349 9999
35 7547
350 9999
351 943
352 9999
353 9999
354 9999
355 9999
356 9999
357 9999
358 9999
36 9999
360 9978
361 9999
363 8514
364 9999
365 9999
366 9999
367 9940
368 9999
369 9999
37 215
370 9999
371 6051
372 9999
373 9999
374 9999
375 192
376 9999
377 9992
378 9999
379 9999
38 9999
380 9999
381 26
382 9999
383 9975
384 9999
385 9999
386 9999
387 9999
388 9999
389 9999
39 1377
390 9999
392 9999
393 9999
394 43
395 9999
397 0
398 9999
399 9999
4 9999
40 9999
400 9999
402 328
403 9999
405 9999
406 9999
407 9999
408 9999
409 9999
410 9999
411 3
412 9999
413 4916
414 9999
416 2
417 9999
418 9999
419 9999
42 9999
420 9999
421 9999
423 8420
424 9999
425 6803
426 9999
427 9940
428 9999
43 9999
430 9999
431 9999
432 786
433 9999
434 8955
435 9999
436 9757
437 9999
439 12
440 9999
441 9999
442 9999
443 9999
444 9999
445 9999
446 9999
447 9999
448 9999
45 9999
450 9977
451 9981
452 9999
453 9999
454 9972
455 9999
456 9925
457 9999
46 9999
460 0
461 9999
462 9169
463 9999
464 9999
465 9999
466 838
467 9999
468 9999
469 9999
47 9999
470 9999
471 9999
472 9529
473 9999
474 784
475 9999
476 9999
477 9999
478 9999
479 9999
48 9999
480 9046
481 9999
482 9999
483 9999
488 5007
489 9999
49 9999
490 4642
491 9999
492 9999
493 9999
494 253
495 9999
496 5920
497 9999
498 9999
499 9999
50 9999
501 9999
502 9999
505 6635
506 9999
507 29
508 9996
509 5032
51 858
510 9999
511 9999
512 9999
513 8802
514 9999
515 9913
516 9999
517 9925
518 9999
519 48
52 9999
520 9994
521 9982
522 9999
524 8730
525 9999
526 9921
527 9999
528 9433
529 9999
53 9960
531 9999
532 9993
533 9999
534 9999
535 9999
536 9999
537 9999
538 9999
539 9999
54 9999
540 9999
541 9892
542 9999
543 9999
544 9999
546 9978
547 9999
548 9999
549 9999
550 9999
551 9999
553 1
554 9999
555 608
556 9999
557 9693
558 9999
559 2213
56 52
560 9999
561 9999
562 9999
564 721
565 9999
566 8825
567 9999
568 9999
569 9999
57 9999
570 9999
571 9999
572 9999
573 9999
574 9999
575 9999
577 9999
578 9999
579 9999
580 9999
581 6255
582 9999
586 9999
587 9999
588 2
589 9999
590 1012
591 9999
593 457
594 9999
595 9555
596 9999
597 9999
598 9999
599 238
60 9999
600 9999
602 6052
603 9999
604 5712
605 9999
606 9898
607 9999
608 9999
609 9999
61 9999
614 13
615 9999
616 9999
617 9999
618 9
619 9995
62 6309
620 9922
621 9999
622 9983
623 9999
624 2016
625 9999
626 119
627 9999
628 8854
629 9999
63 9999
630 9999
631 9999
632 6096
633 9999
637 9986
638 9999
639 6791
64 9999
640 9999
641 9999
642 9999
644 9999
645 9999
647 0
648 9999
649 9999
65 9999
650 9999
651 9999
652 9999
653 10
654 9999
66 48
67 9999
68 0
69 9999
71 328
72 9999
73 9999
74 9999
75 9999
76 9999
77 5776
78 9999
79 9998
8 65
80 9999
81 9999
82 9999
83 9999
84 9999
86 0
87 9977
88 8734
89 9999
9 9999
90 16
91 9999
92 9999
93 9999
94 9999
95 9999
96 8915
97 9999
99 6187
1 9999
100 9999
101 9999
102 9999
103 9999
104 9999
105 7
106 9993
107 9986
108 9999
109 9999
110 9999
112 151
113 9999
114 9955
115 9999
117 9999
118 9999
12 8416
120 9955
121 9999
122 9930
123 9999
125 9999
126 9986
127 9999
128 9999
129 9994
13 9999
130 9999
131 9974
132 9999
133 9999
134 9999
135 967
136 9999
137 5300
138 9999
139 9987
14 9999
140 9999
141 9
142 9999
143 9999
144 9999
145 5218
146 9999
148 9955
149 9999
15 9999
150 7709
151 9999
152 9999
153 9999
154 9659
155 9999
157 9999
158 9999
159 9999
16 9999
160 9999
161 9948
162 9999
163 9999
164 9999
165 9997
166 9999
167 9897
168 9999
169 9999
17 9999
170 9999
172 9981
173 9999
174 9999
175 9999
176 9999
177 9999
179 9999
180 9999
181 54
182 9999
183 9999
184 9999
185 8653
186 9999
187 0
188 9986
189 187
190 9999
191 9983
192 9999
193 1377
194 9999
195 31
196 9999
197 7423
198 9999
2 9999
20 8538
200 9999
201 9955
202 115
203 9999
204 9999
205 9999
206 18
207 9999
208 1026
209 9999
21 9999
210 6240
211 9999
212 9999
213 9999
214 6949
215 9999
216 6429
217 9999
218 1443
219 9999
22 9999
220 9999
221 9999
222 247
223 9999
224 10
225 9999
226 9999
227 9999
229 905
23 9999
230 9999
232 9999
233 9999
234 9982
235 9999
236 9999
237 9999
238 9999
239 9999
240 8893
241 9999
242 9999
243 9999
244 1223
245 9999
246 9679
247 9999
248 9636
249 9999
25 3
250 284
251 9999
252 2
253 9999
254 9999
255 9999
256 9999
257 9999
258 1042
259 9999
26 9999
260 9992
261 9999
262 9999
263 9999
264 9999
265 9999
266 8777
267 9999
268 4
269 9999
270 9979
271 9999
272 9999
273 9999
275 9999
276 9999
278 9999
279 9938
28 65
280 9999
281 9999
282 9999
283 9999
284 253
285 9999
286 9988
287 9999
288 9999
289 9999
29 9993
291 9
292 9999
293 9999
294 9999
295 9999
296 9999
297 9987
298 9999
299 9999
3 277
300 9999
301 27
302 9999
303 9999
304 9999
305 9433
306 9999
307 9999
308 9999
309 9702
31 0
310 9999
311 325
312 9999
315 9998
316 9999
318 9473
319 9999
32 9999
320 6319
321 9999
322 9997
323 9999
325 8062
326 9999
33 9992
330 9999
331 9999
332 810
333 9999
335 967
336 9999
338 9999
339 9999
34 9999
341 9624
342 9999
343 9999
344 9999
347 9999
348 9999
349 9999
35 7547
350 9999
351 943
352 9999
353 9999
354 9999
355 9999
356 9999
357 9999
358 9999
36 9999
360 9978
361 9999
363 8514
364 9999
365 9999
366 9999
367 9940
368 9999
369 9999
37 215
370 9999
371 6051
372 9999
373 9999
374 9999
375 192
376 9999
377 9992
378 9999
379 9999
38 9999
380 9999
381 26
382 9999
383 9975
384 9999
385 9999
386 9999
387 9999
388 9999
389 9999
39 1377
390 9999
392 9999
393 9999
394 43
395 9999
397 0
398 9999
399 9999
4 9999
40 9999
400 9999
402 328
403 9999
405 9999
406 9999
407 9999
408 9999
409 9999
410 9999
411 3
412 9999
413 4916
414 9999
416 2
417 9999
418 9999
419 9999
42 9999
420 9999
421 9999
423 8420
424 9999
425 6803
426 9999
427 9940
428 9999
43 9999
430 9999
431 9999
432 786
433 9999
434 8955
435 9999
436 9757
437 9999
439 12
440 9999
441 9999
442 9999
443 9999
444 9999
445 9999
446 9999
447 9999
448 9999
45 9999
450 9977
451 9981
452 9999
453 9999
454 9972
455 9999
456 9925
457 9999
46 9999
460 0
461 9999
462 9169
463 9999
464 9999
465 9999
466 838
467 9999
468 9999
469 9999
47 9999
470 9999
471 9999
472 9529
473 9999
474 784
475 9999
476 9999
477 9999
478 9999
479 9999
48 9999
480 9046
481 9999
482 9999
483 9999
488 5007
489 9999
49 9999
490 4642
491 9999
492 9999
493 9999
494 253
495 9999
496 5920
497 9999
498 9999
499 9999
50 9999
501 9999
502 9999
505 6635
506 9999
507 29
508 9996
509 5032
51 858
510 9999
511 9999
512 9999
513 8802
514 9999
515 9913
516 9999
517 9925
518 9999
519 48
52 9999
520 9994
521 9982
522 9999
524 8730
525 9999
526 9921
527 9999
528 9433
529 9999
53 9960
531 9999
532 9993
533 9999
534 9999
535 9999
536 9999
537 9999
538 9999
539 9999
54 9999
540 9999
541 9892
542 9999
543 9999
544 9999
546 9978
547 9999
548 9999
549 9999
550 9999
551 9999
553 1
554 9999
555 608
556 9999
557 9693
558 9999
559 2213
56 52
560 9999
561 9999
562 9999
564 721
565 9999
566 8825
567 9999
568 9999
569 9999
57 9999
570 9999
571 9999
572 9999
573 9999
574 9999
575 9999
577 9999
578 9999
579 9999
580 9999
581 6255
582 9999
586 9999
587 9999
588 2
589 9999
590 1012
591 9999
593 457
594 9999
595 9555
596 9999
597 9999
598 9999
599 238
60 9999
600 9999
602 6052
603 9999
604 5712
605 9999
606 9898
607 9999
608 9999
609 9999
61 9999
614 13
615 9999
616 9999
617 9999
618 9
619 9995
62 6309
620 9922
621 9999
622 9983
623 9999
624 2016
625 9999
626 119
627 9999
628 8854
629 9999
63 9999
630 9999
631 9999
632 6096
633 9999
637 9986
638 9999
639 6791
64 9999
640 9999
641 9999
642 9999
644 9999
645 9999
647 0
648 9999
649 9999
65 9999
650 9999
651 9999
652 9999
653 10
654 9999
66 48
67 9999
68 0
69 9999
71 328
72 9999
73 9999
74 9999
75 9999
76 9999
77 5776
78 9999
79 9998
8 65
80 9999
81 9999
82 9999
83 9999
84 9999
86 0
87 9977
88 8734
89 9999
9 9999
90 16
91 9999
92 9999
93 9999
94 9999
95 9999
96 8915
97 9999
99 6187
