100 0
101 9997
105 7
106 9999
133 9996
134 9999
135 0
136 9999
138 9999
139 9996
151 92
152 9999
163 0
164 9999
167 1185
168 9999
177 1172
178 9999
200 607
201 9999
205 0
206 9576
222 6
223 9999
225 0
226 9972
228 9584
229 9187
247 0
248 9999
260 969
261 9999
278 9974
279 9997
285 0
286 9999
303 9995
304 9999
305 9996
306 9999
308 6491
309 31
316 0
317 9999
342 9974
343 9999
347 58
348 9999
352 0
353 9999
354 110
355 9999
372 9995
373 9999
378 9999
379 9953
381 49
382 9999
39 0
399 1308
40 9995
400 9999
403 0
404 9999
433 0
434 9999
44 9999
45 7
46 0
47 9967
474 9999
475 9996
482 0
483 58
51 7
52 9999
531 972
532 9
534 9440
535 9937
565 847
566 9999
627 0
628 9997
646 9966
647 9998
648 8817
649 9999
659 1112
660 9999
661 4
662 9999
667 7
668 9997
669 407
670 9999
684 6414
685 0
74 9674
75 9999
84 7
85 9999
87 9999
88 33
98 7
99 9999
100 0
101 9997
105 7
106 9999
133 9996
134 9999
135 0
136 9999
138 9999
139 9996
151 92
152 9999
163 0
164 9999
167 1185
168 9999
177 1172
178 9999
200 607
201 9999
205 0
206 9576
222 6
223 9999
225 0
226 9972
228 9584
229 9187
247 0
248 9999
260 969
261 9999
278 9974
279 9997
285 0
286 9999
303 9995
304 9999
305 9996
306 9999
308 6491
309 31
316 0
317 9999
342 9974
343 9999
347 58
348 9999
352 0
353 9999
354 110
355 9999
372 9995
373 9999
378 9999
379 9953
381 49
382 9999
39 0
399 1308
40 9995
400 9999
403 0
404 9999
433 0
434 9999
44 9999
45 7
46 0
47 9967
474 9999
475 9996
482 0
483 58
51 7
52 9999
531 972
532 9
534 9440
535 9937
565 847
566 9999
627 0
628 9997
646 9966
647 9998
648 8817
649 9999
659 1112
660 9999
661 4
662 9999
667 7
668 9997
669 407
670 9999
684 6414
685 0
74 9674
75 9999
84 7
85 9999
87 9999
88 33
98 7
99 9999
0 0
1 0
10 0
100 0
101 0
102 0
103 0
104 0
105 0
106 0
107 0
108 0
109 0
11 0
110 0
111 0
112 0
113 0
114 0
115 0
116 0
117 0
118 0
119 0
12 0
120 0
121 0
122 0
123 0
124 0
125 0
126 0
127 0
128 0
129 0
13 0
130 0
131 0
132 0
133 0
134 0
135 0
136 0
137 0
138 0
139 0
14 0
140 0
141 0
142 0
143 0
144 0
145 0
146 0
147 0
148 0
149 0
15 0
150 0
151 0
152 0
153 0
154 0
155 0
156 0
157 0
158 0
159 0
16 0
160 0
161 0
162 0
163 0
164 0
165 0
166 0
167 0
168 0
169 0
17 0
170 0
171 0
172 0
173 0
174 0
175 0
176 0
177 0
178 0
179 0
18 0
180 0
181 0
182 0
183 0
184 0
185 0
186 0
187 0
188 0
189 0
19 0
190 0
191 0
192 0
193 0
194 0
195 0
196 0
197 0
198 0
199 0
2 0
20 0
200 0
201 0
202 0
203 0
204 0
205 0
206 0
207 0
208 0
209 0
21 0
210 0
211 0
212 0
213 0
214 0
215 0
216 0
217 0
218 0
219 0
22 0
220 0
221 0
222 0
223 0
224 0
225 0
226 0
227 0
228 0
229 0
23 0
230 0
231 0
232 0
233 0
234 0
235 0
236 0
237 0
238 0
239 0
24 0
240 0
241 0
242 0
243 0
244 0
245 0
246 0
247 0
248 0
249 0
25 0
250 0
251 0
252 0
253 0
254 0
255 0
256 0
257 0
258 0
259 0
26 0
260 0
261 0
262 0
263 0
264 0
265 0
266 0
267 0
268 0
269 0
27 0
270 0
271 0
272 0
273 0
274 0
275 0
276 0
277 0
278 0
279 0
28 0
280 0
281 0
282 0
283 0
284 0
285 0
286 0
287 0
288 0
289 0
29 0
290 0
291 0
292 0
293 0
294 0
295 0
296 0
297 0
298 0
299 0
3 0
30 0
300 0
301 0
302 0
303 0
304 0
305 0
306 0
307 0
308 0
309 0
31 0
310 0
311 0
312 0
313 0
314 0
315 0
316 0
317 0
318 0
319 0
32 0
320 0
321 0
322 0
323 0
324 0
325 0
326 0
327 0
328 0
329 0
33 0
330 0
331 0
332 0
333 0
334 0
335 0
336 0
337 0
338 0
339 0
34 0
340 0
341 0
342 0
343 0
344 0
345 0
346 0
347 0
348 0
349 0
35 0
350 0
351 0
352 0
353 0
354 0
355 0
356 0
357 0
358 0
359 0
36 0
360 0
361 0
362 0
363 0
364 0
365 0
366 0
367 0
368 0
369 0
37 0
370 0
371 0
372 0
373 0
374 0
375 0
376 0
377 0
378 0
379 0
38 0
380 0
381 0
382 0
383 0
384 0
385 0
386 0
387 0
388 0
389 0
39 0
390 0
391 0
392 0
393 0
394 0
395 0
396 0
397 0
398 0
399 0
4 0
40 0
400 0
401 0
402 0
403 0
404 0
405 0
406 0
407 0
408 0
409 0
41 0
410 0
411 0
412 0
413 0
414 0
415 0
416 0
417 0
418 0
419 0
42 0
420 0
421 0
422 0
423 0
424 0
425 0
426 0
427 0
428 0
429 0
43 0
430 0
431 0
432 0
433 0
434 0
435 0
436 0
437 0
438 0
439 0
44 0
440 0
441 0
442 0
443 0
444 0
445 0
446 0
447 0
448 0
449 0
45 0
450 0
451 0
452 0
453 0
454 0
455 0
456 0
457 0
458 0
459 0
46 0
460 0
461 0
462 0
463 0
464 0
465 0
466 0
467 0
468 0
469 0
47 0
470 0
471 0
472 0
473 0
474 0
475 0
476 0
477 0
478 0
479 0
48 0
480 0
481 0
482 0
483 0
484 0
485 0
486 0
487 0
488 0
489 0
49 0
490 0
491 0
492 0
493 0
494 0
495 0
496 0
497 0
498 0
499 0
5 0
50 0
500 0
501 0
502 0
503 0
504 0
505 0
51 0
52 0
53 0
54 0
55 0
56 0
57 0
58 0
59 0
6 0
60 0
61 0
62 0
63 0
64 0
65 0
66 0
67 0
68 0
69 0
7 0
70 0
71 0
72 0
73 0
74 0
75 0
76 0
77 0
78 0
79 0
8 0
80 0
81 0
82 0
83 0
84 0
85 0
86 0
87 0
88 0
89 0
9 0
90 0
91 0
92 0
93 0
94 0
95 0
96 0
97 0
98 0
99 0
0 0
1 0
10 0
100 0
101 0
102 0
103 0
104 0
105 0
106 0
107 0
108 0
109 0
11 0
110 0
111 0
112 0
113 0
114 0
115 0
116 0
117 0
118 0
119 0
12 0
120 0
121 0
122 0
123 0
124 0
125 0
126 0
127 0
128 0
129 0
13 0
130 0
131 0
132 0
133 0
134 0
135 0
136 0
137 0
138 0
139 0
14 0
140 0
141 0
142 0
143 0
144 0
145 0
146 0
147 0
148 0
149 0
15 0
150 0
151 0
152 0
153 0
154 0
155 0
156 0
157 0
158 0
159 0
16 0
160 0
161 0
162 0
163 0
164 0
165 0
166 0
167 0
168 0
169 0
17 0
170 0
171 0
172 0
173 0
174 0
175 0
176 0
177 0
178 0
179 0
18 0
180 0
181 0
182 0
183 0
184 0
185 0
186 0
187 0
188 0
189 0
19 0
190 0
191 0
192 0
193 0
194 0
195 0
196 0
197 0
198 0
199 0
2 0
20 0
200 0
201 0
202 0
203 0
204 0
205 0
206 0
207 0
208 0
209 0
21 0
210 0
211 0
212 0
213 0
214 0
215 0
216 0
217 0
218 0
219 0
22 0
220 0
221 0
222 0
223 0
224 0
225 0
226 0
227 0
228 0
229 0
23 0
230 0
231 0
232 0
233 0
234 0
235 0
236 0
237 0
238 0
239 0
24 0
240 0
241 0
242 0
243 0
244 0
245 0
246 0
247 0
248 0
249 0
25 0
250 0
251 0
252 0
253 0
254 0
255 0
256 0
257 0
258 0
259 0
26 0
260 0
261 0
262 0
263 0
264 0
265 0
266 0
267 0
268 0
269 0
27 0
270 0
271 0
272 0
273 0
274 0
275 0
276 0
277 0
278 0
279 0
28 0
280 0
281 0
282 0
283 0
284 0
285 0
286 0
287 0
288 0
289 0
29 0
290 0
291 0
292 0
293 0
294 0
295 0
296 0
297 0
298 0
299 0
3 0
30 0
300 0
301 0
302 0
303 0
304 0
305 0
306 0
307 0
308 0
309 0
31 0
310 0
311 0
312 0
313 0
314 0
315 0
316 0
317 0
318 0
319 0
32 0
320 0
321 0
322 0
323 0
324 0
325 0
326 0
327 0
328 0
329 0
33 0
330 0
331 0
332 0
333 0
334 0
335 0
336 0
337 0
338 0
339 0
34 0
340 0
341 0
342 0
343 0
344 0
345 0
346 0
347 0
348 0
349 0
35 0
350 0
351 0
352 0
353 0
354 0
355 0
356 0
357 0
358 0
359 0
36 0
360 0
361 0
362 0
363 0
364 0
365 0
366 0
367 0
368 0
369 0
37 0
370 0
371 0
372 0
373 0
374 0
375 0
376 0
377 0
378 0
379 0
38 0
380 0
381 0
382 0
383 0
384 0
385 0
386 0
387 0
388 0
389 0
39 0
390 0
391 0
392 0
393 0
394 0
395 0
396 0
397 0
398 0
399 0
4 0
40 0
400 0
401 0
402 0
403 0
404 0
405 0
406 0
407 0
408 0
409 0
41 0
410 0
411 0
412 0
413 0
414 0
415 0
416 0
417 0
418 0
419 0
42 0
420 0
421 0
422 0
423 0
424 0
425 0
426 0
427 0
428 0
429 0
43 0
430 0
431 0
432 0
433 0
434 0
435 0
436 0
437 0
438 0
439 0
44 0
440 0
441 0
442 0
443 0
444 0
445 0
446 0
447 0
448 0
449 0
45 0
450 0
451 0
452 0
453 0
454 0
455 0
456 0
457 0
458 0
459 0
46 0
460 0
461 0
462 0
463 0
464 0
465 0
466 0
467 0
468 0
469 0
47 0
470 0
471 0
472 0
473 0
474 0
475 0
476 0
477 0
478 0
479 0
48 0
480 0
481 0
482 0
483 0
484 0
485 0
486 0
487 0
488 0
489 0
49 0
490 0
491 0
492 0
493 0
494 0
495 0
496 0
497 0
498 0
499 0
5 0
50 0
500 0
501 0
502 0
503 0
504 0
505 0
51 0
52 0
53 0
54 0
55 0
56 0
57 0
58 0
59 0
6 0
60 0
61 0
62 0
63 0
64 0
65 0
66 0
67 0
68 0
69 0
7 0
70 0
71 0
72 0
73 0
74 0
75 0
76 0
77 0
78 0
79 0
8 0
80 0
81 0
82 0
83 0
84 0
85 0
86 0
87 0
88 0
89 0
9 0
90 0
91 0
92 0
93 0
94 0
95 0
96 0
97 0
98 0
99 0
0 0
1 0
10 0
100 0
101 0
102 0
103 0
104 0
105 0
106 0
107 0
108 0
109 0
11 0
110 0
111 0
112 0
113 0
114 0
115 0
116 0
117 0
118 0
119 0
12 0
120 0
121 0
122 0
123 0
124 0
125 0
126 0
127 0
128 0
129 0
13 0
130 0
131 0
132 0
133 0
134 0
135 0
136 0
137 0
138 0
139 0
14 0
140 0
141 0
142 0
143 0
144 0
145 0
146 0
147 0
148 0
149 0
15 0
150 0
151 0
152 0
153 0
154 0
155 0
156 0
157 0
158 0
159 0
16 0
160 0
161 0
162 0
163 0
164 0
165 0
166 0
167 0
168 0
169 0
17 0
170 0
171 0
172 0
173 0
174 0
175 0
176 0
177 0
178 0
179 0
18 0
180 0
181 0
182 0
183 0
184 0
185 0
186 0
187 0
188 0
189 0
19 0
190 0
191 0
192 0
193 0
194 0
195 0
196 0
197 0
198 0
199 0
2 0
20 0
200 0
201 0
202 0
203 0
204 0
205 0
206 0
207 0
208 0
209 0
21 0
210 0
211 0
212 0
213 0
214 0
215 0
216 0
217 0
218 0
219 0
22 0
220 0
221 0
222 0
223 0
224 0
225 0
226 0
227 0
228 0
229 0
23 0
230 0
231 0
232 0
233 0
234 0
235 0
236 0
237 0
238 0
239 0
24 0
240 0
241 0
242 0
243 0
244 0
245 0
246 0
247 0
248 0
249 0
25 0
250 0
251 0
252 0
253 0
254 0
255 0
256 0
257 0
258 0
259 0
26 0
260 0
261 0
262 0
263 0
264 0
265 0
266 0
267 0
268 0
269 0
27 0
270 0
271 0
272 0
273 0
274 0
275 0
276 0
277 0
278 0
279 0
28 0
280 0
281 0
282 0
283 0
284 0
285 0
286 0
287 0
288 0
289 0
29 0
290 0
291 0
292 0
293 0
294 0
295 0
296 0
297 0
298 0
299 0
3 0
30 0
300 0
301 0
302 0
303 0
304 0
305 0
306 0
307 0
308 0
309 0
31 0
310 0
311 0
312 0
313 0
314 0
315 0
316 0
317 0
318 0
319 0
32 0
320 0
321 0
322 0
323 0
324 0
325 0
326 0
327 0
328 0
329 0
33 0
330 0
331 0
332 0
333 0
334 0
335 0
336 0
337 0
338 0
339 0
34 0
340 0
341 0
342 0
343 0
344 0
345 0
346 0
347 0
348 0
349 0
35 0
350 0
351 0
352 0
353 0
354 0
355 0
356 0
357 0
358 0
359 0
36 0
360 0
361 0
362 0
363 0
364 0
365 0
366 0
367 0
368 0
369 0
37 0
370 0
371 0
372 0
373 0
374 0
375 0
376 0
377 0
378 0
379 0
38 0
380 0
381 0
382 0
383 0
384 0
385 0
386 0
387 0
388 0
389 0
39 0
390 0
391 0
392 0
393 0
394 0
395 0
396 0
397 0
398 0
399 0
4 0
40 0
400 0
401 0
402 0
403 0
404 0
405 0
406 0
407 0
408 0
409 0
41 0
410 0
411 0
412 0
413 0
414 0
415 0
416 0
417 0
418 0
419 0
42 0
420 0
421 0
422 0
423 0
424 0
425 0
426 0
427 0
428 0
429 0
43 0
430 0
431 0
432 0
433 0
434 0
435 0
436 0
437 0
438 0
439 0
44 0
440 0
441 0
442 0
443 0
444 0
445 0
446 0
447 0
448 0
449 0
45 0
450 0
451 0
452 0
453 0
454 0
455 0
456 0
457 0
458 0
459 0
46 0
460 0
461 0
462 0
463 0
464 0
465 0
466 0
467 0
468 0
469 0
47 0
470 0
471 0
472 0
473 0
474 0
475 0
476 0
477 0
478 0
479 0
48 0
480 0
481 0
482 0
483 0
484 0
485 0
486 0
487 0
488 0
489 0
49 0
490 0
491 0
492 0
493 0
494 0
495 0
496 0
497 0
498 0
499 0
5 0
50 0
500 0
501 0
502 0
503 0
504 0
505 0
51 0
52 0
53 0
54 0
55 0
56 0
57 0
58 0
59 0
6 0
60 0
61 0
62 0
63 0
64 0
65 0
66 0
67 0
68 0
69 0
7 0
70 0
71 0
72 0
73 0
74 0
75 0
76 0
77 0
78 0
79 0
8 0
80 0
81 0
82 0
83 0
84 0
85 0
86 0
87 0
88 0
89 0
9 0
90 0
91 0
92 0
93 0
94 0
95 0
96 0
97 0
98 0
99 0
0 0
1 0
10 0
100 0
101 0
102 0
103 0
104 0
105 0
106 0
107 0
108 0
109 0
11 0
110 0
111 0
112 0
113 0
114 0
115 0
116 0
117 0
118 0
119 0
12 0
120 0
121 0
122 0
123 0
124 0
125 0
126 0
127 0
128 0
129 0
13 0
130 0
131 0
132 0
133 0
134 0
135 0
136 0
137 0
138 0
139 0
14 0
140 0
141 0
142 0
143 0
144 0
145 0
146 0
147 0
148 0
149 0
15 0
150 0
151 0
152 0
153 0
154 0
155 0
156 0
157 0
158 0
159 0
16 0
160 0
161 0
162 0
163 0
164 0
165 0
166 0
167 0
168 0
169 0
17 0
170 0
171 0
172 0
173 0
174 0
175 0
176 0
177 0
178 0
179 0
18 0
180 0
181 0
182 0
183 0
184 0
185 0
186 0
187 0
188 0
189 0
19 0
190 0
191 0
192 0
193 0
194 0
195 0
196 0
197 0
198 0
199 0
2 0
20 0
200 0
201 0
202 0
203 0
204 0
205 0
206 0
207 0
208 0
209 0
21 0
210 0
211 0
212 0
213 0
214 0
215 0
216 0
217 0
218 0
219 0
22 0
220 0
221 0
222 0
223 0
224 0
225 0
226 0
227 0
228 0
229 0
23 0
230 0
231 0
232 0
233 0
234 0
235 0
236 0
237 0
238 0
239 0
24 0
240 0
241 0
242 0
243 0
244 0
245 0
246 0
247 0
248 0
249 0
25 0
250 0
251 0
252 0
253 0
254 0
255 0
256 0
257 0
258 0
259 0
26 0
260 0
261 0
262 0
263 0
264 0
265 0
266 0
267 0
268 0
269 0
27 0
270 0
271 0
272 0
273 0
274 0
275 0
276 0
277 0
278 0
279 0
28 0
280 0
281 0
282 0
283 0
284 0
285 0
286 0
287 0
288 0
289 0
29 0
290 0
291 0
292 0
293 0
294 0
295 0
296 0
297 0
298 0
299 0
3 0
30 0
300 0
301 0
302 0
303 0
304 0
305 0
306 0
307 0
308 0
309 0
31 0
310 0
311 0
312 0
313 0
314 0
315 0
316 0
317 0
318 0
319 0
32 0
320 0
321 0
322 0
323 0
324 0
325 0
326 0
327 0
328 0
329 0
33 0
330 0
331 0
332 0
333 0
334 0
335 0
336 0
337 0
338 0
339 0
34 0
340 0
341 0
342 0
343 0
344 0
345 0
346 0
347 0
348 0
349 0
35 0
350 0
351 0
352 0
353 0
354 0
355 0
356 0
357 0
358 0
359 0
36 0
360 0
361 0
362 0
363 0
364 0
365 0
366 0
367 0
368 0
369 0
37 0
370 0
371 0
372 0
373 0
374 0
375 0
376 0
377 0
378 0
379 0
38 0
380 0
381 0
382 0
383 0
384 0
385 0
386 0
387 0
388 0
389 0
39 0
390 0
391 0
392 0
393 0
394 0
395 0
396 0
397 0
398 0
399 0
4 0
40 0
400 0
401 0
402 0
403 0
404 0
405 0
406 0
407 0
408 0
409 0
41 0
410 0
411 0
412 0
413 0
414 0
415 0
416 0
417 0
418 0
419 0
42 0
420 0
421 0
422 0
423 0
424 0
425 0
426 0
427 0
428 0
429 0
43 0
430 0
431 0
432 0
433 0
434 0
435 0
436 0
437 0
438 0
439 0
44 0
440 0
441 0
442 0
443 0
444 0
445 0
446 0
447 0
448 0
449 0
45 0
450 0
451 0
452 0
453 0
454 0
455 0
456 0
457 0
458 0
459 0
46 0
460 0
461 0
462 0
463 0
464 0
465 0
466 0
467 0
468 0
469 0
47 0
470 0
471 0
472 0
473 0
474 0
475 0
476 0
477 0
478 0
479 0
48 0
480 0
481 0
482 0
483 0
484 0
485 0
486 0
487 0
488 0
489 0
49 0
490 0
491 0
492 0
493 0
494 0
495 0
496 0
497 0
498 0
499 0
5 0
50 0
500 0
501 0
502 0
503 0
504 0
505 0
506 0
507 0
508 0
509 0
51 0
510 0
511 0
512 0
513 0
514 0
515 0
52 0
53 0
54 0
55 0
56 0
57 0
58 0
59 0
6 0
60 0
61 0
62 0
63 0
64 0
65 0
66 0
67 0
68 0
69 0
7 0
70 0
71 0
72 0
73 0
74 0
75 0
76 0
77 0
78 0
79 0
8 0
80 0
81 0
82 0
83 0
84 0
85 0
86 0
87 0
88 0
89 0
9 0
90 0
91 0
92 0
93 0
94 0
95 0
96 0
97 0
98 0
99 0
0 0
1 0
10 0
100 0
101 0
102 0
103 0
104 0
105 0
106 0
107 0
108 0
109 0
11 0
110 0
111 0
112 0
113 0
114 0
115 0
116 0
117 0
118 0
119 0
12 0
120 0
121 0
122 0
123 0
124 0
125 0
126 0
127 0
128 0
129 0
13 0
130 0
131 0
132 0
133 0
134 0
135 0
136 0
137 0
138 0
139 0
14 0
140 0
141 0
142 0
143 0
144 0
145 0
146 0
147 0
148 0
149 0
15 0
150 0
151 0
152 0
153 0
154 0
155 0
156 0
157 0
158 0
159 0
16 0
160 0
161 0
162 0
163 0
164 0
165 0
166 0
167 0
168 0
169 0
17 0
170 0
171 0
172 0
173 0
174 0
175 0
176 0
177 0
178 0
179 0
18 0
180 0
181 0
182 0
183 0
184 0
185 0
186 0
187 0
188 0
189 0
19 0
190 0
191 0
192 0
193 0
194 0
195 0
196 0
197 0
198 0
199 0
2 0
20 0
200 0
201 0
202 0
203 0
204 0
205 0
206 0
207 0
208 0
209 0
21 0
210 0
211 0
212 0
213 0
214 0
215 0
216 0
217 0
218 0
219 0
22 0
220 0
221 0
222 0
223 0
224 0
225 0
226 0
227 0
228 0
229 0
23 0
230 0
231 0
232 0
233 0
234 0
235 0
236 0
237 0
238 0
239 0
24 0
240 0
241 0
242 0
243 0
244 0
245 0
246 0
247 0
248 0
249 0
25 0
250 0
251 0
252 0
253 0
254 0
255 0
256 0
257 0
258 0
259 0
26 0
260 0
261 0
262 0
263 0
264 0
265 0
266 0
267 0
268 0
269 0
27 0
270 0
271 0
272 0
273 0
274 0
275 0
276 0
277 0
278 0
279 0
28 0
280 0
281 0
282 0
283 0
284 0
285 0
286 0
287 0
288 0
289 0
29 0
290 0
291 0
292 0
293 0
294 0
295 0
296 0
297 0
298 0
299 0
3 0
30 0
300 0
301 0
302 0
303 0
304 0
305 0
306 0
307 0
308 0
309 0
31 0
310 0
311 0
312 0
313 0
314 0
315 0
316 0
317 0
318 0
319 0
32 0
320 0
321 0
322 0
323 0
324 0
325 0
326 0
327 0
328 0
329 0
33 0
330 0
331 0
332 0
333 0
334 0
335 0
336 0
337 0
338 0
339 0
34 0
340 0
341 0
342 0
343 0
344 0
345 0
346 0
347 0
348 0
349 0
35 0
350 0
351 0
352 0
353 0
354 0
355 0
356 0
357 0
358 0
359 0
36 0
360 0
361 0
362 0
363 0
364 0
365 0
366 0
367 0
368 0
369 0
37 0
370 0
371 0
372 0
373 0
374 0
375 0
376 0
377 0
378 0
379 0
38 0
380 0
381 0
382 0
383 0
384 0
385 0
386 0
387 0
388 0
389 0
39 0
390 0
391 0
392 0
393 0
394 0
395 0
396 0
397 0
398 0
399 0
4 0
40 0
400 0
401 0
402 0
403 0
404 0
405 0
406 0
407 0
408 0
409 0
41 0
410 0
411 0
412 0
413 0
414 0
415 0
416 0
417 0
418 0
419 0
42 0
420 0
421 0
422 0
423 0
424 0
425 0
426 0
427 0
428 0
429 0
43 0
430 0
431 0
432 0
433 0
434 0
435 0
436 0
437 0
438 0
439 0
44 0
440 0
441 0
442 0
443 0
444 0
445 0
446 0
447 0
448 0
449 0
45 0
450 0
451 0
452 0
453 0
454 0
455 0
456 0
457 0
458 0
459 0
46 0
460 0
461 0
462 0
463 0
464 0
465 0
466 0
467 0
468 0
469 0
47 0
470 0
471 0
472 0
473 0
474 0
475 0
476 0
477 0
478 0
479 0
48 0
480 0
481 0
482 0
483 0
484 0
485 0
486 0
487 0
488 0
489 0
49 0
490 0
491 0
492 0
493 0
494 0
495 0
496 0
497 0
498 0
499 0
5 0
50 0
500 0
501 0
502 0
503 0
504 0
505 0
51 0
52 0
53 0
54 0
55 0
56 0
57 0
58 0
59 0
6 0
60 0
61 0
62 0
63 0
64 0
65 0
66 0
67 0
68 0
69 0
7 0
70 0
71 0
72 0
73 0
74 0
75 0
76 0
77 0
78 0
79 0
8 0
80 0
81 0
82 0
83 0
84 0
85 0
86 0
87 0
88 0
89 0
9 0
90 0
91 0
92 0
93 0
94 0
95 0
96 0
97 0
98 0
99 0
116 0
117 0
135 0
136 0
140 0
141 0
143 0
144 0
155 0
156 0
161 0
162 0
175 0
176 0
179 0
18 0
180 0
19 0
190 0
191 0
209 0
210 0
222 0
223 0
230 0
231 0
246 0
247 0
261 0
262 0
277 0
278 0
283 0
284 0
289 0
290 0
3 0
304 0
305 0
311 0
312 0
314 0
315 0
317 0
318 0
327 0
328 0
332 0
333 0
343 0
344 0
348 0
349 0
359 0
360 0
385 0
386 0
390 0
391 0
4 0
405 0
406 0
410 0
411 0
412 0
413 0
42 0
43 0
435 0
436 0
438 0
439 0
444 0
445 0
446 0
447 0
451 0
452 0
454 0
455 0
46 0
466 0
467 0
47 0
470 0
471 0
472 0
473 0
475 0
476 0
477 0
478 0
485 0
486 0
496 0
497 0
501 0
502 0
509 0
510 0
514 0
515 0
518 0
519 0
521 0
522 0
544 0
545 0
550 0
551 0
555 0
556 0
560 0
561 0
581 0
582 0
586 0
587 0
597 0
598 0
613 0
614 0
629 0
63 0
630 0
631 0
632 0
633 0
634 0
638 0
639 0
64 0
648 0
649 0
652 0
653 0
671 0
672 0
676 0
677 0
75 0
76 0
86 0
87 0
97 0
98 0
116 473
117 150
135 471
136 460
140 469
141 44
143 469
144 469
155 142
156 466
161 436
162 209
175 166
176 0
179 462
18 416
180 442
19 488
190 461
191 459
209 455
210 460
222 6
223 459
230 0
231 449
246 359
247 6
261 456
262 456
277 215
278 456
283 455
284 393
289 455
290 87
3 10
304 449
305 448
311 0
312 451
314 453
315 453
317 121
318 453
327 0
328 2
332 444
333 6
343 450
344 82
348 0
349 452
359 447
360 206
385 282
386 433
390 0
391 6
4 494
405 0
406 447
410 417
411 447
412 22
413 447
42 2
43 482
435 446
436 445
438 15
439 446
444 443
445 446
446 119
447 446
451 446
452 446
454 3
455 446
46 0
466 0
467 445
47 15
470 0
471 445
472 1
473 445
475 445
476 444
477 38
478 445
485 74
486 445
496 2
497 445
501 15
502 445
509 445
510 445
514 445
515 443
518 0
519 445
521 444
522 444
544 1
545 442
550 441
551 442
555 21
556 442
560 442
561 442
581 362
582 442
586 0
587 15
597 240
598 442
613 23
614 442
629 0
63 442
630 55
631 380
632 441
633 44
634 441
638 335
639 441
64 1
648 440
649 428
652 440
653 6
671 438
672 437
676 396
677 28
75 476
76 477
86 0
87 10
97 22
98 474
102 502
103 993
108 999
109 15
110 925
111 999
113 1
114 999
119 0
12 641
120 13
125 0
126 999
129 55
13 13
130 999
14 102
141 873
142 999
148 27
149 999
15 999
16 999
161 999
162 999
163 12
164 999
166 999
167 865
17 999
173 193
174 999
176 999
177 149
183 0
184 0
198 999
199 999
211 998
212 989
214 1
215 999
230 875
231 999
237 183
238 999
240 994
241 999
247 3
248 999
264 992
265 999
268 963
269 999
276 924
277 999
279 900
280 999
293 978
294 999
295 912
296 999
298 0
299 999
310 992
311 999
313 1
314 999
317 951
318 999
335 990
336 993
339 11
340 999
342 999
343 991
356 147
357 999
363 0
364 13
366 0
367 999
383 999
384 999
392 939
393 999
394 905
395 999
399 999
4 4
400 999
411 2
412 999
414 999
415 999
421 0
422 356
436 0
437 136
439 2
440 999
452 999
453 999
46 999
462 999
463 999
465 15
466 999
47 102
476 999
477 998
480 999
481 0
483 12
484 999
489 901
490 999
5 999
504 1
505 999
517 924
518 15
535 0
536 999
538 167
539 999
544 3
545 999
547 993
548 997
564 1
565 999
568 999
569 11
573 1
574 999
577 999
578 999
579 125
580 999
586 0
587 989
592 879
593 921
604 503
605 999
628 1
629 999
636 0
637 1
638 0
639 999
67 0
68 4
77 999
78 999
81 881
82 999
83 25
84 999
86 999
87 999
89 182
90 999
102 502
103 993
108 999
109 15
110 925
111 999
113 1
114 999
119 0
12 641
120 13
125 0
126 999
129 55
13 13
130 999
14 102
141 873
142 999
148 27
149 999
15 999
16 999
161 999
162 999
163 12
164 999
166 999
167 865
17 999
173 193
174 999
176 999
177 149
183 0
184 0
198 999
199 999
211 998
212 989
214 1
215 999
230 875
231 999
237 183
238 999
240 994
241 999
247 3
248 999
264 992
265 999
268 963
269 999
276 924
277 999
279 900
280 999
293 978
294 999
295 912
296 999
298 0
299 999
310 992
311 999
313 1
314 999
317 951
318 999
335 990
336 993
339 11
340 999
342 999
343 991
356 147
357 999
363 0
364 13
366 0
367 999
383 999
384 999
392 939
393 999
394 905
395 999
399 999
4 4
400 999
411 2
412 999
414 999
415 999
421 0
422 356
436 0
437 136
439 2
440 999
452 999
453 999
46 999
462 999
463 999
465 15
466 999
47 102
476 999
477 998
480 999
481 0
483 12
484 999
489 901
490 999
5 999
504 1
505 999
517 924
518 15
535 0
536 999
538 167
539 999
544 3
545 999
547 993
548 997
564 1
565 999
568 999
569 11
573 1
574 999
577 999
578 999
579 125
580 999
586 0
587 989
592 879
593 921
604 503
605 999
628 1
629 999
636 0
637 1
638 0
639 999
67 0
68 4
77 999
78 999
81 881
82 999
83 25
84 999
86 999
87 999
89 182
90 999
105 2
106 982
107 0
108 981
11 992
111 0
112 982
115 3
116 982
12 993
121 978
122 982
124 1
125 982
141 949
142 0
149 877
150 981
151 1
152 981
157 5
158 981
168 980
169 980
171 592
172 980
178 0
179 932
180 668
181 979
202 0
203 978
205 964
206 978
207 3
208 978
22 602
225 977
226 977
227 958
228 976
23 989
231 868
232 976
238 58
239 975
240 957
241 975
245 0
246 6
251 835
252 975
253 4
254 975
255 15
256 975
26 3
261 1
262 975
264 0
265 975
27 988
281 3
282 975
283 974
284 975
291 0
292 567
297 0
298 975
299 13
300 975
301 508
302 975
304 895
305 975
310 18
311 975
318 9
319 974
322 0
323 971
332 218
333 975
335 975
336 965
337 4
338 975
358 972
359 975
36 984
361 3
362 975
363 0
364 974
369 975
37 985
370 975
393 190
394 974
395 22
396 974
402 0
403 955
411 0
412 971
418 0
419 974
425 652
426 974
44 9
440 846
441 972
442 0
443 945
449 974
45 985
450 974
455 974
456 974
459 5
460 974
461 946
462 974
474 974
475 2
476 1
477 974
48 2
49 984
496 0
497 974
498 0
499 974
506 609
507 974
512 974
513 974
514 973
515 974
522 838
523 973
526 1
527 972
528 1
529 972
53 178
533 2
534 972
54 985
545 1
546 972
550 972
551 861
552 379
553 972
555 971
556 972
559 0
560 0
574 942
575 2
58 2
59 984
594 31
595 970
6 1
60 0
600 967
601 969
606 0
607 0
61 985
610 1
611 969
62 148
622 270
623 968
63 985
647 638
648 967
7 993
75 0
76 984
77 114
78 984
86 12
87 984
91 151
92 983
98 952
99 0
102 502
103 993
108 999
109 15
110 925
111 999
113 1
114 999
119 0
12 641
120 13
125 0
126 999
129 55
13 13
130 999
14 102
141 873
142 999
148 27
149 999
15 999
16 999
161 999
162 999
163 12
164 999
166 999
167 865
17 999
173 193
174 999
176 999
177 149
183 0
184 0
198 999
199 999
211 998
212 989
214 1
215 999
230 875
231 999
237 183
238 999
240 994
241 999
247 3
248 999
264 992
265 999
268 963
269 999
276 924
277 999
279 900
280 999
293 978
294 999
295 912
296 999
298 0
299 999
310 992
311 999
313 1
314 999
317 951
318 999
335 990
336 993
339 11
340 999
342 999
343 991
356 147
357 999
363 0
364 13
366 0
367 999
383 999
384 999
392 939
393 999
394 905
395 999
399 999
4 4
400 999
411 2
412 999
414 999
415 999
421 0
422 356
436 0
437 136
439 2
440 999
452 999
453 999
46 999
462 999
463 999
465 15
466 999
47 102
476 999
477 998
480 999
481 0
483 12
484 999
489 901
490 999
5 999
504 1
505 999
517 924
518 15
535 0
536 999
538 167
539 999
544 3
545 999
547 993
548 997
564 1
565 999
568 999
569 11
573 1
574 999
577 999
578 999
579 125
580 999
586 0
587 989
592 879
593 921
604 503
605 999
628 1
629 999
636 0
637 1
638 0
639 999
67 0
68 4
77 999
78 999
81 881
82 999
83 25
84 999
86 999
87 999
89 182
90 999
10 988
108 992
109 972
11 999
126 218
127 999
128 0
129 997
133 0
134 999
139 992
140 999
157 16
158 999
18 0
186 0
187 999
19 992
207 0
208 999
214 1
215 999
216 0
217 999
219 999
220 19
235 998
236 999
247 0
248 0
254 0
255 999
279 922
280 999
282 219
283 992
307 856
308 992
326 2
327 999
351 0
352 953
360 218
361 1
409 0
410 998
421 999
422 999
423 860
424 999
435 0
436 0
444 0
445 998
453 0
454 999
479 0
480 999
485 0
486 999
493 19
494 999
503 0
504 993
506 999
507 998
527 999
528 934
530 5
531 999
535 952
536 999
538 993
539 135
546 148
547 999
548 936
549 999
622 0
623 999
639 0
640 10
641 0
642 999
662 953
663 202
664 148
665 999
666 999
667 999
674 673
675 953
696 135
697 999
7 999
714 999
715 996
79 0
8 985
80 999
81 19
82 999
101 499
102 499
103 499
104 499
107 499
108 499
11 0
112 499
113 499
114 20
115 499
12 499
122 0
123 499
127 499
128 499
129 499
13 7
130 499
135 223
136 499
137 449
138 499
139 28
14 499
140 499
145 496
146 499
147 64
148 499
156 499
157 499
159 499
16 499
160 499
161 499
162 499
165 499
166 499
167 89
168 499
17 499
171 499
172 499
173 8
174 499
176 69
177 499
18 45
181 499
182 499
185 34
186 499
19 499
190 499
191 499
195 499
196 499
197 49
198 499
199 491
200 499
201 499
202 499
204 88
205 499
206 448
207 499
208 499
209 499
210 491
211 499
214 499
215 499
217 106
218 499
22 499
220 499
221 499
223 499
224 91
227 499
228 499
229 469
23 499
230 499
233 499
234 499
235 499
236 499
237 495
238 499
239 499
24 70
240 499
244 499
245 499
246 496
247 499
25 499
252 499
253 499
255 499
256 499
257 34
258 499
261 499
262 499
263 4
264 499
267 499
268 499
271 499
272 499
281 499
282 499
284 499
285 499
289 499
290 499
291 499
292 499
295 499
296 499
299 499
300 499
301 499
302 499
303 499
304 499
305 499
306 499
307 499
308 499
31 498
312 217
313 499
314 499
315 499
316 499
317 499
318 182
319 499
32 89
322 499
323 499
326 0
327 499
328 499
329 499
33 499
331 15
332 499
333 8
334 499
335 499
336 499
338 499
339 499
34 499
344 499
345 499
346 495
347 499
348 182
349 499
35 498
350 499
351 499
352 499
353 499
355 498
356 499
359 499
36 499
360 499
361 58
362 499
363 499
364 499
366 499
367 499
370 499
371 499
372 70
373 499
374 210
375 499
376 95
377 499
378 6
379 499
38 499
383 243
384 499
388 499
389 499
39 499
396 311
397 499
399 499
4 209
400 499
404 3
405 499
406 499
407 499
410 77
411 499
415 499
416 499
418 499
419 499
42 199
420 499
421 499
428 499
429 499
43 499
430 499
431 499
432 499
433 499
435 15
436 499
438 499
439 18
44 1
440 34
441 499
442 157
443 499
448 55
449 499
45 499
453 499
454 499
456 499
457 499
458 499
459 499
46 70
461 499
462 499
464 453
465 499
466 499
467 499
469 499
47 499
470 499
472 499
473 499
474 66
475 499
477 499
478 499
479 499
480 499
481 499
482 499
486 499
487 499
489 499
490 499
495 471
496 499
497 499
498 499
499 485
5 499
500 499
501 32
502 499
503 497
504 499
505 499
506 499
507 467
508 499
509 17
510 499
512 455
513 499
514 499
515 499
516 178
517 499
518 499
519 499
522 499
523 499
526 210
527 499
528 499
529 499
53 499
534 499
535 499
536 499
537 499
54 499
540 495
541 499
542 499
543 499
547 116
548 499
551 5
552 499
553 499
554 499
556 499
557 499
559 496
560 499
562 499
563 499
565 88
566 499
568 494
569 66
58 0
59 499
6 497
61 499
62 499
63 473
64 499
68 86
69 499
7 499
71 43
72 499
73 499
74 499
76 499
77 499
80 42
81 499
85 0
86 499
89 499
90 7
94 499
95 499
97 0
98 198
1 277
10 165
100 9910
101 9999
102 9973
103 9999
104 9969
105 9999
106 42
107 9999
11 9999
110 9999
111 9999
113 9955
114 9999
115 91
116 9999
117 57
118 9999
119 9999
12 9999
120 9999
121 9999
122 9999
123 9557
124 9999
125 9999
126 9999
127 0
128 9993
129 17
13 9999
130 9999
131 8837
132 9999
133 9999
134 9999
135 209
136 9999
137 9999
138 9999
139 54
140 9999
141 9999
142 9999
143 6107
144 9999
147 9903
148 9983
149 1377
150 9999
151 31
152 9999
153 7423
154 9999
156 8474
157 9999
159 9999
16 8538
160 9999
162 9999
163 9953
164 6240
165 9999
166 9999
167 9999
168 9999
169 9999
17 9999
170 9945
171 9999
172 9999
173 9999
174 247
175 9999
177 9999
178 9999
18 6428
182 9999
183 9999
184 9982
185 9999
186 9999
187 9999
188 9999
189 9999
19 9999
191 9143
192 9999
196 14
197 9999
199 1
2 9999
20 3
200 9999
201 9999
202 9999
203 1042
204 9999
205 9992
206 9999
207 9990
208 9999
209 1038
21 9999
210 9999
211 9999
212 9999
214 9129
215 9999
218 9999
219 9999
220 9717
221 9999
222 9999
223 9999
224 9999
225 9999
228 9990
229 9999
230 9999
231 9999
234 9999
235 9999
236 9999
237 9999
239 8658
240 9999
242 9999
243 9551
248 1129
249 9999
25 8888
250 9997
251 9999
253 8062
254 9999
259 9999
26 9999
260 0
261 967
262 9999
264 9999
265 9999
267 9624
268 9999
27 9992
271 9999
272 9999
273 943
274 9999
275 9999
276 9999
277 9999
278 9999
279 9999
28 9999
280 9999
283 9999
284 9999
286 9999
287 9999
288 9999
289 9999
290 6051
291 9999
292 9999
293 9999
295 12
296 9992
297 9999
298 9999
30 9679
301 895
302 9999
303 9999
304 9999
305 9999
306 9999
308 9999
309 9999
31 9999
316 9999
317 9999
318 38
319 9999
32 1377
320 9999
321 9999
322 9954
323 9999
324 0
325 9999
326 9999
327 9999
329 8420
33 9999
330 9999
331 6803
332 9999
335 9999
336 9999
337 786
338 9999
339 8955
340 9999
341 9757
342 9999
344 12
345 9999
346 9999
347 9999
348 9967
349 9999
35 31
350 9999
351 9999
352 9795
353 9999
356 594
357 9999
36 9999
361 9169
362 9999
363 9999
364 9999
365 838
366 9999
367 9999
368 9999
369 9999
37 700
370 9999
371 9529
372 9999
373 187
374 9999
375 9999
376 9999
377 9046
378 9999
379 9999
38 9999
380 9999
385 5007
386 9999
387 4642
388 9999
389 9999
39 9999
390 9999
391 253
392 9999
394 9999
395 9999
397 9999
398 9999
40 9999
400 6635
401 9999
402 29
403 9996
404 5032
405 9999
406 8802
407 9999
408 9913
409 9999
41 858
410 9925
411 9999
417 9921
418 9999
419 8096
42 9999
420 9999
422 710
423 9999
424 9999
425 9999
427 9892
428 9999
429 9999
430 9999
433 8585
434 9999
435 2
436 9999
437 1
438 9999
439 39
440 9999
441 14
442 9999
444 9999
445 9999
448 46
449 9999
450 9999
451 9999
452 9982
453 9999
454 9999
455 9999
456 9999
457 9999
458 6255
459 9999
463 166
464 9999
467 109
468 9999
470 9999
471 9999
476 5
477 9999
478 9999
479 9999
48 9999
483 13
484 9999
485 9999
486 9999
487 9
488 9995
489 778
49 9999
490 9999
492 9517
493 9999
495 9971
496 9999
497 161
498 9999
50 6309
501 9986
502 9999
503 6791
504 9999
505 9999
506 9999
508 9998
509 9999
51 9999
511 9998
512 9999
513 51
514 9999
52 9999
53 9999
56 3574
57 9999
59 9999
6 65
60 9999
62 3
63 9999
64 9946
65 9999
68 37
69 9999
7 9999
70 9999
71 9999
72 9999
73 9999
74 8915
75 9999
77 15
78 9999
79 9999
80 9999
83 9999
84 9999
86 151
87 9999
90 9999
91 9999
96 9999
97 9986
98 9994
99 9999
1 277
10 165
100 9910
101 9999
102 9973
103 9999
104 9969
105 9999
106 42
107 9999
11 9999
110 9999
111 9999
113 9955
114 9999
115 91
116 9999
117 57
118 9999
119 9999
12 9999
120 9999
121 9999
122 9999
123 9557
124 9999
125 9999
126 9999
127 0
128 9993
129 17
13 9999
130 9999
131 8837
132 9999
133 9999
134 9999
135 209
136 9999
137 9999
138 9999
139 54
140 9999
141 9999
142 9999
143 6107
144 9999
147 9903
148 9983
149 1377
150 9999
151 31
152 9999
153 7423
154 9999
156 8474
157 9999
159 9999
16 8538
160 9999
162 9999
163 9953
164 6240
165 9999
166 9999
167 9999
168 9999
169 9999
17 9999
170 9945
171 9999
172 9999
173 9999
174 247
175 9999
177 9999
178 9999
18 6428
182 9999
183 9999
184 9982
185 9999
186 9999
187 9999
188 9999
189 9999
19 9999
191 9143
192 9999
196 14
197 9999
199 1
2 9999
20 3
200 9999
201 9999
202 9999
203 1042
204 9999
205 9992
206 9999
207 9990
208 9999
209 1038
21 9999
210 9999
211 9999
212 9999
214 9129
215 9999
218 9999
219 9999
220 9717
221 9999
222 9999
223 9999
224 9999
225 9999
228 9990
229 9999
230 9999
231 9999
234 9999
235 9999
236 9999
237 9999
239 8658
240 9999
242 9999
243 9551
248 1129
249 9999
25 8888
250 9997
251 9999
253 8062
254 9999
259 9999
26 9999
260 0
261 967
262 9999
264 9999
265 9999
267 9624
268 9999
27 9992
271 9999
272 9999
273 943
274 9999
275 9999
276 9999
277 9999
278 9999
279 9999
28 9999
280 9999
283 9999
284 9999
286 9999
287 9999
288 9999
289 9999
290 6051
291 9999
292 9999
293 9999
295 12
296 9992
297 9999
298 9999
30 9679
301 895
302 9999
303 9999
304 9999
305 9999
306 9999
308 9999
309 9999
31 9999
316 9999
317 9999
318 38
319 9999
32 1377
320 9999
321 9999
322 9954
323 9999
324 0
325 9999
326 9999
327 9999
329 8420
33 9999
330 9999
331 6803
332 9999
335 9999
336 9999
337 786
338 9999
339 8955
340 9999
341 9757
342 9999
344 12
345 9999
346 9999
347 9999
348 9967
349 9999
35 31
350 9999
351 9999
352 9795
353 9999
356 594
357 9999
36 9999
361 9169
362 9999
363 9999
364 9999
365 838
366 9999
367 9999
368 9999
369 9999
37 700
370 9999
371 9529
372 9999
373 187
374 9999
375 9999
376 9999
377 9046
378 9999
379 9999
38 9999
380 9999
385 5007
386 9999
387 4642
388 9999
389 9999
39 9999
390 9999
391 253
392 9999
394 9999
395 9999
397 9999
398 9999
40 9999
400 6635
401 9999
402 29
403 9996
404 5032
405 9999
406 8802
407 9999
408 9913
409 9999
41 858
410 9925
411 9999
417 9921
418 9999
419 8096
42 9999
420 9999
422 710
423 9999
424 9999
425 9999
427 9892
428 9999
429 9999
430 9999
433 8585
434 9999
435 2
436 9999
437 1
438 9999
439 39
440 9999
441 14
442 9999
444 9999
445 9999
448 46
449 9999
450 9999
451 9999
452 9982
453 9999
454 9999
455 9999
456 9999
457 9999
458 6255
459 9999
463 166
464 9999
467 109
468 9999
470 9999
471 9999
476 5
477 9999
478 9999
479 9999
48 9999
483 13
484 9999
485 9999
486 9999
487 9
488 9995
489 778
49 9999
490 9999
492 9517
493 9999
495 9971
496 9999
497 161
498 9999
50 6309
501 9986
502 9999
503 6791
504 9999
505 9999
506 9999
508 9998
509 9999
51 9999
511 9998
512 9999
513 51
514 9999
52 9999
53 9999
56 3574
57 9999
59 9999
6 65
60 9999
62 3
63 9999
64 9946
65 9999
68 37
69 9999
7 9999
70 9999
71 9999
72 9999
73 9999
74 8915
75 9999
77 15
78 9999
79 9999
80 9999
83 9999
84 9999
86 151
87 9999
90 9999
91 9999
96 9999
97 9986
98 9994
99 9999
10 3
11 489
12 0
13 430
152 23
153 499
17 441
18 481
201 480
202 499
23 0
24 18
253 12
254 479
258 479
259 493
27 499
28 499
295 0
296 438
30 309
31 111
370 0
371 499
405 309
406 427
421 0
422 499
436 47
437 499
438 42
439 499
44 66
45 499
484 0
485 38
