165 1172
166 9999
201 0
202 1041
235 0
236 9999
250 0
251 0
329 0
330 58
335 110
336 9999
634 4
635 9999
92 7
93 9999
165 1172
166 9999
201 0
202 1041
235 0
236 9999
250 0
251 0
329 0
330 58
335 110
336 9999
634 4
635 9999
92 7
93 9999
0 0
1 0
10 0
100 0
101 0
102 0
103 0
104 0
105 0
106 0
107 0
108 0
109 0
11 0
110 0
111 0
112 0
113 0
114 0
115 0
116 0
117 0
118 0
119 0
12 0
120 0
121 0
122 0
123 0
124 0
125 0
126 0
127 0
128 0
129 0
13 0
130 0
131 0
132 0
133 0
134 0
135 0
136 0
137 0
138 0
139 0
14 0
140 0
141 0
142 0
143 0
144 0
145 0
146 0
147 0
148 0
149 0
15 0
150 0
151 0
152 0
153 0
154 0
155 0
156 0
157 0
158 0
159 0
16 0
160 0
161 0
162 0
163 0
164 0
165 0
166 0
167 0
168 0
169 0
17 0
170 0
171 0
172 0
173 0
174 0
175 0
176 0
177 0
18 0
19 0
2 0
20 0
21 0
22 0
23 0
24 0
25 0
26 0
27 0
28 0
29 0
3 0
30 0
31 0
32 0
33 0
34 0
35 0
36 0
37 0
38 0
39 0
4 0
40 0
41 0
42 0
43 0
44 0
45 0
46 0
47 0
48 0
49 0
5 0
50 0
51 0
52 0
53 0
54 0
55 0
56 0
57 0
58 0
59 0
6 0
60 0
61 0
62 0
63 0
64 0
65 0
66 0
67 0
68 0
69 0
7 0
70 0
71 0
72 0
73 0
74 0
75 0
76 0
77 0
78 0
79 0
8 0
80 0
81 0
82 0
83 0
84 0
85 0
86 0
87 0
88 0
89 0
9 0
90 0
91 0
92 0
93 0
94 0
95 0
96 0
97 0
98 0
99 0
0 0
1 0
10 0
100 0
101 0
102 0
103 0
104 0
105 0
106 0
107 0
108 0
109 0
11 0
110 0
111 0
112 0
113 0
114 0
115 0
116 0
117 0
118 0
119 0
12 0
120 0
121 0
122 0
123 0
124 0
125 0
126 0
127 0
128 0
129 0
13 0
130 0
131 0
132 0
133 0
134 0
135 0
136 0
137 0
138 0
139 0
14 0
140 0
141 0
142 0
143 0
144 0
145 0
146 0
147 0
148 0
149 0
15 0
150 0
151 0
152 0
153 0
154 0
155 0
156 0
157 0
158 0
159 0
16 0
160 0
161 0
162 0
163 0
164 0
165 0
166 0
167 0
168 0
169 0
17 0
170 0
171 0
172 0
173 0
174 0
175 0
176 0
177 0
18 0
19 0
2 0
20 0
21 0
22 0
23 0
24 0
25 0
26 0
27 0
28 0
29 0
3 0
30 0
31 0
32 0
33 0
34 0
35 0
36 0
37 0
38 0
39 0
4 0
40 0
41 0
42 0
43 0
44 0
45 0
46 0
47 0
48 0
49 0
5 0
50 0
51 0
52 0
53 0
54 0
55 0
56 0
57 0
58 0
59 0
6 0
60 0
61 0
62 0
63 0
64 0
65 0
66 0
67 0
68 0
69 0
7 0
70 0
71 0
72 0
73 0
74 0
75 0
76 0
77 0
78 0
79 0
8 0
80 0
81 0
82 0
83 0
84 0
85 0
86 0
87 0
88 0
89 0
9 0
90 0
91 0
92 0
93 0
94 0
95 0
96 0
97 0
98 0
99 0
0 0
1 0
10 0
100 0
101 0
102 0
103 0
104 0
105 0
106 0
107 0
108 0
109 0
11 0
110 0
111 0
112 0
113 0
114 0
115 0
116 0
117 0
118 0
119 0
12 0
120 0
121 0
122 0
123 0
124 0
125 0
126 0
127 0
128 0
129 0
13 0
130 0
131 0
132 0
133 0
134 0
135 0
136 0
137 0
138 0
139 0
14 0
140 0
141 0
142 0
143 0
144 0
145 0
146 0
147 0
148 0
149 0
15 0
150 0
151 0
152 0
153 0
154 0
155 0
156 0
157 0
158 0
159 0
16 0
160 0
161 0
162 0
163 0
164 0
165 0
166 0
167 0
168 0
169 0
17 0
170 0
171 0
172 0
173 0
174 0
175 0
176 0
177 0
18 0
19 0
2 0
20 0
21 0
22 0
23 0
24 0
25 0
26 0
27 0
28 0
29 0
3 0
30 0
31 0
32 0
33 0
34 0
35 0
36 0
37 0
38 0
39 0
4 0
40 0
41 0
42 0
43 0
44 0
45 0
46 0
47 0
48 0
49 0
5 0
50 0
51 0
52 0
53 0
54 0
55 0
56 0
57 0
58 0
59 0
6 0
60 0
61 0
62 0
63 0
64 0
65 0
66 0
67 0
68 0
69 0
7 0
70 0
71 0
72 0
73 0
74 0
75 0
76 0
77 0
78 0
79 0
8 0
80 0
81 0
82 0
83 0
84 0
85 0
86 0
87 0
88 0
89 0
9 0
90 0
91 0
92 0
93 0
94 0
95 0
96 0
97 0
98 0
99 0
0 0
1 0
10 0
100 0
101 0
102 0
103 0
104 0
105 0
106 0
107 0
108 0
109 0
11 0
110 0
111 0
112 0
113 0
114 0
115 0
116 0
117 0
118 0
119 0
12 0
120 0
121 0
122 0
123 0
124 0
125 0
126 0
127 0
128 0
129 0
13 0
130 0
131 0
132 0
133 0
134 0
135 0
136 0
137 0
138 0
139 0
14 0
140 0
141 0
142 0
143 0
144 0
145 0
146 0
147 0
148 0
149 0
15 0
150 0
151 0
152 0
153 0
154 0
155 0
156 0
157 0
158 0
159 0
16 0
160 0
161 0
162 0
163 0
164 0
165 0
166 0
167 0
168 0
169 0
17 0
170 0
171 0
172 0
173 0
174 0
175 0
176 0
177 0
178 0
179 0
18 0
180 0
181 0
182 0
183 0
184 0
185 0
186 0
187 0
188 0
189 0
19 0
190 0
191 0
192 0
193 0
194 0
195 0
2 0
20 0
21 0
22 0
23 0
24 0
25 0
26 0
27 0
28 0
29 0
3 0
30 0
31 0
32 0
33 0
34 0
35 0
36 0
37 0
38 0
39 0
4 0
40 0
41 0
42 0
43 0
44 0
45 0
46 0
47 0
48 0
49 0
5 0
50 0
51 0
52 0
53 0
54 0
55 0
56 0
57 0
58 0
59 0
6 0
60 0
61 0
62 0
63 0
64 0
65 0
66 0
67 0
68 0
69 0
7 0
70 0
71 0
72 0
73 0
74 0
75 0
76 0
77 0
78 0
79 0
8 0
80 0
81 0
82 0
83 0
84 0
85 0
86 0
87 0
88 0
89 0
9 0
90 0
91 0
92 0
93 0
94 0
95 0
96 0
97 0
98 0
99 0
0 0
1 0
10 0
100 0
101 0
102 0
103 0
104 0
105 0
106 0
107 0
108 0
109 0
11 0
110 0
111 0
112 0
113 0
114 0
115 0
116 0
117 0
118 0
119 0
12 0
120 0
121 0
122 0
123 0
124 0
125 0
126 0
127 0
128 0
129 0
13 0
130 0
131 0
132 0
133 0
134 0
135 0
136 0
137 0
138 0
139 0
14 0
140 0
141 0
142 0
143 0
144 0
145 0
146 0
147 0
148 0
149 0
15 0
150 0
151 0
152 0
153 0
154 0
155 0
156 0
157 0
158 0
159 0
16 0
160 0
161 0
162 0
163 0
164 0
165 0
166 0
167 0
168 0
169 0
17 0
170 0
171 0
172 0
173 0
174 0
175 0
176 0
177 0
178 0
179 0
18 0
180 0
181 0
182 0
183 0
184 0
185 0
186 0
187 0
188 0
189 0
19 0
190 0
191 0
192 0
193 0
194 0
195 0
196 0
197 0
2 0
20 0
21 0
22 0
23 0
24 0
25 0
26 0
27 0
28 0
29 0
3 0
30 0
31 0
32 0
33 0
34 0
35 0
36 0
37 0
38 0
39 0
4 0
40 0
41 0
42 0
43 0
44 0
45 0
46 0
47 0
48 0
49 0
5 0
50 0
51 0
52 0
53 0
54 0
55 0
56 0
57 0
58 0
59 0
6 0
60 0
61 0
62 0
63 0
64 0
65 0
66 0
67 0
68 0
69 0
7 0
70 0
71 0
72 0
73 0
74 0
75 0
76 0
77 0
78 0
79 0
8 0
80 0
81 0
82 0
83 0
84 0
85 0
86 0
87 0
88 0
89 0
9 0
90 0
91 0
92 0
93 0
94 0
95 0
96 0
97 0
98 0
99 0
130 0
131 0
152 0
153 0
244 0
245 0
456 0
457 0
530 0
531 0
56 0
57 0
607 0
608 0
620 0
621 0
642 0
643 0
94 0
95 0
130 68
131 466
152 8
153 465
244 0
245 0
456 0
457 406
530 34
531 448
56 428
57 0
607 2
608 445
620 6
621 444
642 136
643 443
94 1
95 468
108 836
109 171
127 55
128 999
257 0
258 999
450 1
451 999
558 1
559 999
564 125
565 999
587 1
588 999
108 836
109 171
127 55
128 999
257 0
258 999
450 1
451 999
558 1
559 999
564 125
565 999
587 1
588 999
193 0
194 19
199 0
200 983
281 0
282 2
469 728
470 974
108 836
109 171
127 55
128 999
257 0
258 999
450 1
451 999
558 1
559 999
564 125
565 999
587 1
588 999
16 0
17 992
267 922
268 999
429 0
430 998
476 19
477 999
685 999
686 996
110 499
111 499
115 499
116 499
126 499
127 499
134 499
135 499
138 499
139 499
146 62
147 499
165 499
166 499
176 499
177 499
192 499
193 499
202 499
203 499
205 499
206 499
207 499
208 499
21 498
216 499
217 499
22 25
221 188
222 499
23 499
231 499
232 499
234 182
235 499
237 499
238 499
24 499
245 499
246 499
279 499
28 489
280 499
29 15
290 499
291 499
307 499
308 499
315 0
316 66
331 497
332 499
333 467
334 499
349 0
350 499
363 0
364 83
52 77
53 499
55 42
56 499
71 499
72 499
78 499
79 499
102 9999
103 9999
107 6949
108 9999
109 1020
110 9999
117 4072
118 9999
12 8538
124 14
125 9999
128 9999
129 9999
13 9999
133 1038
134 9999
136 9129
137 9999
140 9999
141 9999
142 253
143 9999
147 216
148 9999
172 0
173 958
175 6632
176 9999
177 9999
178 9999
182 9940
183 9999
185 192
186 9999
203 8420
204 9999
212 12
213 9999
214 9999
215 9999
216 0
217 9999
228 9999
229 9999
23 1377
231 9717
232 9999
234 812
235 9999
24 9999
257 910
258 9999
26 31
260 710
261 9999
265 9999
266 9999
27 9999
274 9999
275 9999
279 9999
280 9999
281 15
282 9999
314 9999
315 9999
42 9999
43 9760
46 37
47 9999
48 9999
49 9999
50 159
51 9999
55 9925
56 9999
79 9999
80 9999
81 0
82 9993
85 9999
86 9999
91 9998
92 9986
96 0
97 9999
102 9999
103 9999
107 6949
108 9999
109 1020
110 9999
117 4072
118 9999
12 8538
124 14
125 9999
128 9999
129 9999
13 9999
133 1038
134 9999
136 9129
137 9999
140 9999
141 9999
142 253
143 9999
147 216
148 9999
172 0
173 958
175 6632
176 9999
177 9999
178 9999
182 9940
183 9999
185 192
186 9999
203 8420
204 9999
212 12
213 9999
214 9999
215 9999
216 0
217 9999
228 9999
229 9999
23 1377
231 9717
232 9999
234 812
235 9999
24 9999
257 910
258 9999
26 31
260 710
261 9999
265 9999
266 9999
27 9999
274 9999
275 9999
279 9999
280 9999
281 15
282 9999
314 9999
315 9999
42 9999
43 9760
46 37
47 9999
48 9999
49 9999
50 159
51 9999
55 9925
56 9999
79 9999
80 9999
81 0
82 9993
85 9999
86 9999
91 9998
92 9986
96 0
97 9999
