131 59
132 9999
135 9999
136 9996
148 92
149 9999
160 0
161 9999
164 1185
165 9999
174 1172
175 9999
197 607
198 9999
202 0
203 9576
219 6
220 9999
222 0
223 9972
225 9584
226 9187
244 0
245 9999
257 969
258 9999
275 9974
276 9997
299 9995
300 9999
301 9996
302 9999
304 6491
305 31
312 0
313 9999
337 9974
338 9999
347 110
348 9999
365 9995
366 9999
371 9999
372 9953
39 0
394 0
395 9999
40 9995
44 9999
45 7
46 0
465 9999
466 9996
47 9967
51 0
52 9999
522 972
523 9
525 9440
526 731
637 9966
638 9998
639 8817
640 9999
650 1112
651 9999
652 4
653 9999
658 7
659 9997
660 407
661 9999
74 9674
75 9999
96 7
97 9999
131 59
132 9999
135 9999
136 9996
148 92
149 9999
160 0
161 9999
164 1185
165 9999
174 1172
175 9999
197 607
198 9999
202 0
203 9576
219 6
220 9999
222 0
223 9972
225 9584
226 9187
244 0
245 9999
257 969
258 9999
275 9974
276 9997
299 9995
300 9999
301 9996
302 9999
304 6491
305 31
312 0
313 9999
337 9974
338 9999
347 110
348 9999
365 9995
366 9999
371 9999
372 9953
39 0
394 0
395 9999
40 9995
44 9999
45 7
46 0
465 9999
466 9996
47 9967
51 0
52 9999
522 972
523 9
525 9440
526 731
637 9966
638 9998
639 8817
640 9999
650 1112
651 9999
652 4
653 9999
658 7
659 9997
660 407
661 9999
74 9674
75 9999
96 7
97 9999
0 0
1 0
10 0
100 0
101 0
102 0
103 0
104 0
105 0
106 0
107 0
108 0
109 0
11 0
110 0
111 0
112 0
113 0
114 0
115 0
116 0
117 0
118 0
119 0
12 0
120 0
121 0
122 0
123 0
124 0
125 0
126 0
127 0
128 0
129 0
13 0
130 0
131 0
132 0
133 0
134 0
135 0
136 0
137 0
138 0
139 0
14 0
140 0
141 0
142 0
143 0
144 0
145 0
146 0
147 0
148 0
149 0
15 0
150 0
151 0
152 0
153 0
154 0
155 0
156 0
157 0
158 0
159 0
16 0
160 0
161 0
162 0
163 0
164 0
165 0
166 0
167 0
168 0
169 0
17 0
170 0
171 0
172 0
173 0
174 0
175 0
176 0
177 0
178 0
179 0
18 0
180 0
181 0
182 0
183 0
184 0
185 0
186 0
187 0
188 0
189 0
19 0
190 0
191 0
192 0
193 0
194 0
195 0
196 0
197 0
198 0
199 0
2 0
20 0
200 0
201 0
202 0
203 0
204 0
205 0
206 0
207 0
208 0
209 0
21 0
210 0
211 0
212 0
213 0
214 0
215 0
216 0
217 0
218 0
219 0
22 0
220 0
221 0
222 0
223 0
224 0
225 0
226 0
227 0
228 0
229 0
23 0
230 0
231 0
232 0
233 0
234 0
235 0
236 0
237 0
238 0
239 0
24 0
240 0
241 0
242 0
243 0
244 0
245 0
246 0
247 0
248 0
249 0
25 0
250 0
251 0
252 0
253 0
254 0
255 0
256 0
257 0
258 0
259 0
26 0
260 0
261 0
262 0
263 0
264 0
265 0
266 0
267 0
268 0
269 0
27 0
270 0
271 0
272 0
273 0
274 0
275 0
276 0
277 0
278 0
279 0
28 0
280 0
281 0
282 0
283 0
284 0
285 0
286 0
287 0
288 0
289 0
29 0
290 0
291 0
292 0
293 0
294 0
295 0
296 0
297 0
298 0
299 0
3 0
30 0
300 0
301 0
302 0
303 0
304 0
305 0
306 0
307 0
308 0
309 0
31 0
310 0
311 0
312 0
313 0
314 0
315 0
316 0
317 0
318 0
319 0
32 0
320 0
321 0
322 0
323 0
324 0
325 0
326 0
327 0
328 0
329 0
33 0
330 0
331 0
332 0
333 0
334 0
335 0
336 0
337 0
338 0
339 0
34 0
340 0
341 0
342 0
343 0
344 0
345 0
346 0
347 0
348 0
349 0
35 0
350 0
351 0
352 0
353 0
354 0
355 0
356 0
357 0
358 0
359 0
36 0
360 0
361 0
362 0
363 0
364 0
365 0
366 0
367 0
368 0
369 0
37 0
370 0
371 0
372 0
373 0
374 0
375 0
376 0
377 0
378 0
379 0
38 0
380 0
381 0
382 0
383 0
384 0
385 0
386 0
387 0
388 0
389 0
39 0
390 0
391 0
392 0
393 0
394 0
395 0
396 0
397 0
398 0
399 0
4 0
40 0
400 0
401 0
402 0
403 0
404 0
405 0
406 0
407 0
408 0
409 0
41 0
410 0
411 0
412 0
413 0
414 0
415 0
416 0
417 0
418 0
419 0
42 0
420 0
421 0
422 0
423 0
424 0
425 0
426 0
427 0
428 0
429 0
43 0
430 0
431 0
432 0
433 0
434 0
435 0
436 0
437 0
438 0
439 0
44 0
440 0
441 0
442 0
443 0
45 0
46 0
47 0
48 0
49 0
5 0
50 0
51 0
52 0
53 0
54 0
55 0
56 0
57 0
58 0
59 0
6 0
60 0
61 0
62 0
63 0
64 0
65 0
66 0
67 0
68 0
69 0
7 0
70 0
71 0
72 0
73 0
74 0
75 0
76 0
77 0
78 0
79 0
8 0
80 0
81 0
82 0
83 0
84 0
85 0
86 0
87 0
88 0
89 0
9 0
90 0
91 0
92 0
93 0
94 0
95 0
96 0
97 0
98 0
99 0
0 0
1 0
10 0
100 0
101 0
102 0
103 0
104 0
105 0
106 0
107 0
108 0
109 0
11 0
110 0
111 0
112 0
113 0
114 0
115 0
116 0
117 0
118 0
119 0
12 0
120 0
121 0
122 0
123 0
124 0
125 0
126 0
127 0
128 0
129 0
13 0
130 0
131 0
132 0
133 0
134 0
135 0
136 0
137 0
138 0
139 0
14 0
140 0
141 0
142 0
143 0
144 0
145 0
146 0
147 0
148 0
149 0
15 0
150 0
151 0
152 0
153 0
154 0
155 0
156 0
157 0
158 0
159 0
16 0
160 0
161 0
162 0
163 0
164 0
165 0
166 0
167 0
168 0
169 0
17 0
170 0
171 0
172 0
173 0
174 0
175 0
176 0
177 0
178 0
179 0
18 0
180 0
181 0
182 0
183 0
184 0
185 0
186 0
187 0
188 0
189 0
19 0
190 0
191 0
192 0
193 0
194 0
195 0
196 0
197 0
198 0
199 0
2 0
20 0
200 0
201 0
202 0
203 0
204 0
205 0
206 0
207 0
208 0
209 0
21 0
210 0
211 0
212 0
213 0
214 0
215 0
216 0
217 0
218 0
219 0
22 0
220 0
221 0
222 0
223 0
224 0
225 0
226 0
227 0
228 0
229 0
23 0
230 0
231 0
232 0
233 0
234 0
235 0
236 0
237 0
238 0
239 0
24 0
240 0
241 0
242 0
243 0
244 0
245 0
246 0
247 0
248 0
249 0
25 0
250 0
251 0
252 0
253 0
254 0
255 0
256 0
257 0
258 0
259 0
26 0
260 0
261 0
262 0
263 0
264 0
265 0
266 0
267 0
268 0
269 0
27 0
270 0
271 0
272 0
273 0
274 0
275 0
276 0
277 0
278 0
279 0
28 0
280 0
281 0
282 0
283 0
284 0
285 0
286 0
287 0
288 0
289 0
29 0
290 0
291 0
292 0
293 0
294 0
295 0
296 0
297 0
298 0
299 0
3 0
30 0
300 0
301 0
302 0
303 0
304 0
305 0
306 0
307 0
308 0
309 0
31 0
310 0
311 0
312 0
313 0
314 0
315 0
316 0
317 0
318 0
319 0
32 0
320 0
321 0
322 0
323 0
324 0
325 0
326 0
327 0
328 0
329 0
33 0
330 0
331 0
332 0
333 0
334 0
335 0
336 0
337 0
338 0
339 0
34 0
340 0
341 0
342 0
343 0
344 0
345 0
346 0
347 0
348 0
349 0
35 0
350 0
351 0
352 0
353 0
354 0
355 0
356 0
357 0
358 0
359 0
36 0
360 0
361 0
362 0
363 0
364 0
365 0
366 0
367 0
368 0
369 0
37 0
370 0
371 0
372 0
373 0
374 0
375 0
376 0
377 0
378 0
379 0
38 0
380 0
381 0
382 0
383 0
384 0
385 0
386 0
387 0
388 0
389 0
39 0
390 0
391 0
392 0
393 0
394 0
395 0
396 0
397 0
398 0
399 0
4 0
40 0
400 0
401 0
402 0
403 0
404 0
405 0
406 0
407 0
408 0
409 0
41 0
410 0
411 0
412 0
413 0
414 0
415 0
416 0
417 0
418 0
419 0
42 0
420 0
421 0
422 0
423 0
424 0
425 0
426 0
427 0
428 0
429 0
43 0
430 0
431 0
432 0
433 0
434 0
435 0
436 0
437 0
438 0
439 0
44 0
440 0
441 0
442 0
443 0
45 0
46 0
47 0
48 0
49 0
5 0
50 0
51 0
52 0
53 0
54 0
55 0
56 0
57 0
58 0
59 0
6 0
60 0
61 0
62 0
63 0
64 0
65 0
66 0
67 0
68 0
69 0
7 0
70 0
71 0
72 0
73 0
74 0
75 0
76 0
77 0
78 0
79 0
8 0
80 0
81 0
82 0
83 0
84 0
85 0
86 0
87 0
88 0
89 0
9 0
90 0
91 0
92 0
93 0
94 0
95 0
96 0
97 0
98 0
99 0
0 0
1 0
10 0
100 0
101 0
102 0
103 0
104 0
105 0
106 0
107 0
108 0
109 0
11 0
110 0
111 0
112 0
113 0
114 0
115 0
116 0
117 0
118 0
119 0
12 0
120 0
121 0
122 0
123 0
124 0
125 0
126 0
127 0
128 0
129 0
13 0
130 0
131 0
132 0
133 0
134 0
135 0
136 0
137 0
138 0
139 0
14 0
140 0
141 0
142 0
143 0
144 0
145 0
146 0
147 0
148 0
149 0
15 0
150 0
151 0
152 0
153 0
154 0
155 0
156 0
157 0
158 0
159 0
16 0
160 0
161 0
162 0
163 0
164 0
165 0
166 0
167 0
168 0
169 0
17 0
170 0
171 0
172 0
173 0
174 0
175 0
176 0
177 0
178 0
179 0
18 0
180 0
181 0
182 0
183 0
184 0
185 0
186 0
187 0
188 0
189 0
19 0
190 0
191 0
192 0
193 0
194 0
195 0
196 0
197 0
198 0
199 0
2 0
20 0
200 0
201 0
202 0
203 0
204 0
205 0
206 0
207 0
208 0
209 0
21 0
210 0
211 0
212 0
213 0
214 0
215 0
216 0
217 0
218 0
219 0
22 0
220 0
221 0
222 0
223 0
224 0
225 0
226 0
227 0
228 0
229 0
23 0
230 0
231 0
232 0
233 0
234 0
235 0
236 0
237 0
238 0
239 0
24 0
240 0
241 0
242 0
243 0
244 0
245 0
246 0
247 0
248 0
249 0
25 0
250 0
251 0
252 0
253 0
254 0
255 0
256 0
257 0
258 0
259 0
26 0
260 0
261 0
262 0
263 0
264 0
265 0
266 0
267 0
268 0
269 0
27 0
270 0
271 0
272 0
273 0
274 0
275 0
276 0
277 0
278 0
279 0
28 0
280 0
281 0
282 0
283 0
284 0
285 0
286 0
287 0
288 0
289 0
29 0
290 0
291 0
292 0
293 0
294 0
295 0
296 0
297 0
298 0
299 0
3 0
30 0
300 0
301 0
302 0
303 0
304 0
305 0
306 0
307 0
308 0
309 0
31 0
310 0
311 0
312 0
313 0
314 0
315 0
316 0
317 0
318 0
319 0
32 0
320 0
321 0
322 0
323 0
324 0
325 0
326 0
327 0
328 0
329 0
33 0
330 0
331 0
332 0
333 0
334 0
335 0
336 0
337 0
338 0
339 0
34 0
340 0
341 0
342 0
343 0
344 0
345 0
346 0
347 0
348 0
349 0
35 0
350 0
351 0
352 0
353 0
354 0
355 0
356 0
357 0
358 0
359 0
36 0
360 0
361 0
362 0
363 0
364 0
365 0
366 0
367 0
368 0
369 0
37 0
370 0
371 0
372 0
373 0
374 0
375 0
376 0
377 0
378 0
379 0
38 0
380 0
381 0
382 0
383 0
384 0
385 0
386 0
387 0
388 0
389 0
39 0
390 0
391 0
392 0
393 0
394 0
395 0
396 0
397 0
398 0
399 0
4 0
40 0
400 0
401 0
402 0
403 0
404 0
405 0
406 0
407 0
408 0
409 0
41 0
410 0
411 0
412 0
413 0
414 0
415 0
416 0
417 0
418 0
419 0
42 0
420 0
421 0
422 0
423 0
424 0
425 0
426 0
427 0
428 0
429 0
43 0
430 0
431 0
432 0
433 0
434 0
435 0
436 0
437 0
438 0
439 0
44 0
440 0
441 0
442 0
443 0
45 0
46 0
47 0
48 0
49 0
5 0
50 0
51 0
52 0
53 0
54 0
55 0
56 0
57 0
58 0
59 0
6 0
60 0
61 0
62 0
63 0
64 0
65 0
66 0
67 0
68 0
69 0
7 0
70 0
71 0
72 0
73 0
74 0
75 0
76 0
77 0
78 0
79 0
8 0
80 0
81 0
82 0
83 0
84 0
85 0
86 0
87 0
88 0
89 0
9 0
90 0
91 0
92 0
93 0
94 0
95 0
96 0
97 0
98 0
99 0
0 0
1 0
10 0
100 0
101 0
102 0
103 0
104 0
105 0
106 0
107 0
108 0
109 0
11 0
110 0
111 0
112 0
113 0
114 0
115 0
116 0
117 0
118 0
119 0
12 0
120 0
121 0
122 0
123 0
124 0
125 0
126 0
127 0
128 0
129 0
13 0
130 0
131 0
132 0
133 0
134 0
135 0
136 0
137 0
138 0
139 0
14 0
140 0
141 0
142 0
143 0
144 0
145 0
146 0
147 0
148 0
149 0
15 0
150 0
151 0
152 0
153 0
154 0
155 0
156 0
157 0
158 0
159 0
16 0
160 0
161 0
162 0
163 0
164 0
165 0
166 0
167 0
168 0
169 0
17 0
170 0
171 0
172 0
173 0
174 0
175 0
176 0
177 0
178 0
179 0
18 0
180 0
181 0
182 0
183 0
184 0
185 0
186 0
187 0
188 0
189 0
19 0
190 0
191 0
192 0
193 0
194 0
195 0
196 0
197 0
198 0
199 0
2 0
20 0
200 0
201 0
202 0
203 0
204 0
205 0
206 0
207 0
208 0
209 0
21 0
210 0
211 0
212 0
213 0
214 0
215 0
216 0
217 0
218 0
219 0
22 0
220 0
221 0
222 0
223 0
224 0
225 0
226 0
227 0
228 0
229 0
23 0
230 0
231 0
232 0
233 0
234 0
235 0
236 0
237 0
238 0
239 0
24 0
240 0
241 0
242 0
243 0
244 0
245 0
246 0
247 0
248 0
249 0
25 0
250 0
251 0
252 0
253 0
254 0
255 0
256 0
257 0
258 0
259 0
26 0
260 0
261 0
262 0
263 0
264 0
265 0
266 0
267 0
268 0
269 0
27 0
270 0
271 0
272 0
273 0
274 0
275 0
276 0
277 0
278 0
279 0
28 0
280 0
281 0
282 0
283 0
284 0
285 0
286 0
287 0
288 0
289 0
29 0
290 0
291 0
292 0
293 0
294 0
295 0
296 0
297 0
298 0
299 0
3 0
30 0
300 0
301 0
302 0
303 0
304 0
305 0
306 0
307 0
308 0
309 0
31 0
310 0
311 0
312 0
313 0
314 0
315 0
316 0
317 0
318 0
319 0
32 0
320 0
321 0
322 0
323 0
324 0
325 0
326 0
327 0
328 0
329 0
33 0
330 0
331 0
332 0
333 0
334 0
335 0
336 0
337 0
338 0
339 0
34 0
340 0
341 0
342 0
343 0
344 0
345 0
346 0
347 0
348 0
349 0
35 0
350 0
351 0
352 0
353 0
354 0
355 0
356 0
357 0
358 0
359 0
36 0
360 0
361 0
362 0
363 0
364 0
365 0
366 0
367 0
368 0
369 0
37 0
370 0
371 0
372 0
373 0
374 0
375 0
376 0
377 0
378 0
379 0
38 0
380 0
381 0
382 0
383 0
384 0
385 0
386 0
387 0
388 0
389 0
39 0
390 0
391 0
392 0
393 0
394 0
395 0
396 0
397 0
398 0
399 0
4 0
40 0
400 0
401 0
402 0
403 0
404 0
405 0
406 0
407 0
408 0
409 0
41 0
410 0
411 0
412 0
413 0
414 0
415 0
416 0
417 0
418 0
419 0
42 0
420 0
421 0
422 0
423 0
424 0
425 0
426 0
427 0
428 0
429 0
43 0
430 0
431 0
432 0
433 0
434 0
435 0
436 0
437 0
438 0
439 0
44 0
440 0
441 0
442 0
443 0
444 0
445 0
446 0
447 0
448 0
449 0
45 0
450 0
451 0
452 0
453 0
454 0
455 0
456 0
457 0
458 0
459 0
46 0
460 0
461 0
462 0
463 0
464 0
465 0
47 0
48 0
49 0
5 0
50 0
51 0
52 0
53 0
54 0
55 0
56 0
57 0
58 0
59 0
6 0
60 0
61 0
62 0
63 0
64 0
65 0
66 0
67 0
68 0
69 0
7 0
70 0
71 0
72 0
73 0
74 0
75 0
76 0
77 0
78 0
79 0
8 0
80 0
81 0
82 0
83 0
84 0
85 0
86 0
87 0
88 0
89 0
9 0
90 0
91 0
92 0
93 0
94 0
95 0
96 0
97 0
98 0
99 0
0 0
1 0
10 0
100 0
101 0
102 0
103 0
104 0
105 0
106 0
107 0
108 0
109 0
11 0
110 0
111 0
112 0
113 0
114 0
115 0
116 0
117 0
118 0
119 0
12 0
120 0
121 0
122 0
123 0
124 0
125 0
126 0
127 0
128 0
129 0
13 0
130 0
131 0
132 0
133 0
134 0
135 0
136 0
137 0
138 0
139 0
14 0
140 0
141 0
142 0
143 0
144 0
145 0
146 0
147 0
148 0
149 0
15 0
150 0
151 0
152 0
153 0
154 0
155 0
156 0
157 0
158 0
159 0
16 0
160 0
161 0
162 0
163 0
164 0
165 0
166 0
167 0
168 0
169 0
17 0
170 0
171 0
172 0
173 0
174 0
175 0
176 0
177 0
178 0
179 0
18 0
180 0
181 0
182 0
183 0
184 0
185 0
186 0
187 0
188 0
189 0
19 0
190 0
191 0
192 0
193 0
194 0
195 0
196 0
197 0
198 0
199 0
2 0
20 0
200 0
201 0
202 0
203 0
204 0
205 0
206 0
207 0
208 0
209 0
21 0
210 0
211 0
212 0
213 0
214 0
215 0
216 0
217 0
218 0
219 0
22 0
220 0
221 0
222 0
223 0
224 0
225 0
226 0
227 0
228 0
229 0
23 0
230 0
231 0
232 0
233 0
234 0
235 0
236 0
237 0
238 0
239 0
24 0
240 0
241 0
242 0
243 0
244 0
245 0
246 0
247 0
248 0
249 0
25 0
250 0
251 0
252 0
253 0
254 0
255 0
256 0
257 0
258 0
259 0
26 0
260 0
261 0
262 0
263 0
264 0
265 0
266 0
267 0
268 0
269 0
27 0
270 0
271 0
272 0
273 0
274 0
275 0
276 0
277 0
278 0
279 0
28 0
280 0
281 0
282 0
283 0
284 0
285 0
286 0
287 0
288 0
289 0
29 0
290 0
291 0
292 0
293 0
294 0
295 0
296 0
297 0
298 0
299 0
3 0
30 0
300 0
301 0
302 0
303 0
304 0
305 0
306 0
307 0
308 0
309 0
31 0
310 0
311 0
312 0
313 0
314 0
315 0
316 0
317 0
318 0
319 0
32 0
320 0
321 0
322 0
323 0
324 0
325 0
326 0
327 0
328 0
329 0
33 0
330 0
331 0
332 0
333 0
334 0
335 0
336 0
337 0
338 0
339 0
34 0
340 0
341 0
342 0
343 0
344 0
345 0
346 0
347 0
348 0
349 0
35 0
350 0
351 0
352 0
353 0
354 0
355 0
356 0
357 0
358 0
359 0
36 0
360 0
361 0
362 0
363 0
364 0
365 0
366 0
367 0
368 0
369 0
37 0
370 0
371 0
372 0
373 0
374 0
375 0
376 0
377 0
378 0
379 0
38 0
380 0
381 0
382 0
383 0
384 0
385 0
386 0
387 0
388 0
389 0
39 0
390 0
391 0
392 0
393 0
394 0
395 0
396 0
397 0
398 0
399 0
4 0
40 0
400 0
401 0
402 0
403 0
404 0
405 0
406 0
407 0
408 0
409 0
41 0
410 0
411 0
412 0
413 0
414 0
415 0
416 0
417 0
418 0
419 0
42 0
420 0
421 0
422 0
423 0
424 0
425 0
426 0
427 0
428 0
429 0
43 0
44 0
45 0
46 0
47 0
48 0
49 0
5 0
50 0
51 0
52 0
53 0
54 0
55 0
56 0
57 0
58 0
59 0
6 0
60 0
61 0
62 0
63 0
64 0
65 0
66 0
67 0
68 0
69 0
7 0
70 0
71 0
72 0
73 0
74 0
75 0
76 0
77 0
78 0
79 0
8 0
80 0
81 0
82 0
83 0
84 0
85 0
86 0
87 0
88 0
89 0
9 0
90 0
91 0
92 0
93 0
94 0
95 0
96 0
97 0
98 0
99 0
106 0
107 0
108 0
109 0
112 0
113 0
117 0
118 0
137 0
138 0
140 0
141 0
144 0
145 0
146 0
147 0
158 0
159 0
180 0
181 0
186 0
187 0
191 0
192 0
220 0
221 0
223 0
224 0
270 0
271 0
278 0
279 0
281 0
282 0
296 0
297 0
3 0
30 0
305 0
306 0
31 0
310 0
311 0
319 0
320 0
345 0
346 0
354 0
355 0
356 0
357 0
381 0
382 0
388 0
389 0
399 0
4 0
400 0
414 0
415 0
417 0
418 0
42 0
43 0
45 0
46 0
47 0
48 0
49 0
499 0
50 0
500 0
526 0
527 0
532 0
533 0
535 0
536 0
539 0
540 0
557 0
558 0
560 0
561 0
573 0
574 0
580 0
581 0
583 0
584 0
6 0
616 0
617 0
636 0
637 0
641 0
642 0
659 0
660 0
662 0
663 0
671 0
672 0
689 0
690 0
7 0
88 0
89 0
96 0
97 0
106 441
107 3
108 0
109 466
112 464
113 465
117 0
118 61
137 0
138 26
140 3
141 461
144 252
145 461
146 8
147 460
158 458
159 9
180 122
181 456
186 447
187 426
191 3
192 454
220 3
221 452
223 452
224 0
270 187
271 448
278 4
279 448
281 17
282 448
296 448
297 444
3 0
30 479
305 448
306 0
31 479
310 434
311 447
319 0
320 68
345 423
346 165
354 0
355 4
356 1
357 444
381 17
382 445
388 0
389 1
399 0
4 493
400 428
414 421
415 442
417 9
418 441
42 36
43 478
45 478
46 478
47 4
48 477
49 444
499 0
50 475
500 13
526 397
527 437
532 434
533 407
535 430
536 437
539 437
540 437
557 404
558 436
560 436
561 436
573 49
574 436
580 9
581 436
583 436
584 436
6 39
616 0
617 24
636 0
637 434
641 435
642 435
659 196
660 434
662 0
663 434
671 0
672 0
689 10
690 432
7 490
88 0
89 469
96 445
97 470
105 13
106 999
107 925
108 999
113 999
114 999
12 0
122 0
123 999
126 55
127 999
13 102
138 873
139 999
145 27
146 999
158 999
159 999
160 12
161 999
163 999
164 865
170 193
171 999
173 999
174 148
180 0
181 0
208 998
209 989
211 1
212 999
234 183
235 999
237 994
238 999
244 3
245 999
261 992
262 999
265 963
266 999
273 924
274 999
276 900
277 999
290 978
291 999
294 0
295 999
308 1
309 999
312 951
313 999
331 990
332 993
336 999
337 997
342 0
343 0
351 147
352 999
362 937
363 999
368 999
369 938
379 999
380 999
390 905
391 999
407 2
408 999
410 0
411 999
416 0
417 356
431 0
432 93
434 2
435 999
44 999
447 999
448 999
45 102
458 993
459 999
460 15
461 999
476 0
477 10
478 0
479 999
484 901
485 999
499 1
500 999
511 0
512 999
531 0
532 999
534 167
535 999
540 3
541 999
543 993
544 997
560 1
561 999
569 1
570 999
575 125
576 999
582 0
583 989
590 22
591 999
600 503
601 999
625 999
626 999
67 0
68 991
81 998
82 999
105 13
106 999
107 925
108 999
113 999
114 999
12 0
122 0
123 999
126 55
127 999
13 102
138 873
139 999
145 27
146 999
158 999
159 999
160 12
161 999
163 999
164 865
170 193
171 999
173 999
174 148
180 0
181 0
208 998
209 989
211 1
212 999
234 183
235 999
237 994
238 999
244 3
245 999
261 992
262 999
265 963
266 999
273 924
274 999
276 900
277 999
290 978
291 999
294 0
295 999
308 1
309 999
312 951
313 999
331 990
332 993
336 999
337 997
342 0
343 0
351 147
352 999
362 937
363 999
368 999
369 938
379 999
380 999
390 905
391 999
407 2
408 999
410 0
411 999
416 0
417 356
431 0
432 93
434 2
435 999
44 999
447 999
448 999
45 102
458 993
459 999
460 15
461 999
476 0
477 10
478 0
479 999
484 901
485 999
499 1
500 999
511 0
512 999
531 0
532 999
534 167
535 999
540 3
541 999
543 993
544 997
560 1
561 999
569 1
570 999
575 125
576 999
582 0
583 989
590 22
591 999
600 503
601 999
625 999
626 999
67 0
68 991
81 998
82 999
107 981
108 981
12 3
121 29
122 980
128 979
129 120
13 995
145 661
146 977
149 958
15 10
150 578
153 977
154 888
16 993
177 883
178 976
201 34
202 975
204 968
205 975
209 8
21 989
210 974
22 991
237 47
238 974
242 974
243 974
254 974
255 929
261 972
262 757
291 3
292 971
293 4
294 971
346 969
347 0
354 108
355 969
361 715
362 969
365 888
366 969
389 969
390 969
399 2
400 969
403 34
404 969
408 0
409 21
417 969
418 925
424 0
425 969
428 26
429 969
431 955
432 969
453 506
454 968
457 34
458 968
477 100
478 968
50 0
51 31
516 2
517 967
518 13
519 966
522 893
523 967
529 967
530 967
540 966
541 1
548 964
549 963
557 4
558 966
561 198
562 966
566 217
567 966
570 966
571 966
574 61
575 966
588 963
589 965
593 449
594 965
601 2
602 964
616 899
617 963
67 0
68 161
72 0
73 983
81 264
82 982
88 10
89 982
105 13
106 999
107 925
108 999
113 999
114 999
12 0
122 0
123 999
126 55
127 999
13 102
138 873
139 999
145 27
146 999
158 999
159 999
160 12
161 999
163 999
164 865
170 193
171 999
173 999
174 148
180 0
181 0
208 998
209 989
211 1
212 999
234 183
235 999
237 994
238 999
244 3
245 999
261 992
262 999
265 963
266 999
273 924
274 999
276 900
277 999
290 978
291 999
294 0
295 999
308 1
309 999
312 951
313 999
331 990
332 993
336 999
337 997
342 0
343 0
351 147
352 999
362 937
363 999
368 999
369 938
379 999
380 999
390 905
391 999
407 2
408 999
410 0
411 999
416 0
417 356
431 0
432 93
434 2
435 999
44 999
447 999
448 999
45 102
458 993
459 999
460 15
461 999
476 0
477 10
478 0
479 999
484 901
485 999
499 1
500 999
511 0
512 999
531 0
532 999
534 167
535 999
540 3
541 999
543 993
544 997
560 1
561 999
569 1
570 999
575 125
576 999
582 0
583 989
590 22
591 999
600 503
601 999
625 999
626 999
67 0
68 991
81 998
82 999
10 988
108 992
109 972
11 999
127 0
128 997
133 443
134 999
138 992
139 999
156 16
157 999
18 0
185 0
186 999
19 992
206 0
207 999
232 998
233 999
244 0
245 0
276 922
277 999
323 2
324 999
348 0
349 953
406 0
407 998
418 999
419 999
420 72
421 999
441 0
442 998
476 999
477 16
489 19
490 999
499 0
500 993
502 999
503 4
523 999
524 1
526 5
527 999
531 952
532 999
632 0
633 10
657 999
658 999
665 673
666 953
687 135
688 999
7 999
705 999
706 996
79 0
8 985
80 999
81 19
82 999
104 499
105 499
106 499
107 499
11 0
114 0
115 499
119 499
12 499
120 499
126 223
127 499
134 496
135 499
136 64
137 499
145 499
146 499
149 499
15 499
150 499
153 499
154 499
155 89
156 499
159 499
16 499
160 499
163 69
164 499
168 499
169 499
172 34
173 499
177 499
178 499
18 499
181 499
182 499
184 499
185 491
187 88
188 499
189 448
19 12
190 499
191 499
192 499
193 491
194 499
197 499
198 499
200 106
201 499
203 499
204 495
206 0
207 499
21 499
210 499
211 499
212 469
213 499
217 499
218 499
219 495
22 499
220 499
221 499
222 499
226 499
227 499
234 499
235 499
238 499
239 499
240 4
241 499
244 499
245 499
248 499
249 200
257 499
258 499
260 499
261 499
266 499
267 499
270 499
271 499
274 499
275 499
276 499
277 499
278 499
279 499
280 499
281 499
282 499
283 499
288 499
289 499
29 498
290 499
291 499
292 182
293 499
296 499
297 499
30 89
300 0
301 499
302 499
303 499
305 15
306 499
307 8
308 499
309 499
31 499
310 499
316 499
317 499
318 495
319 499
32 499
320 182
321 499
323 499
324 499
326 498
327 499
33 498
330 499
331 499
334 499
335 499
337 499
338 499
34 499
341 70
342 499
344 488
345 499
346 6
347 499
355 499
356 499
36 212
363 311
364 499
366 499
367 499
37 499
372 499
373 499
380 499
381 499
383 487
384 499
392 499
393 499
394 499
395 499
396 499
397 499
399 15
4 209
40 199
400 499
403 34
404 499
405 157
406 499
41 499
411 55
412 499
416 499
417 499
419 499
42 1
420 499
421 499
422 499
424 499
425 499
427 453
428 499
429 499
43 499
430 499
432 499
433 499
435 499
436 499
437 66
438 499
440 499
441 499
442 499
443 499
447 499
448 499
45 263
450 499
451 499
456 471
457 499
458 499
459 499
46 499
460 485
461 499
462 32
463 499
464 497
465 499
466 499
467 499
468 467
469 499
473 499
474 499
475 178
476 499
477 68
478 499
480 499
481 499
484 210
485 499
489 0
490 499
492 499
493 499
494 499
495 499
498 1
499 499
5 499
50 499
500 490
501 499
504 116
505 499
508 5
509 499
51 499
510 499
511 499
514 83
515 499
517 499
518 499
522 494
523 66
55 442
56 499
57 499
58 499
59 473
6 448
60 499
64 86
65 499
67 43
68 499
69 499
7 499
70 499
72 499
73 499
76 42
77 499
81 0
82 499
89 499
90 499
92 0
93 198
96 499
97 499
98 138
99 499
10 9999
100 9955
101 9999
102 91
103 9999
105 9999
106 9999
107 9999
108 9999
109 25
11 9999
110 9999
111 9997
112 9999
114 17
115 9999
117 9999
118 9999
119 209
120 9999
121 9999
122 9999
123 54
124 9999
125 9999
126 9999
127 6107
128 9999
132 1377
133 9999
134 31
135 9999
136 7423
137 9999
139 8474
14 8538
140 9999
142 9999
143 9999
145 9999
146 9953
148 9999
149 9999
15 9999
150 9999
151 9999
152 1443
153 9999
155 241
156 9999
157 852
158 9999
16 60
161 9999
162 9999
163 9982
164 9999
165 9999
166 9999
167 9999
168 9999
17 9999
170 9143
171 9999
175 14
176 9999
179 9999
180 9999
181 1042
182 9999
183 9992
184 9999
185 9990
186 9999
187 1038
188 9999
189 5317
190 9999
191 9129
192 9999
195 9999
196 9999
197 9717
198 9999
199 9999
200 9999
201 368
202 9999
204 9990
205 9999
206 9999
207 9999
210 9999
211 9999
212 39
213 9999
214 2929
215 9999
217 9999
218 9551
22 8888
226 8062
227 9999
23 9999
233 967
234 9999
236 9999
237 9999
24 9992
242 6632
243 9999
244 9999
245 9999
246 9999
247 9999
25 9999
250 9999
251 9999
253 9999
254 9999
255 9999
256 9999
257 6051
258 9999
259 9999
260 9999
262 12
263 9992
264 9999
265 9999
269 9999
270 9999
271 15
272 9999
273 9999
274 9999
28 1377
281 9999
282 9999
284 9999
285 9999
286 9954
287 9999
288 0
289 9999
29 9999
290 9999
291 9999
293 8420
294 9999
295 6803
296 9999
299 9999
300 9999
301 786
302 9999
304 9757
305 9999
307 12
308 9999
309 9999
31 31
310 9999
311 9967
312 9999
313 9999
314 9999
315 9795
316 9999
32 9999
324 9169
325 9999
326 9999
327 9999
328 838
329 9999
33 22
330 9999
331 9999
332 9999
333 9999
334 9529
335 9999
336 187
337 9999
338 9999
339 9999
34 9999
340 9046
341 9999
342 9999
343 9999
348 5007
349 9999
35 858
350 4642
351 9999
352 9999
353 9999
356 9999
357 9999
359 9999
36 9999
360 9999
362 6635
363 9999
364 29
365 9996
366 5032
367 9999
368 8802
369 9999
370 9913
371 9999
372 3049
373 9999
374 81
375 9999
378 9921
379 9999
380 8096
381 9999
383 710
384 9999
385 9999
386 9999
388 9892
389 9999
390 9981
391 9999
392 9999
393 9999
395 8
396 9994
397 1
398 9999
399 39
400 9999
401 14
402 9999
404 9999
405 9999
408 46
409 9999
410 9999
411 9999
412 9982
413 9999
414 9999
415 9999
416 9999
417 9999
418 6255
419 9999
42 9999
426 109
427 9999
429 9999
43 9999
430 9999
44 6309
440 13
441 9999
442 9999
443 9999
446 9983
447 9999
45 9999
451 9971
452 9999
456 9986
457 9999
458 6791
459 9999
460 9999
461 9999
463 9998
464 9999
466 9998
467 9999
48 3574
49 9999
51 9999
52 9999
54 3
55 9999
56 9760
57 9999
60 37
61 9999
62 9999
63 9999
64 159
65 9999
68 15
69 9999
70 9999
71 9999
74 9999
75 9999
77 151
78 9999
81 9999
82 9999
87 9999
88 9986
91 967
92 9999
93 5300
94 9999
97 5218
98 9999
10 9999
100 9955
101 9999
102 91
103 9999
105 9999
106 9999
107 9999
108 9999
109 25
11 9999
110 9999
111 9997
112 9999
114 17
115 9999
117 9999
118 9999
119 209
120 9999
121 9999
122 9999
123 54
124 9999
125 9999
126 9999
127 6107
128 9999
132 1377
133 9999
134 31
135 9999
136 7423
137 9999
139 8474
14 8538
140 9999
142 9999
143 9999
145 9999
146 9953
148 9999
149 9999
15 9999
150 9999
151 9999
152 1443
153 9999
155 241
156 9999
157 852
158 9999
16 60
161 9999
162 9999
163 9982
164 9999
165 9999
166 9999
167 9999
168 9999
17 9999
170 9143
171 9999
175 14
176 9999
179 9999
180 9999
181 1042
182 9999
183 9992
184 9999
185 9990
186 9999
187 1038
188 9999
189 5317
190 9999
191 9129
192 9999
195 9999
196 9999
197 9717
198 9999
199 9999
200 9999
201 368
202 9999
204 9990
205 9999
206 9999
207 9999
210 9999
211 9999
212 39
213 9999
214 2929
215 9999
217 9999
218 9551
22 8888
226 8062
227 9999
23 9999
233 967
234 9999
236 9999
237 9999
24 9992
242 6632
243 9999
244 9999
245 9999
246 9999
247 9999
25 9999
250 9999
251 9999
253 9999
254 9999
255 9999
256 9999
257 6051
258 9999
259 9999
260 9999
262 12
263 9992
264 9999
265 9999
269 9999
270 9999
271 15
272 9999
273 9999
274 9999
28 1377
281 9999
282 9999
284 9999
285 9999
286 9954
287 9999
288 0
289 9999
29 9999
290 9999
291 9999
293 8420
294 9999
295 6803
296 9999
299 9999
300 9999
301 786
302 9999
304 9757
305 9999
307 12
308 9999
309 9999
31 31
310 9999
311 9967
312 9999
313 9999
314 9999
315 9795
316 9999
32 9999
324 9169
325 9999
326 9999
327 9999
328 838
329 9999
33 22
330 9999
331 9999
332 9999
333 9999
334 9529
335 9999
336 187
337 9999
338 9999
339 9999
34 9999
340 9046
341 9999
342 9999
343 9999
348 5007
349 9999
35 858
350 4642
351 9999
352 9999
353 9999
356 9999
357 9999
359 9999
36 9999
360 9999
362 6635
363 9999
364 29
365 9996
366 5032
367 9999
368 8802
369 9999
370 9913
371 9999
372 3049
373 9999
374 81
375 9999
378 9921
379 9999
380 8096
381 9999
383 710
384 9999
385 9999
386 9999
388 9892
389 9999
390 9981
391 9999
392 9999
393 9999
395 8
396 9994
397 1
398 9999
399 39
400 9999
401 14
402 9999
404 9999
405 9999
408 46
409 9999
410 9999
411 9999
412 9982
413 9999
414 9999
415 9999
416 9999
417 9999
418 6255
419 9999
42 9999
426 109
427 9999
429 9999
43 9999
430 9999
44 6309
440 13
441 9999
442 9999
443 9999
446 9983
447 9999
45 9999
451 9971
452 9999
456 9986
457 9999
458 6791
459 9999
460 9999
461 9999
463 9998
464 9999
466 9998
467 9999
48 3574
49 9999
51 9999
52 9999
54 3
55 9999
56 9760
57 9999
60 37
61 9999
62 9999
63 9999
64 159
65 9999
68 15
69 9999
70 9999
71 9999
74 9999
75 9999
77 151
78 9999
81 9999
82 9999
87 9999
88 9986
91 967
92 9999
93 5300
94 9999
97 5218
98 9999
10 3
11 489
12 0
13 430
151 23
152 499
17 441
18 481
200 480
201 499
255 0
256 398
257 39
258 493
27 39
28 499
294 0
295 438
31 0
32 10
369 0
370 499
420 0
421 499
43 0
435 1
436 483
437 42
438 499
44 498
531 143
532 23
559 143
560 499
592 0
593 43
650 0
651 0
657 0
658 3
678 32
679 499
680 0
681 499
682 499
683 499
69 0
7 346
70 402
708 2
709 499
720 129
721 499
726 446
727 396
748 46
749 499
757 0
758 0
777 0
778 43
8 214
824 499
825 499
87 0
88 467
89 2
90 499
