131 59
132 9999
135 9999
136 9996
148 92
149 9999
160 0
161 9999
164 1185
165 9999
174 1172
175 9999
197 607
198 9999
202 0
203 9576
219 6
220 9999
222 0
223 9972
225 9584
226 9187
244 0
245 9999
257 969
258 9999
275 9974
276 9997
299 9995
300 9999
301 9996
302 9999
304 6491
305 31
312 0
313 9999
337 9974
338 9999
347 110
348 9999
365 9995
366 9999
371 9999
372 9953
39 0
394 0
395 9999
40 9995
44 9999
45 7
46 0
465 9999
466 9996
47 9967
51 0
52 9999
522 972
523 9
525 9440
526 731
637 9966
638 9998
639 8817
640 9999
650 1112
651 9999
652 4
653 9999
658 7
659 9997
660 407
661 9999
74 9674
75 9999
96 7
97 9999
98 0
99 9997
131 59
132 9999
135 9999
136 9996
148 92
149 9999
160 0
161 9999
164 1185
165 9999
174 1172
175 9999
197 607
198 9999
202 0
203 9576
219 6
220 9999
222 0
223 9972
225 9584
226 9187
244 0
245 9999
257 969
258 9999
275 9974
276 9997
299 9995
300 9999
301 9996
302 9999
304 6491
305 31
312 0
313 9999
337 9974
338 9999
347 110
348 9999
365 9995
366 9999
371 9999
372 9953
39 0
394 0
395 9999
40 9995
44 9999
45 7
46 0
465 9999
466 9996
47 9967
51 0
52 9999
522 972
523 9
525 9440
526 731
637 9966
638 9998
639 8817
640 9999
650 1112
651 9999
652 4
653 9999
658 7
659 9997
660 407
661 9999
74 9674
75 9999
96 7
97 9999
98 0
99 9997
0 0
1 0
10 0
100 0
101 0
102 0
103 0
104 0
105 0
106 0
107 0
108 0
109 0
11 0
110 0
111 0
112 0
113 0
114 0
115 0
116 0
117 0
118 0
119 0
12 0
120 0
121 0
122 0
123 0
124 0
125 0
126 0
127 0
128 0
129 0
13 0
130 0
131 0
132 0
133 0
134 0
135 0
136 0
137 0
138 0
139 0
14 0
140 0
141 0
142 0
143 0
144 0
145 0
146 0
147 0
148 0
149 0
15 0
150 0
151 0
152 0
153 0
154 0
155 0
156 0
157 0
158 0
159 0
16 0
160 0
161 0
162 0
163 0
164 0
165 0
166 0
167 0
168 0
169 0
17 0
170 0
171 0
172 0
173 0
174 0
175 0
176 0
177 0
178 0
179 0
18 0
180 0
181 0
182 0
183 0
184 0
185 0
186 0
187 0
188 0
189 0
19 0
190 0
191 0
192 0
193 0
194 0
195 0
196 0
197 0
198 0
199 0
2 0
20 0
200 0
201 0
202 0
203 0
204 0
205 0
206 0
207 0
208 0
209 0
21 0
210 0
211 0
212 0
213 0
214 0
215 0
216 0
217 0
218 0
219 0
22 0
220 0
221 0
222 0
223 0
224 0
225 0
226 0
227 0
228 0
229 0
23 0
230 0
231 0
232 0
233 0
234 0
235 0
236 0
237 0
238 0
239 0
24 0
240 0
241 0
242 0
243 0
244 0
245 0
246 0
247 0
248 0
249 0
25 0
250 0
251 0
252 0
253 0
254 0
255 0
256 0
257 0
258 0
259 0
26 0
260 0
261 0
262 0
263 0
264 0
265 0
266 0
267 0
268 0
269 0
27 0
270 0
271 0
272 0
273 0
274 0
275 0
276 0
277 0
278 0
279 0
28 0
280 0
281 0
282 0
283 0
284 0
285 0
286 0
287 0
288 0
289 0
29 0
290 0
291 0
292 0
293 0
294 0
295 0
296 0
297 0
298 0
299 0
3 0
30 0
300 0
301 0
302 0
303 0
304 0
305 0
306 0
307 0
308 0
309 0
31 0
310 0
311 0
312 0
313 0
314 0
315 0
316 0
317 0
318 0
319 0
32 0
320 0
321 0
322 0
323 0
324 0
325 0
326 0
327 0
328 0
329 0
33 0
330 0
331 0
332 0
333 0
334 0
335 0
336 0
337 0
338 0
339 0
34 0
340 0
341 0
342 0
343 0
344 0
345 0
346 0
347 0
348 0
349 0
35 0
350 0
351 0
352 0
353 0
354 0
355 0
356 0
357 0
358 0
359 0
36 0
360 0
361 0
362 0
363 0
364 0
365 0
366 0
367 0
368 0
369 0
37 0
370 0
371 0
372 0
373 0
374 0
375 0
376 0
377 0
378 0
379 0
38 0
380 0
381 0
382 0
383 0
384 0
385 0
386 0
387 0
388 0
389 0
39 0
390 0
391 0
392 0
393 0
394 0
395 0
396 0
397 0
398 0
399 0
4 0
40 0
400 0
401 0
402 0
403 0
404 0
405 0
406 0
407 0
408 0
409 0
41 0
410 0
411 0
412 0
413 0
414 0
415 0
416 0
417 0
418 0
419 0
42 0
420 0
421 0
422 0
423 0
424 0
425 0
426 0
427 0
428 0
429 0
43 0
430 0
431 0
432 0
433 0
434 0
435 0
436 0
437 0
438 0
439 0
44 0
440 0
441 0
442 0
443 0
444 0
445 0
446 0
447 0
448 0
449 0
45 0
450 0
451 0
46 0
47 0
48 0
49 0
5 0
50 0
51 0
52 0
53 0
54 0
55 0
56 0
57 0
58 0
59 0
6 0
60 0
61 0
62 0
63 0
64 0
65 0
66 0
67 0
68 0
69 0
7 0
70 0
71 0
72 0
73 0
74 0
75 0
76 0
77 0
78 0
79 0
8 0
80 0
81 0
82 0
83 0
84 0
85 0
86 0
87 0
88 0
89 0
9 0
90 0
91 0
92 0
93 0
94 0
95 0
96 0
97 0
98 0
99 0
0 0
1 0
10 0
100 0
101 0
102 0
103 0
104 0
105 0
106 0
107 0
108 0
109 0
11 0
110 0
111 0
112 0
113 0
114 0
115 0
116 0
117 0
118 0
119 0
12 0
120 0
121 0
122 0
123 0
124 0
125 0
126 0
127 0
128 0
129 0
13 0
130 0
131 0
132 0
133 0
134 0
135 0
136 0
137 0
138 0
139 0
14 0
140 0
141 0
142 0
143 0
144 0
145 0
146 0
147 0
148 0
149 0
15 0
150 0
151 0
152 0
153 0
154 0
155 0
156 0
157 0
158 0
159 0
16 0
160 0
161 0
162 0
163 0
164 0
165 0
166 0
167 0
168 0
169 0
17 0
170 0
171 0
172 0
173 0
174 0
175 0
176 0
177 0
178 0
179 0
18 0
180 0
181 0
182 0
183 0
184 0
185 0
186 0
187 0
188 0
189 0
19 0
190 0
191 0
192 0
193 0
194 0
195 0
196 0
197 0
198 0
199 0
2 0
20 0
200 0
201 0
202 0
203 0
204 0
205 0
206 0
207 0
208 0
209 0
21 0
210 0
211 0
212 0
213 0
214 0
215 0
216 0
217 0
218 0
219 0
22 0
220 0
221 0
222 0
223 0
224 0
225 0
226 0
227 0
228 0
229 0
23 0
230 0
231 0
232 0
233 0
234 0
235 0
236 0
237 0
238 0
239 0
24 0
240 0
241 0
242 0
243 0
244 0
245 0
246 0
247 0
248 0
249 0
25 0
250 0
251 0
252 0
253 0
254 0
255 0
256 0
257 0
258 0
259 0
26 0
260 0
261 0
262 0
263 0
264 0
265 0
266 0
267 0
268 0
269 0
27 0
270 0
271 0
272 0
273 0
274 0
275 0
276 0
277 0
278 0
279 0
28 0
280 0
281 0
282 0
283 0
284 0
285 0
286 0
287 0
288 0
289 0
29 0
290 0
291 0
292 0
293 0
294 0
295 0
296 0
297 0
298 0
299 0
3 0
30 0
300 0
301 0
302 0
303 0
304 0
305 0
306 0
307 0
308 0
309 0
31 0
310 0
311 0
312 0
313 0
314 0
315 0
316 0
317 0
318 0
319 0
32 0
320 0
321 0
322 0
323 0
324 0
325 0
326 0
327 0
328 0
329 0
33 0
330 0
331 0
332 0
333 0
334 0
335 0
336 0
337 0
338 0
339 0
34 0
340 0
341 0
342 0
343 0
344 0
345 0
346 0
347 0
348 0
349 0
35 0
350 0
351 0
352 0
353 0
354 0
355 0
356 0
357 0
358 0
359 0
36 0
360 0
361 0
362 0
363 0
364 0
365 0
366 0
367 0
368 0
369 0
37 0
370 0
371 0
372 0
373 0
374 0
375 0
376 0
377 0
378 0
379 0
38 0
380 0
381 0
382 0
383 0
384 0
385 0
386 0
387 0
388 0
389 0
39 0
390 0
391 0
392 0
393 0
394 0
395 0
396 0
397 0
398 0
399 0
4 0
40 0
400 0
401 0
402 0
403 0
404 0
405 0
406 0
407 0
408 0
409 0
41 0
410 0
411 0
412 0
413 0
414 0
415 0
416 0
417 0
418 0
419 0
42 0
420 0
421 0
422 0
423 0
424 0
425 0
426 0
427 0
428 0
429 0
43 0
430 0
431 0
432 0
433 0
434 0
435 0
436 0
437 0
438 0
439 0
44 0
440 0
441 0
442 0
443 0
444 0
445 0
446 0
447 0
448 0
449 0
45 0
450 0
451 0
46 0
47 0
48 0
49 0
5 0
50 0
51 0
52 0
53 0
54 0
55 0
56 0
57 0
58 0
59 0
6 0
60 0
61 0
62 0
63 0
64 0
65 0
66 0
67 0
68 0
69 0
7 0
70 0
71 0
72 0
73 0
74 0
75 0
76 0
77 0
78 0
79 0
8 0
80 0
81 0
82 0
83 0
84 0
85 0
86 0
87 0
88 0
89 0
9 0
90 0
91 0
92 0
93 0
94 0
95 0
96 0
97 0
98 0
99 0
0 0
1 0
10 0
100 0
101 0
102 0
103 0
104 0
105 0
106 0
107 0
108 0
109 0
11 0
110 0
111 0
112 0
113 0
114 0
115 0
116 0
117 0
118 0
119 0
12 0
120 0
121 0
122 0
123 0
124 0
125 0
126 0
127 0
128 0
129 0
13 0
130 0
131 0
132 0
133 0
134 0
135 0
136 0
137 0
138 0
139 0
14 0
140 0
141 0
142 0
143 0
144 0
145 0
146 0
147 0
148 0
149 0
15 0
150 0
151 0
152 0
153 0
154 0
155 0
156 0
157 0
158 0
159 0
16 0
160 0
161 0
162 0
163 0
164 0
165 0
166 0
167 0
168 0
169 0
17 0
170 0
171 0
172 0
173 0
174 0
175 0
176 0
177 0
178 0
179 0
18 0
180 0
181 0
182 0
183 0
184 0
185 0
186 0
187 0
188 0
189 0
19 0
190 0
191 0
192 0
193 0
194 0
195 0
196 0
197 0
198 0
199 0
2 0
20 0
200 0
201 0
202 0
203 0
204 0
205 0
206 0
207 0
208 0
209 0
21 0
210 0
211 0
212 0
213 0
214 0
215 0
216 0
217 0
218 0
219 0
22 0
220 0
221 0
222 0
223 0
224 0
225 0
226 0
227 0
228 0
229 0
23 0
230 0
231 0
232 0
233 0
234 0
235 0
236 0
237 0
238 0
239 0
24 0
240 0
241 0
242 0
243 0
244 0
245 0
246 0
247 0
248 0
249 0
25 0
250 0
251 0
252 0
253 0
254 0
255 0
256 0
257 0
258 0
259 0
26 0
260 0
261 0
262 0
263 0
264 0
265 0
266 0
267 0
268 0
269 0
27 0
270 0
271 0
272 0
273 0
274 0
275 0
276 0
277 0
278 0
279 0
28 0
280 0
281 0
282 0
283 0
284 0
285 0
286 0
287 0
288 0
289 0
29 0
290 0
291 0
292 0
293 0
294 0
295 0
296 0
297 0
298 0
299 0
3 0
30 0
300 0
301 0
302 0
303 0
304 0
305 0
306 0
307 0
308 0
309 0
31 0
310 0
311 0
312 0
313 0
314 0
315 0
316 0
317 0
318 0
319 0
32 0
320 0
321 0
322 0
323 0
324 0
325 0
326 0
327 0
328 0
329 0
33 0
330 0
331 0
332 0
333 0
334 0
335 0
336 0
337 0
338 0
339 0
34 0
340 0
341 0
342 0
343 0
344 0
345 0
346 0
347 0
348 0
349 0
35 0
350 0
351 0
352 0
353 0
354 0
355 0
356 0
357 0
358 0
359 0
36 0
360 0
361 0
362 0
363 0
364 0
365 0
366 0
367 0
368 0
369 0
37 0
370 0
371 0
372 0
373 0
374 0
375 0
376 0
377 0
378 0
379 0
38 0
380 0
381 0
382 0
383 0
384 0
385 0
386 0
387 0
388 0
389 0
39 0
390 0
391 0
392 0
393 0
394 0
395 0
396 0
397 0
398 0
399 0
4 0
40 0
400 0
401 0
402 0
403 0
404 0
405 0
406 0
407 0
408 0
409 0
41 0
410 0
411 0
412 0
413 0
414 0
415 0
416 0
417 0
418 0
419 0
42 0
420 0
421 0
422 0
423 0
424 0
425 0
426 0
427 0
428 0
429 0
43 0
430 0
431 0
432 0
433 0
434 0
435 0
436 0
437 0
438 0
439 0
44 0
440 0
441 0
442 0
443 0
444 0
445 0
446 0
447 0
448 0
449 0
45 0
450 0
451 0
46 0
47 0
48 0
49 0
5 0
50 0
51 0
52 0
53 0
54 0
55 0
56 0
57 0
58 0
59 0
6 0
60 0
61 0
62 0
63 0
64 0
65 0
66 0
67 0
68 0
69 0
7 0
70 0
71 0
72 0
73 0
74 0
75 0
76 0
77 0
78 0
79 0
8 0
80 0
81 0
82 0
83 0
84 0
85 0
86 0
87 0
88 0
89 0
9 0
90 0
91 0
92 0
93 0
94 0
95 0
96 0
97 0
98 0
99 0
0 0
1 0
10 0
100 0
101 0
102 0
103 0
104 0
105 0
106 0
107 0
108 0
109 0
11 0
110 0
111 0
112 0
113 0
114 0
115 0
116 0
117 0
118 0
119 0
12 0
120 0
121 0
122 0
123 0
124 0
125 0
126 0
127 0
128 0
129 0
13 0
130 0
131 0
132 0
133 0
134 0
135 0
136 0
137 0
138 0
139 0
14 0
140 0
141 0
142 0
143 0
144 0
145 0
146 0
147 0
148 0
149 0
15 0
150 0
151 0
152 0
153 0
154 0
155 0
156 0
157 0
158 0
159 0
16 0
160 0
161 0
162 0
163 0
164 0
165 0
166 0
167 0
168 0
169 0
17 0
170 0
171 0
172 0
173 0
174 0
175 0
176 0
177 0
178 0
179 0
18 0
180 0
181 0
182 0
183 0
184 0
185 0
186 0
187 0
188 0
189 0
19 0
190 0
191 0
192 0
193 0
194 0
195 0
196 0
197 0
198 0
199 0
2 0
20 0
200 0
201 0
202 0
203 0
204 0
205 0
206 0
207 0
208 0
209 0
21 0
210 0
211 0
212 0
213 0
214 0
215 0
216 0
217 0
218 0
219 0
22 0
220 0
221 0
222 0
223 0
224 0
225 0
226 0
227 0
228 0
229 0
23 0
230 0
231 0
232 0
233 0
234 0
235 0
236 0
237 0
238 0
239 0
24 0
240 0
241 0
242 0
243 0
244 0
245 0
246 0
247 0
248 0
249 0
25 0
250 0
251 0
252 0
253 0
254 0
255 0
256 0
257 0
258 0
259 0
26 0
260 0
261 0
262 0
263 0
264 0
265 0
266 0
267 0
268 0
269 0
27 0
270 0
271 0
272 0
273 0
274 0
275 0
276 0
277 0
278 0
279 0
28 0
280 0
281 0
282 0
283 0
284 0
285 0
286 0
287 0
288 0
289 0
29 0
290 0
291 0
292 0
293 0
294 0
295 0
296 0
297 0
298 0
299 0
3 0
30 0
300 0
301 0
302 0
303 0
304 0
305 0
306 0
307 0
308 0
309 0
31 0
310 0
311 0
312 0
313 0
314 0
315 0
316 0
317 0
318 0
319 0
32 0
320 0
321 0
322 0
323 0
324 0
325 0
326 0
327 0
328 0
329 0
33 0
330 0
331 0
332 0
333 0
334 0
335 0
336 0
337 0
338 0
339 0
34 0
340 0
341 0
342 0
343 0
344 0
345 0
346 0
347 0
348 0
349 0
35 0
350 0
351 0
352 0
353 0
354 0
355 0
356 0
357 0
358 0
359 0
36 0
360 0
361 0
362 0
363 0
364 0
365 0
366 0
367 0
368 0
369 0
37 0
370 0
371 0
372 0
373 0
374 0
375 0
376 0
377 0
378 0
379 0
38 0
380 0
381 0
382 0
383 0
384 0
385 0
386 0
387 0
388 0
389 0
39 0
390 0
391 0
392 0
393 0
394 0
395 0
396 0
397 0
398 0
399 0
4 0
40 0
400 0
401 0
402 0
403 0
404 0
405 0
406 0
407 0
408 0
409 0
41 0
410 0
411 0
412 0
413 0
414 0
415 0
416 0
417 0
418 0
419 0
42 0
420 0
421 0
422 0
423 0
424 0
425 0
426 0
427 0
428 0
429 0
43 0
430 0
431 0
432 0
433 0
434 0
435 0
436 0
437 0
438 0
439 0
44 0
440 0
441 0
442 0
443 0
444 0
445 0
446 0
447 0
448 0
449 0
45 0
450 0
451 0
452 0
453 0
454 0
455 0
456 0
457 0
458 0
459 0
46 0
460 0
461 0
462 0
463 0
464 0
465 0
466 0
467 0
468 0
469 0
47 0
470 0
471 0
472 0
473 0
48 0
49 0
5 0
50 0
51 0
52 0
53 0
54 0
55 0
56 0
57 0
58 0
59 0
6 0
60 0
61 0
62 0
63 0
64 0
65 0
66 0
67 0
68 0
69 0
7 0
70 0
71 0
72 0
73 0
74 0
75 0
76 0
77 0
78 0
79 0
8 0
80 0
81 0
82 0
83 0
84 0
85 0
86 0
87 0
88 0
89 0
9 0
90 0
91 0
92 0
93 0
94 0
95 0
96 0
97 0
98 0
99 0
0 0
1 0
10 0
100 0
101 0
102 0
103 0
104 0
105 0
106 0
107 0
108 0
109 0
11 0
110 0
111 0
112 0
113 0
114 0
115 0
116 0
117 0
118 0
119 0
12 0
120 0
121 0
122 0
123 0
124 0
125 0
126 0
127 0
128 0
129 0
13 0
130 0
131 0
132 0
133 0
134 0
135 0
136 0
137 0
138 0
139 0
14 0
140 0
141 0
142 0
143 0
144 0
145 0
146 0
147 0
148 0
149 0
15 0
150 0
151 0
152 0
153 0
154 0
155 0
156 0
157 0
158 0
159 0
16 0
160 0
161 0
162 0
163 0
164 0
165 0
166 0
167 0
168 0
169 0
17 0
170 0
171 0
172 0
173 0
174 0
175 0
176 0
177 0
178 0
179 0
18 0
180 0
181 0
182 0
183 0
184 0
185 0
186 0
187 0
188 0
189 0
19 0
190 0
191 0
192 0
193 0
194 0
195 0
196 0
197 0
198 0
199 0
2 0
20 0
200 0
201 0
202 0
203 0
204 0
205 0
206 0
207 0
208 0
209 0
21 0
210 0
211 0
212 0
213 0
214 0
215 0
216 0
217 0
218 0
219 0
22 0
220 0
221 0
222 0
223 0
224 0
225 0
226 0
227 0
228 0
229 0
23 0
230 0
231 0
232 0
233 0
234 0
235 0
236 0
237 0
238 0
239 0
24 0
240 0
241 0
242 0
243 0
244 0
245 0
246 0
247 0
248 0
249 0
25 0
250 0
251 0
252 0
253 0
254 0
255 0
256 0
257 0
258 0
259 0
26 0
260 0
261 0
262 0
263 0
264 0
265 0
266 0
267 0
268 0
269 0
27 0
270 0
271 0
272 0
273 0
274 0
275 0
276 0
277 0
278 0
279 0
28 0
280 0
281 0
282 0
283 0
284 0
285 0
286 0
287 0
288 0
289 0
29 0
290 0
291 0
292 0
293 0
294 0
295 0
296 0
297 0
298 0
299 0
3 0
30 0
300 0
301 0
302 0
303 0
304 0
305 0
306 0
307 0
308 0
309 0
31 0
310 0
311 0
312 0
313 0
314 0
315 0
316 0
317 0
318 0
319 0
32 0
320 0
321 0
322 0
323 0
324 0
325 0
326 0
327 0
328 0
329 0
33 0
330 0
331 0
332 0
333 0
334 0
335 0
336 0
337 0
338 0
339 0
34 0
340 0
341 0
342 0
343 0
344 0
345 0
346 0
347 0
348 0
349 0
35 0
350 0
351 0
352 0
353 0
354 0
355 0
356 0
357 0
358 0
359 0
36 0
360 0
361 0
362 0
363 0
364 0
365 0
366 0
367 0
368 0
369 0
37 0
370 0
371 0
372 0
373 0
374 0
375 0
376 0
377 0
378 0
379 0
38 0
380 0
381 0
382 0
383 0
384 0
385 0
386 0
387 0
388 0
389 0
39 0
390 0
391 0
392 0
393 0
394 0
395 0
396 0
397 0
398 0
399 0
4 0
40 0
400 0
401 0
402 0
403 0
404 0
405 0
406 0
407 0
408 0
409 0
41 0
410 0
411 0
412 0
413 0
414 0
415 0
416 0
417 0
418 0
419 0
42 0
420 0
421 0
422 0
423 0
424 0
425 0
426 0
427 0
428 0
429 0
43 0
430 0
431 0
432 0
433 0
434 0
435 0
436 0
437 0
438 0
439 0
44 0
440 0
441 0
442 0
443 0
45 0
46 0
47 0
48 0
49 0
5 0
50 0
51 0
52 0
53 0
54 0
55 0
56 0
57 0
58 0
59 0
6 0
60 0
61 0
62 0
63 0
64 0
65 0
66 0
67 0
68 0
69 0
7 0
70 0
71 0
72 0
73 0
74 0
75 0
76 0
77 0
78 0
79 0
8 0
80 0
81 0
82 0
83 0
84 0
85 0
86 0
87 0
88 0
89 0
9 0
90 0
91 0
92 0
93 0
94 0
95 0
96 0
97 0
98 0
99 0
108 0
109 0
112 0
113 0
125 0
126 0
18 0
183 0
184 0
186 0
187 0
19 0
191 0
192 0
196 0
197 0
201 0
202 0
211 0
212 0
225 0
226 0
274 0
275 0
293 0
294 0
3 0
301 0
302 0
315 0
316 0
321 0
322 0
331 0
332 0
349 0
350 0
351 0
352 0
380 0
381 0
4 0
41 0
416 0
417 0
42 0
423 0
424 0
439 0
440 0
447 0
448 0
456 0
457 0
461 0
462 0
485 0
486 0
487 0
488 0
49 0
494 0
495 0
50 0
504 0
505 0
510 0
511 0
525 0
526 0
532 0
533 0
536 0
537 0
545 0
546 0
561 0
562 0
574 0
575 0
577 0
578 0
588 0
589 0
621 0
622 0
628 0
629 0
63 0
631 0
632 0
635 0
636 0
64 0
667 0
668 0
674 0
675 0
688 0
689 0
70 0
71 0
95 0
96 0
108 0
109 389
112 0
113 466
125 2
126 464
18 416
183 458
184 436
186 31
187 461
19 488
191 8
192 460
196 397
197 459
201 454
202 430
211 431
212 456
225 0
226 4
274 21
275 454
293 451
294 454
3 10
301 418
302 453
315 0
316 451
321 0
322 435
331 443
332 57
349 1
350 451
351 2
352 451
380 347
381 37
4 494
41 483
416 0
417 51
42 93
423 450
424 451
439 1
440 450
447 11
448 449
456 448
457 44
461 448
462 169
485 9
486 448
487 0
488 448
49 481
494 443
495 75
50 481
504 31
505 448
510 12
511 448
525 101
526 446
532 0
533 446
536 0
537 446
545 0
546 446
561 444
562 444
574 436
575 405
577 0
578 442
588 2
589 441
621 387
622 439
628 0
629 186
63 0
631 11
632 439
635 196
636 439
64 19
667 0
668 418
674 0
675 438
688 436
689 2
70 477
71 174
95 473
96 152
105 13
106 999
107 925
108 999
110 1
111 999
116 0
117 13
12 0
122 0
123 999
126 55
127 999
13 102
138 873
139 999
145 27
146 999
158 999
159 999
160 12
161 999
163 999
164 865
170 193
171 999
173 999
174 148
180 0
181 0
208 998
209 989
211 1
212 999
234 183
235 999
237 994
238 999
244 3
245 999
261 992
262 999
265 963
266 999
273 924
274 999
276 900
277 999
290 978
291 999
294 0
295 999
308 1
309 999
312 951
313 999
331 990
332 993
336 999
337 997
342 0
343 0
351 147
352 999
362 937
363 999
368 999
369 938
379 999
380 999
390 905
391 999
407 2
408 999
410 0
411 999
416 0
417 356
431 0
432 93
434 2
435 999
44 999
447 999
448 999
45 102
458 993
459 999
460 15
461 999
476 0
477 10
478 0
479 999
484 901
485 999
499 1
500 999
511 0
512 999
531 0
532 999
534 167
535 999
540 3
541 999
543 993
544 997
560 1
561 999
564 999
565 11
569 1
570 999
575 125
576 999
582 0
583 989
590 22
591 999
600 503
601 999
625 999
626 999
633 0
634 999
67 0
68 991
81 998
82 999
105 13
106 999
107 925
108 999
110 1
111 999
116 0
117 13
12 0
122 0
123 999
126 55
127 999
13 102
138 873
139 999
145 27
146 999
158 999
159 999
160 12
161 999
163 999
164 865
170 193
171 999
173 999
174 148
180 0
181 0
208 998
209 989
211 1
212 999
234 183
235 999
237 994
238 999
244 3
245 999
261 992
262 999
265 963
266 999
273 924
274 999
276 900
277 999
290 978
291 999
294 0
295 999
308 1
309 999
312 951
313 999
331 990
332 993
336 999
337 997
342 0
343 0
351 147
352 999
362 937
363 999
368 999
369 938
379 999
380 999
390 905
391 999
407 2
408 999
410 0
411 999
416 0
417 356
431 0
432 93
434 2
435 999
44 999
447 999
448 999
45 102
458 993
459 999
460 15
461 999
476 0
477 10
478 0
479 999
484 901
485 999
499 1
500 999
511 0
512 999
531 0
532 999
534 167
535 999
540 3
541 999
543 993
544 997
560 1
561 999
564 999
565 11
569 1
570 999
575 125
576 999
582 0
583 989
590 22
591 999
600 503
601 999
625 999
626 999
633 0
634 999
67 0
68 991
81 998
82 999
100 0
101 989
110 0
111 989
119 989
120 989
130 7
131 989
141 729
142 976
147 933
148 988
152 925
153 988
167 19
168 988
199 988
200 131
204 0
205 988
232 985
233 971
237 0
238 983
280 978
281 978
283 0
284 978
289 0
290 133
291 861
292 978
30 0
301 0
302 978
307 1
308 978
31 993
325 0
326 977
330 958
331 977
337 0
338 843
343 874
344 977
360 65
361 975
372 18
373 975
374 132
375 975
376 0
377 975
38 514
388 4
389 975
39 992
392 0
393 18
399 141
400 975
403 975
404 973
409 974
410 974
411 813
412 974
427 971
428 973
439 659
440 972
444 0
445 969
46 991
462 969
463 969
464 31
465 969
467 2
468 969
47 0
474 0
475 969
479 968
480 947
485 889
486 967
490 1
491 967
507 967
508 967
54 6
541 0
542 966
55 991
566 1
567 965
568 1
569 965
577 2
578 965
581 965
582 965
584 0
585 965
589 963
590 963
597 0
598 963
608 0
609 961
62 0
626 791
627 961
63 991
637 0
638 961
65 989
66 976
67 26
68 991
81 1
82 989
89 891
90 671
95 989
96 989
105 13
106 999
107 925
108 999
110 1
111 999
116 0
117 13
12 0
122 0
123 999
126 55
127 999
13 102
138 873
139 999
145 27
146 999
158 999
159 999
160 12
161 999
163 999
164 865
170 193
171 999
173 999
174 148
180 0
181 0
208 998
209 989
211 1
212 999
234 183
235 999
237 994
238 999
244 3
245 999
261 992
262 999
265 963
266 999
273 924
274 999
276 900
277 999
290 978
291 999
294 0
295 999
308 1
309 999
312 951
313 999
331 990
332 993
336 999
337 997
342 0
343 0
351 147
352 999
362 937
363 999
368 999
369 938
379 999
380 999
390 905
391 999
407 2
408 999
410 0
411 999
416 0
417 356
431 0
432 93
434 2
435 999
44 999
447 999
448 999
45 102
458 993
459 999
460 15
461 999
476 0
477 10
478 0
479 999
484 901
485 999
499 1
500 999
511 0
512 999
531 0
532 999
534 167
535 999
540 3
541 999
543 993
544 997
560 1
561 999
564 999
565 11
569 1
570 999
575 125
576 999
582 0
583 989
590 22
591 999
600 503
601 999
625 999
626 999
633 0
634 999
67 0
68 991
81 998
82 999
10 988
108 992
109 972
11 999
127 0
128 997
133 443
134 999
138 992
139 999
156 16
157 999
18 0
185 0
186 999
19 992
206 0
207 999
213 1
214 999
233 998
234 999
245 0
246 0
277 922
278 999
324 2
325 999
349 0
350 953
407 0
408 998
419 999
420 999
421 860
422 999
433 0
434 0
442 0
443 998
451 0
452 999
478 999
479 16
491 19
492 999
501 0
502 993
504 999
505 4
525 999
526 1
528 5
529 999
533 952
534 999
634 0
635 10
659 999
660 999
667 673
668 953
689 135
690 999
7 999
707 999
708 996
79 0
8 985
80 999
81 19
82 999
100 499
102 499
103 499
107 499
108 499
11 0
116 0
117 499
12 499
121 499
122 499
128 223
129 499
136 496
137 499
138 64
139 499
147 499
148 499
15 499
151 499
152 499
155 499
156 499
157 89
158 499
16 499
161 499
162 499
165 69
166 499
170 499
171 499
174 34
175 499
179 499
18 499
180 499
183 499
184 499
186 499
187 491
189 88
19 12
190 499
191 448
192 499
193 499
194 499
195 491
196 499
199 499
200 499
202 106
203 499
205 499
206 495
208 0
209 499
21 499
212 499
213 499
214 469
215 499
219 499
22 499
220 499
221 495
222 499
223 499
224 499
228 499
229 499
230 496
231 499
236 499
237 499
239 499
240 499
243 499
244 499
245 4
246 499
249 499
250 499
253 499
254 200
262 499
263 499
265 499
266 499
271 499
272 499
275 499
276 499
279 499
280 499
281 499
282 499
283 499
284 499
285 499
286 499
287 499
288 499
29 498
293 499
294 499
295 499
296 499
297 182
298 499
30 89
301 499
302 499
305 0
306 499
307 499
308 499
31 499
310 15
311 499
312 8
313 499
314 499
315 499
32 499
321 499
322 499
323 495
324 499
325 182
326 499
328 499
329 499
33 498
331 498
332 499
335 499
336 499
339 499
34 499
340 499
342 499
343 499
346 70
347 499
349 488
350 499
351 6
352 499
36 212
360 499
361 499
368 311
369 499
37 499
371 499
372 499
377 499
378 499
381 77
382 499
386 499
387 499
389 487
390 499
398 499
399 499
4 209
40 199
400 499
401 499
402 499
403 499
405 15
406 499
409 34
41 499
410 499
411 157
412 499
417 55
418 499
42 1
422 499
423 499
425 499
426 499
427 499
428 499
43 499
430 499
431 499
433 453
434 499
435 499
436 499
438 499
439 499
44 70
441 499
442 499
443 66
444 499
446 499
447 499
448 499
449 499
45 499
453 499
454 499
456 499
457 499
462 471
463 499
464 499
465 499
466 485
467 499
468 32
469 499
470 497
471 499
472 499
473 499
474 467
475 499
478 455
479 499
480 499
481 499
482 178
483 499
484 68
485 499
487 499
488 499
491 210
492 499
493 499
494 499
499 499
5 499
500 499
501 499
502 499
505 1
506 499
507 490
508 499
51 499
511 116
512 499
515 5
516 499
517 499
518 499
52 499
520 499
521 499
523 83
524 499
526 499
527 499
529 88
530 499
532 494
533 66
56 442
57 499
58 499
59 499
6 448
60 473
61 499
65 86
66 499
68 43
69 499
7 499
70 499
71 499
73 499
74 499
77 42
78 499
82 0
83 499
90 499
91 499
93 0
94 198
97 499
98 499
99 138
10 9999
100 5218
101 9999
103 9955
104 9999
105 91
106 9999
108 9999
109 9999
11 9999
110 9999
111 9999
112 9557
113 9999
114 9999
115 9999
116 0
117 9993
118 17
119 9999
121 9999
122 9999
123 209
124 9999
125 9999
126 9999
127 54
128 9999
129 9999
130 9999
131 6107
132 9999
136 1377
137 9999
138 31
139 9999
14 8538
140 7423
141 9999
143 8474
144 9999
146 9999
147 9999
149 9999
15 9999
150 9953
152 9999
153 9999
154 9999
155 9999
156 1443
157 9999
159 241
16 60
160 9999
161 852
162 9999
165 9999
166 9999
167 9982
168 9999
169 9999
17 9999
170 9999
171 9999
172 9999
174 9143
175 9999
179 14
180 9999
183 9999
184 9999
185 1042
186 9999
187 9992
188 9999
189 9990
190 9999
191 1038
192 9999
193 5317
194 9999
195 9129
196 9999
199 9999
200 9999
201 9717
202 9999
203 9999
204 9999
205 368
206 9999
208 9990
209 9999
210 9999
211 9999
214 9999
215 9999
216 39
217 9999
218 2929
219 9999
22 8888
221 9999
222 9551
227 1129
228 9999
23 9999
231 8062
232 9999
238 967
239 9999
24 9992
241 9999
242 9999
247 6632
248 9999
249 9999
25 9999
250 9999
251 9999
252 9999
253 9999
254 9999
257 9999
258 9999
260 9999
261 9999
262 9999
263 9999
264 6051
265 9999
266 9999
267 9999
269 12
270 9992
271 9999
272 9999
276 9999
277 9999
278 9999
279 9999
28 1377
281 9999
282 9999
289 9999
29 9999
290 9999
292 9999
293 9999
294 9954
295 9999
296 0
297 9999
298 9999
299 9999
301 8420
302 9999
303 6803
304 9999
307 9999
308 9999
309 786
31 31
310 9999
312 9757
313 9999
315 12
316 9999
317 9999
318 9999
319 9967
32 9999
320 9999
321 9999
322 9999
323 9795
324 9999
33 22
332 9169
333 9999
334 9999
335 9999
336 838
337 9999
338 9999
339 9999
34 9999
340 9999
341 9999
342 9529
343 9999
344 187
345 9999
346 9999
347 9999
348 9046
349 9999
35 9999
350 9999
351 9999
356 5007
357 9999
358 4642
359 9999
36 9999
360 9999
361 9999
364 9999
365 9999
367 9999
368 9999
370 6635
371 9999
372 29
373 9996
374 5032
375 9999
376 8802
377 9999
378 9913
379 9999
380 9925
381 9999
387 9921
388 9999
389 8096
390 9999
392 710
393 9999
394 9999
395 9999
397 9892
398 9999
399 9981
400 9999
401 9999
402 9999
404 8
405 9994
406 1
407 9999
408 39
409 9999
410 14
411 9999
413 9999
414 9999
417 46
418 9999
419 9999
420 9999
421 9982
422 9999
423 9999
424 9999
425 9999
426 9999
427 6255
428 9999
43 9999
435 109
436 9999
438 9999
439 9999
44 9999
449 13
45 6309
450 9999
451 9999
452 9999
455 9983
456 9999
46 9999
460 9971
461 9999
465 9986
466 9999
467 6791
468 9999
469 9999
47 9999
470 9999
472 9998
473 9999
475 9998
476 9999
48 9999
5 65
51 3574
52 9999
54 9999
55 9999
57 3
58 9999
59 9946
6 9999
60 9999
63 37
64 9999
65 9999
66 9999
67 159
68 9999
71 15
72 9999
73 9999
74 9999
77 9999
78 9999
80 151
81 9999
84 9999
85 9999
90 9999
91 9986
94 967
95 9999
96 5300
97 9999
10 9999
100 5218
101 9999
103 9955
104 9999
105 91
106 9999
108 9999
109 9999
11 9999
110 9999
111 9999
112 9557
113 9999
114 9999
115 9999
116 0
117 9993
118 17
119 9999
121 9999
122 9999
123 209
124 9999
125 9999
126 9999
127 54
128 9999
129 9999
130 9999
131 6107
132 9999
136 1377
137 9999
138 31
139 9999
14 8538
140 7423
141 9999
143 8474
144 9999
146 9999
147 9999
149 9999
15 9999
150 9953
152 9999
153 9999
154 9999
155 9999
156 1443
157 9999
159 241
16 60
160 9999
161 852
162 9999
165 9999
166 9999
167 9982
168 9999
169 9999
17 9999
170 9999
171 9999
172 9999
174 9143
175 9999
179 14
180 9999
183 9999
184 9999
185 1042
186 9999
187 9992
188 9999
189 9990
190 9999
191 1038
192 9999
193 5317
194 9999
195 9129
196 9999
199 9999
200 9999
201 9717
202 9999
203 9999
204 9999
205 368
206 9999
208 9990
209 9999
210 9999
211 9999
214 9999
215 9999
216 39
217 9999
218 2929
219 9999
22 8888
221 9999
222 9551
227 1129
228 9999
23 9999
231 8062
232 9999
238 967
239 9999
24 9992
241 9999
242 9999
247 6632
248 9999
249 9999
25 9999
250 9999
251 9999
252 9999
253 9999
254 9999
257 9999
258 9999
260 9999
261 9999
262 9999
263 9999
264 6051
265 9999
266 9999
267 9999
269 12
270 9992
271 9999
272 9999
276 9999
277 9999
278 9999
279 9999
28 1377
281 9999
282 9999
289 9999
29 9999
290 9999
292 9999
293 9999
294 9954
295 9999
296 0
297 9999
298 9999
299 9999
301 8420
302 9999
303 6803
304 9999
307 9999
308 9999
309 786
31 31
310 9999
312 9757
313 9999
315 12
316 9999
317 9999
318 9999
319 9967
32 9999
320 9999
321 9999
322 9999
323 9795
324 9999
33 22
332 9169
333 9999
334 9999
335 9999
336 838
337 9999
338 9999
339 9999
34 9999
340 9999
341 9999
342 9529
343 9999
344 187
345 9999
346 9999
347 9999
348 9046
349 9999
35 9999
350 9999
351 9999
356 5007
357 9999
358 4642
359 9999
36 9999
360 9999
361 9999
364 9999
365 9999
367 9999
368 9999
370 6635
371 9999
372 29
373 9996
374 5032
375 9999
376 8802
377 9999
378 9913
379 9999
380 9925
381 9999
387 9921
388 9999
389 8096
390 9999
392 710
393 9999
394 9999
395 9999
397 9892
398 9999
399 9981
400 9999
401 9999
402 9999
404 8
405 9994
406 1
407 9999
408 39
409 9999
410 14
411 9999
413 9999
414 9999
417 46
418 9999
419 9999
420 9999
421 9982
422 9999
423 9999
424 9999
425 9999
426 9999
427 6255
428 9999
43 9999
435 109
436 9999
438 9999
439 9999
44 9999
449 13
45 6309
450 9999
451 9999
452 9999
455 9983
456 9999
46 9999
460 9971
461 9999
465 9986
466 9999
467 6791
468 9999
469 9999
47 9999
470 9999
472 9998
473 9999
475 9998
476 9999
48 9999
5 65
51 3574
52 9999
54 9999
55 9999
57 3
58 9999
59 9946
6 9999
60 9999
63 37
64 9999
65 9999
66 9999
67 159
68 9999
71 15
72 9999
73 9999
74 9999
77 9999
78 9999
80 151
81 9999
84 9999
85 9999
90 9999
91 9986
94 967
95 9999
96 5300
97 9999
10 3
11 489
12 0
13 430
151 23
152 499
17 441
18 481
200 480
201 499
255 0
256 398
257 39
258 493
27 39
28 499
294 0
295 438
31 0
32 10
369 0
370 499
404 309
405 427
420 0
421 499
43 0
435 1
436 483
437 42
438 499
44 498
531 143
532 23
555 12
556 499
560 143
561 499
593 0
594 43
651 0
652 0
658 0
659 3
679 32
680 499
681 0
682 499
683 499
684 499
69 0
7 346
70 402
709 2
710 499
721 129
722 499
727 446
728 396
74 142
749 46
75 1
750 499
758 0
759 0
778 0
779 43
8 214
825 499
826 499
87 0
88 467
