334 0
335 9999
92 7
93 9999
334 0
335 9999
92 7
93 9999
0 0
1 0
10 0
100 0
101 0
102 0
103 0
104 0
105 0
106 0
107 0
108 0
109 0
11 0
110 0
111 0
112 0
113 0
114 0
115 0
116 0
117 0
118 0
119 0
12 0
120 0
121 0
122 0
123 0
124 0
125 0
126 0
127 0
128 0
129 0
13 0
14 0
15 0
16 0
17 0
18 0
19 0
2 0
20 0
21 0
22 0
23 0
24 0
25 0
26 0
27 0
28 0
29 0
3 0
30 0
31 0
32 0
33 0
34 0
35 0
36 0
37 0
38 0
39 0
4 0
40 0
41 0
42 0
43 0
44 0
45 0
46 0
47 0
48 0
49 0
5 0
50 0
51 0
52 0
53 0
54 0
55 0
56 0
57 0
58 0
59 0
6 0
60 0
61 0
62 0
63 0
64 0
65 0
66 0
67 0
68 0
69 0
7 0
70 0
71 0
72 0
73 0
74 0
75 0
76 0
77 0
78 0
79 0
8 0
80 0
81 0
82 0
83 0
84 0
85 0
86 0
87 0
88 0
89 0
9 0
90 0
91 0
92 0
93 0
94 0
95 0
96 0
97 0
98 0
99 0
0 0
1 0
10 0
100 0
101 0
102 0
103 0
104 0
105 0
106 0
107 0
108 0
109 0
11 0
110 0
111 0
112 0
113 0
114 0
115 0
116 0
117 0
118 0
119 0
12 0
120 0
121 0
122 0
123 0
124 0
125 0
126 0
127 0
128 0
129 0
13 0
14 0
15 0
16 0
17 0
18 0
19 0
2 0
20 0
21 0
22 0
23 0
24 0
25 0
26 0
27 0
28 0
29 0
3 0
30 0
31 0
32 0
33 0
34 0
35 0
36 0
37 0
38 0
39 0
4 0
40 0
41 0
42 0
43 0
44 0
45 0
46 0
47 0
48 0
49 0
5 0
50 0
51 0
52 0
53 0
54 0
55 0
56 0
57 0
58 0
59 0
6 0
60 0
61 0
62 0
63 0
64 0
65 0
66 0
67 0
68 0
69 0
7 0
70 0
71 0
72 0
73 0
74 0
75 0
76 0
77 0
78 0
79 0
8 0
80 0
81 0
82 0
83 0
84 0
85 0
86 0
87 0
88 0
89 0
9 0
90 0
91 0
92 0
93 0
94 0
95 0
96 0
97 0
98 0
99 0
0 0
1 0
10 0
100 0
101 0
102 0
103 0
104 0
105 0
106 0
107 0
108 0
109 0
11 0
110 0
111 0
112 0
113 0
114 0
115 0
116 0
117 0
118 0
119 0
12 0
120 0
121 0
122 0
123 0
124 0
125 0
126 0
127 0
128 0
129 0
13 0
14 0
15 0
16 0
17 0
18 0
19 0
2 0
20 0
21 0
22 0
23 0
24 0
25 0
26 0
27 0
28 0
29 0
3 0
30 0
31 0
32 0
33 0
34 0
35 0
36 0
37 0
38 0
39 0
4 0
40 0
41 0
42 0
43 0
44 0
45 0
46 0
47 0
48 0
49 0
5 0
50 0
51 0
52 0
53 0
54 0
55 0
56 0
57 0
58 0
59 0
6 0
60 0
61 0
62 0
63 0
64 0
65 0
66 0
67 0
68 0
69 0
7 0
70 0
71 0
72 0
73 0
74 0
75 0
76 0
77 0
78 0
79 0
8 0
80 0
81 0
82 0
83 0
84 0
85 0
86 0
87 0
88 0
89 0
9 0
90 0
91 0
92 0
93 0
94 0
95 0
96 0
97 0
98 0
99 0
0 0
1 0
10 0
100 0
101 0
102 0
103 0
104 0
105 0
106 0
107 0
108 0
109 0
11 0
110 0
111 0
112 0
113 0
114 0
115 0
116 0
117 0
118 0
119 0
12 0
120 0
121 0
122 0
123 0
124 0
125 0
126 0
127 0
128 0
129 0
13 0
130 0
131 0
132 0
133 0
134 0
135 0
136 0
137 0
138 0
139 0
14 0
140 0
141 0
142 0
143 0
15 0
16 0
17 0
18 0
19 0
2 0
20 0
21 0
22 0
23 0
24 0
25 0
26 0
27 0
28 0
29 0
3 0
30 0
31 0
32 0
33 0
34 0
35 0
36 0
37 0
38 0
39 0
4 0
40 0
41 0
42 0
43 0
44 0
45 0
46 0
47 0
48 0
49 0
5 0
50 0
51 0
52 0
53 0
54 0
55 0
56 0
57 0
58 0
59 0
6 0
60 0
61 0
62 0
63 0
64 0
65 0
66 0
67 0
68 0
69 0
7 0
70 0
71 0
72 0
73 0
74 0
75 0
76 0
77 0
78 0
79 0
8 0
80 0
81 0
82 0
83 0
84 0
85 0
86 0
87 0
88 0
89 0
9 0
90 0
91 0
92 0
93 0
94 0
95 0
96 0
97 0
98 0
99 0
0 0
1 0
10 0
100 0
101 0
102 0
103 0
104 0
105 0
106 0
107 0
108 0
109 0
11 0
110 0
111 0
112 0
113 0
114 0
115 0
116 0
117 0
118 0
119 0
12 0
120 0
121 0
122 0
123 0
124 0
125 0
126 0
127 0
128 0
129 0
13 0
130 0
131 0
132 0
133 0
134 0
135 0
136 0
137 0
138 0
139 0
14 0
140 0
141 0
142 0
143 0
144 0
145 0
15 0
16 0
17 0
18 0
19 0
2 0
20 0
21 0
22 0
23 0
24 0
25 0
26 0
27 0
28 0
29 0
3 0
30 0
31 0
32 0
33 0
34 0
35 0
36 0
37 0
38 0
39 0
4 0
40 0
41 0
42 0
43 0
44 0
45 0
46 0
47 0
48 0
49 0
5 0
50 0
51 0
52 0
53 0
54 0
55 0
56 0
57 0
58 0
59 0
6 0
60 0
61 0
62 0
63 0
64 0
65 0
66 0
67 0
68 0
69 0
7 0
70 0
71 0
72 0
73 0
74 0
75 0
76 0
77 0
78 0
79 0
8 0
80 0
81 0
82 0
83 0
84 0
85 0
86 0
87 0
88 0
89 0
9 0
90 0
91 0
92 0
93 0
94 0
95 0
96 0
97 0
98 0
99 0
184 0
185 0
186 0
187 0
445 0
446 0
184 0
185 461
186 70
187 463
445 30
446 446
451 1
452 999
559 1
560 999
451 1
452 999
559 1
560 999
129 984
130 983
211 779
212 979
226 0
227 979
429 0
430 0
431 0
432 0
433 0
434 0
435 0
436 0
437 0
438 0
439 0
440 0
441 0
442 0
443 0
444 0
445 0
446 0
447 0
448 0
449 0
450 0
451 0
452 0
453 0
454 0
455 0
456 0
457 0
458 0
459 0
460 0
461 0
462 0
463 0
464 0
465 0
466 0
451 1
452 999
559 1
560 999
277 0
278 0
475 19
476 999
684 999
685 996
107 499
108 499
130 499
131 499
138 62
139 499
157 499
158 499
168 499
169 499
194 499
195 499
217 182
218 499
220 191
221 499
231 0
232 95
260 499
261 499
27 489
271 499
272 499
28 15
288 499
289 499
296 0
297 66
340 0
341 83
51 77
52 499
69 499
70 499
104 4072
105 9999
114 9999
115 9999
125 9999
126 9999
127 253
128 9999
158 6632
159 9999
191 12
192 9999
193 9999
194 9999
195 0
196 9999
210 812
211 9999
22 1377
23 9999
233 910
234 9999
236 710
237 9999
241 9999
242 9999
250 9999
251 9999
44 9999
45 9999
84 0
85 3392
90 9999
91 9999
95 1217
96 9999
104 4072
105 9999
114 9999
115 9999
125 9999
126 9999
127 253
128 9999
158 6632
159 9999
191 12
192 9999
193 9999
194 9999
195 0
196 9999
210 812
211 9999
22 1377
23 9999
233 910
234 9999
236 710
237 9999
241 9999
242 9999
250 9999
251 9999
44 9999
45 9999
84 0
85 3392
90 9999
91 9999
95 1217
96 9999
