128 59
129 9999
132 9999
133 9996
145 92
146 9999
157 0
158 9999
164 0
165 843
169 1172
170 9999
202 0
203 9681
217 0
218 9972
220 9584
221 9187
239 0
240 9999
252 969
253 9999
293 3
294 9999
295 88
296 9999
304 0
305 9434
306 87
307 9999
330 9974
331 9999
340 110
341 9999
358 9995
359 9999
364 9999
365 9439
387 0
388 9999
44 9999
45 7
458 9999
459 9996
46 0
47 9967
518 0
519 731
630 9966
631 9998
632 8817
633 9999
643 1112
644 9999
645 4
646 9999
93 7
94 9999
128 59
129 9999
132 9999
133 9996
145 92
146 9999
157 0
158 9999
164 0
165 843
169 1172
170 9999
202 0
203 9681
217 0
218 9972
220 9584
221 9187
239 0
240 9999
252 969
253 9999
293 3
294 9999
295 88
296 9999
304 0
305 9434
306 87
307 9999
330 9974
331 9999
340 110
341 9999
358 9995
359 9999
364 9999
365 9439
387 0
388 9999
44 9999
45 7
458 9999
459 9996
46 0
47 9967
518 0
519 731
630 9966
631 9998
632 8817
633 9999
643 1112
644 9999
645 4
646 9999
93 7
94 9999
0 0
1 0
10 0
100 0
101 0
102 0
103 0
104 0
105 0
106 0
107 0
108 0
109 0
11 0
110 0
111 0
112 0
113 0
114 0
115 0
116 0
117 0
118 0
119 0
12 0
120 0
121 0
122 0
123 0
124 0
125 0
126 0
127 0
128 0
129 0
13 0
130 0
131 0
132 0
133 0
134 0
135 0
136 0
137 0
138 0
139 0
14 0
140 0
141 0
142 0
143 0
144 0
145 0
146 0
147 0
148 0
149 0
15 0
150 0
151 0
152 0
153 0
154 0
155 0
156 0
157 0
158 0
159 0
16 0
160 0
161 0
162 0
163 0
164 0
165 0
166 0
167 0
168 0
169 0
17 0
170 0
171 0
172 0
173 0
174 0
175 0
176 0
177 0
178 0
179 0
18 0
180 0
181 0
182 0
183 0
184 0
185 0
186 0
187 0
188 0
189 0
19 0
190 0
191 0
192 0
193 0
194 0
195 0
196 0
197 0
198 0
199 0
2 0
20 0
200 0
201 0
202 0
203 0
204 0
205 0
206 0
207 0
208 0
209 0
21 0
210 0
211 0
212 0
213 0
214 0
215 0
216 0
217 0
218 0
219 0
22 0
220 0
221 0
222 0
223 0
224 0
225 0
226 0
227 0
228 0
229 0
23 0
230 0
231 0
232 0
233 0
234 0
235 0
236 0
237 0
238 0
239 0
24 0
240 0
241 0
242 0
243 0
244 0
245 0
246 0
247 0
248 0
249 0
25 0
250 0
251 0
252 0
253 0
254 0
255 0
256 0
257 0
258 0
259 0
26 0
260 0
261 0
262 0
263 0
264 0
265 0
266 0
267 0
268 0
269 0
27 0
270 0
271 0
272 0
273 0
274 0
275 0
276 0
277 0
278 0
279 0
28 0
280 0
281 0
282 0
283 0
284 0
285 0
286 0
287 0
288 0
289 0
29 0
290 0
291 0
292 0
293 0
294 0
295 0
296 0
297 0
298 0
299 0
3 0
30 0
300 0
301 0
302 0
303 0
304 0
305 0
306 0
307 0
308 0
309 0
31 0
310 0
311 0
312 0
313 0
314 0
315 0
316 0
317 0
318 0
319 0
32 0
320 0
321 0
322 0
323 0
324 0
325 0
326 0
327 0
328 0
329 0
33 0
330 0
331 0
332 0
333 0
334 0
335 0
336 0
337 0
338 0
339 0
34 0
340 0
341 0
342 0
343 0
344 0
345 0
346 0
347 0
348 0
349 0
35 0
350 0
351 0
352 0
353 0
354 0
355 0
356 0
357 0
358 0
359 0
36 0
360 0
361 0
362 0
363 0
364 0
365 0
366 0
367 0
368 0
369 0
37 0
370 0
371 0
372 0
373 0
374 0
375 0
376 0
377 0
378 0
379 0
38 0
380 0
381 0
382 0
383 0
384 0
385 0
386 0
387 0
39 0
4 0
40 0
41 0
42 0
43 0
44 0
45 0
46 0
47 0
48 0
49 0
5 0
50 0
51 0
52 0
53 0
54 0
55 0
56 0
57 0
58 0
59 0
6 0
60 0
61 0
62 0
63 0
64 0
65 0
66 0
67 0
68 0
69 0
7 0
70 0
71 0
72 0
73 0
74 0
75 0
76 0
77 0
78 0
79 0
8 0
80 0
81 0
82 0
83 0
84 0
85 0
86 0
87 0
88 0
89 0
9 0
90 0
91 0
92 0
93 0
94 0
95 0
96 0
97 0
98 0
99 0
0 0
1 0
10 0
100 0
101 0
102 0
103 0
104 0
105 0
106 0
107 0
108 0
109 0
11 0
110 0
111 0
112 0
113 0
114 0
115 0
116 0
117 0
118 0
119 0
12 0
120 0
121 0
122 0
123 0
124 0
125 0
126 0
127 0
128 0
129 0
13 0
130 0
131 0
132 0
133 0
134 0
135 0
136 0
137 0
138 0
139 0
14 0
140 0
141 0
142 0
143 0
144 0
145 0
146 0
147 0
148 0
149 0
15 0
150 0
151 0
152 0
153 0
154 0
155 0
156 0
157 0
158 0
159 0
16 0
160 0
161 0
162 0
163 0
164 0
165 0
166 0
167 0
168 0
169 0
17 0
170 0
171 0
172 0
173 0
174 0
175 0
176 0
177 0
178 0
179 0
18 0
180 0
181 0
182 0
183 0
184 0
185 0
186 0
187 0
188 0
189 0
19 0
190 0
191 0
192 0
193 0
194 0
195 0
196 0
197 0
198 0
199 0
2 0
20 0
200 0
201 0
202 0
203 0
204 0
205 0
206 0
207 0
208 0
209 0
21 0
210 0
211 0
212 0
213 0
214 0
215 0
216 0
217 0
218 0
219 0
22 0
220 0
221 0
222 0
223 0
224 0
225 0
226 0
227 0
228 0
229 0
23 0
230 0
231 0
232 0
233 0
234 0
235 0
236 0
237 0
238 0
239 0
24 0
240 0
241 0
242 0
243 0
244 0
245 0
246 0
247 0
248 0
249 0
25 0
250 0
251 0
252 0
253 0
254 0
255 0
256 0
257 0
258 0
259 0
26 0
260 0
261 0
262 0
263 0
264 0
265 0
266 0
267 0
268 0
269 0
27 0
270 0
271 0
272 0
273 0
274 0
275 0
276 0
277 0
278 0
279 0
28 0
280 0
281 0
282 0
283 0
284 0
285 0
286 0
287 0
288 0
289 0
29 0
290 0
291 0
292 0
293 0
294 0
295 0
296 0
297 0
298 0
299 0
3 0
30 0
300 0
301 0
302 0
303 0
304 0
305 0
306 0
307 0
308 0
309 0
31 0
310 0
311 0
312 0
313 0
314 0
315 0
316 0
317 0
318 0
319 0
32 0
320 0
321 0
322 0
323 0
324 0
325 0
326 0
327 0
328 0
329 0
33 0
330 0
331 0
332 0
333 0
334 0
335 0
336 0
337 0
338 0
339 0
34 0
340 0
341 0
342 0
343 0
344 0
345 0
346 0
347 0
348 0
349 0
35 0
350 0
351 0
352 0
353 0
354 0
355 0
356 0
357 0
358 0
359 0
36 0
360 0
361 0
362 0
363 0
364 0
365 0
366 0
367 0
368 0
369 0
37 0
370 0
371 0
372 0
373 0
374 0
375 0
376 0
377 0
378 0
379 0
38 0
380 0
381 0
382 0
383 0
384 0
385 0
386 0
387 0
39 0
4 0
40 0
41 0
42 0
43 0
44 0
45 0
46 0
47 0
48 0
49 0
5 0
50 0
51 0
52 0
53 0
54 0
55 0
56 0
57 0
58 0
59 0
6 0
60 0
61 0
62 0
63 0
64 0
65 0
66 0
67 0
68 0
69 0
7 0
70 0
71 0
72 0
73 0
74 0
75 0
76 0
77 0
78 0
79 0
8 0
80 0
81 0
82 0
83 0
84 0
85 0
86 0
87 0
88 0
89 0
9 0
90 0
91 0
92 0
93 0
94 0
95 0
96 0
97 0
98 0
99 0
0 0
1 0
10 0
100 0
101 0
102 0
103 0
104 0
105 0
106 0
107 0
108 0
109 0
11 0
110 0
111 0
112 0
113 0
114 0
115 0
116 0
117 0
118 0
119 0
12 0
120 0
121 0
122 0
123 0
124 0
125 0
126 0
127 0
128 0
129 0
13 0
130 0
131 0
132 0
133 0
134 0
135 0
136 0
137 0
138 0
139 0
14 0
140 0
141 0
142 0
143 0
144 0
145 0
146 0
147 0
148 0
149 0
15 0
150 0
151 0
152 0
153 0
154 0
155 0
156 0
157 0
158 0
159 0
16 0
160 0
161 0
162 0
163 0
164 0
165 0
166 0
167 0
168 0
169 0
17 0
170 0
171 0
172 0
173 0
174 0
175 0
176 0
177 0
178 0
179 0
18 0
180 0
181 0
182 0
183 0
184 0
185 0
186 0
187 0
188 0
189 0
19 0
190 0
191 0
192 0
193 0
194 0
195 0
196 0
197 0
198 0
199 0
2 0
20 0
200 0
201 0
202 0
203 0
204 0
205 0
206 0
207 0
208 0
209 0
21 0
210 0
211 0
212 0
213 0
214 0
215 0
216 0
217 0
218 0
219 0
22 0
220 0
221 0
222 0
223 0
224 0
225 0
226 0
227 0
228 0
229 0
23 0
230 0
231 0
232 0
233 0
234 0
235 0
236 0
237 0
238 0
239 0
24 0
240 0
241 0
242 0
243 0
244 0
245 0
246 0
247 0
248 0
249 0
25 0
250 0
251 0
252 0
253 0
254 0
255 0
256 0
257 0
258 0
259 0
26 0
260 0
261 0
262 0
263 0
264 0
265 0
266 0
267 0
268 0
269 0
27 0
270 0
271 0
272 0
273 0
274 0
275 0
276 0
277 0
278 0
279 0
28 0
280 0
281 0
282 0
283 0
284 0
285 0
286 0
287 0
288 0
289 0
29 0
290 0
291 0
292 0
293 0
294 0
295 0
296 0
297 0
298 0
299 0
3 0
30 0
300 0
301 0
302 0
303 0
304 0
305 0
306 0
307 0
308 0
309 0
31 0
310 0
311 0
312 0
313 0
314 0
315 0
316 0
317 0
318 0
319 0
32 0
320 0
321 0
322 0
323 0
324 0
325 0
326 0
327 0
328 0
329 0
33 0
330 0
331 0
332 0
333 0
334 0
335 0
336 0
337 0
338 0
339 0
34 0
340 0
341 0
342 0
343 0
344 0
345 0
346 0
347 0
348 0
349 0
35 0
350 0
351 0
352 0
353 0
354 0
355 0
356 0
357 0
358 0
359 0
36 0
360 0
361 0
362 0
363 0
364 0
365 0
366 0
367 0
368 0
369 0
37 0
370 0
371 0
372 0
373 0
374 0
375 0
376 0
377 0
378 0
379 0
38 0
380 0
381 0
382 0
383 0
384 0
385 0
386 0
387 0
39 0
4 0
40 0
41 0
42 0
43 0
44 0
45 0
46 0
47 0
48 0
49 0
5 0
50 0
51 0
52 0
53 0
54 0
55 0
56 0
57 0
58 0
59 0
6 0
60 0
61 0
62 0
63 0
64 0
65 0
66 0
67 0
68 0
69 0
7 0
70 0
71 0
72 0
73 0
74 0
75 0
76 0
77 0
78 0
79 0
8 0
80 0
81 0
82 0
83 0
84 0
85 0
86 0
87 0
88 0
89 0
9 0
90 0
91 0
92 0
93 0
94 0
95 0
96 0
97 0
98 0
99 0
0 0
1 0
10 0
100 0
101 0
102 0
103 0
104 0
105 0
106 0
107 0
108 0
109 0
11 0
110 0
111 0
112 0
113 0
114 0
115 0
116 0
117 0
118 0
119 0
12 0
120 0
121 0
122 0
123 0
124 0
125 0
126 0
127 0
128 0
129 0
13 0
130 0
131 0
132 0
133 0
134 0
135 0
136 0
137 0
138 0
139 0
14 0
140 0
141 0
142 0
143 0
144 0
145 0
146 0
147 0
148 0
149 0
15 0
150 0
151 0
152 0
153 0
154 0
155 0
156 0
157 0
158 0
159 0
16 0
160 0
161 0
162 0
163 0
164 0
165 0
166 0
167 0
168 0
169 0
17 0
170 0
171 0
172 0
173 0
174 0
175 0
176 0
177 0
178 0
179 0
18 0
180 0
181 0
182 0
183 0
184 0
185 0
186 0
187 0
188 0
189 0
19 0
190 0
191 0
192 0
193 0
194 0
195 0
196 0
197 0
198 0
199 0
2 0
20 0
200 0
201 0
202 0
203 0
204 0
205 0
206 0
207 0
208 0
209 0
21 0
210 0
211 0
212 0
213 0
214 0
215 0
216 0
217 0
218 0
219 0
22 0
220 0
221 0
222 0
223 0
224 0
225 0
226 0
227 0
228 0
229 0
23 0
230 0
231 0
232 0
233 0
234 0
235 0
236 0
237 0
238 0
239 0
24 0
240 0
241 0
242 0
243 0
244 0
245 0
246 0
247 0
248 0
249 0
25 0
250 0
251 0
252 0
253 0
254 0
255 0
256 0
257 0
258 0
259 0
26 0
260 0
261 0
262 0
263 0
264 0
265 0
266 0
267 0
268 0
269 0
27 0
270 0
271 0
272 0
273 0
274 0
275 0
276 0
277 0
278 0
279 0
28 0
280 0
281 0
282 0
283 0
284 0
285 0
286 0
287 0
288 0
289 0
29 0
290 0
291 0
292 0
293 0
294 0
295 0
296 0
297 0
298 0
299 0
3 0
30 0
300 0
301 0
302 0
303 0
304 0
305 0
306 0
307 0
308 0
309 0
31 0
310 0
311 0
312 0
313 0
314 0
315 0
316 0
317 0
318 0
319 0
32 0
320 0
321 0
322 0
323 0
324 0
325 0
326 0
327 0
328 0
329 0
33 0
330 0
331 0
332 0
333 0
334 0
335 0
336 0
337 0
338 0
339 0
34 0
340 0
341 0
342 0
343 0
344 0
345 0
346 0
347 0
348 0
349 0
35 0
350 0
351 0
352 0
353 0
354 0
355 0
356 0
357 0
358 0
359 0
36 0
360 0
361 0
362 0
363 0
364 0
365 0
366 0
367 0
368 0
369 0
37 0
370 0
371 0
372 0
373 0
374 0
375 0
376 0
377 0
378 0
379 0
38 0
380 0
381 0
382 0
383 0
384 0
385 0
386 0
387 0
388 0
389 0
39 0
390 0
391 0
392 0
393 0
394 0
395 0
396 0
397 0
398 0
399 0
4 0
40 0
400 0
401 0
402 0
403 0
404 0
405 0
41 0
42 0
43 0
44 0
45 0
46 0
47 0
48 0
49 0
5 0
50 0
51 0
52 0
53 0
54 0
55 0
56 0
57 0
58 0
59 0
6 0
60 0
61 0
62 0
63 0
64 0
65 0
66 0
67 0
68 0
69 0
7 0
70 0
71 0
72 0
73 0
74 0
75 0
76 0
77 0
78 0
79 0
8 0
80 0
81 0
82 0
83 0
84 0
85 0
86 0
87 0
88 0
89 0
9 0
90 0
91 0
92 0
93 0
94 0
95 0
96 0
97 0
98 0
99 0
0 0
1 0
10 0
100 0
101 0
102 0
103 0
104 0
105 0
106 0
107 0
108 0
109 0
11 0
110 0
111 0
112 0
113 0
114 0
115 0
116 0
117 0
118 0
119 0
12 0
120 0
121 0
122 0
123 0
124 0
125 0
126 0
127 0
128 0
129 0
13 0
130 0
131 0
132 0
133 0
134 0
135 0
136 0
137 0
138 0
139 0
14 0
140 0
141 0
142 0
143 0
144 0
145 0
146 0
147 0
148 0
149 0
15 0
150 0
151 0
152 0
153 0
154 0
155 0
156 0
157 0
158 0
159 0
16 0
160 0
161 0
162 0
163 0
164 0
165 0
166 0
167 0
168 0
169 0
17 0
170 0
171 0
172 0
173 0
174 0
175 0
176 0
177 0
178 0
179 0
18 0
180 0
181 0
182 0
183 0
184 0
185 0
186 0
187 0
188 0
189 0
19 0
190 0
191 0
192 0
193 0
194 0
195 0
196 0
197 0
198 0
199 0
2 0
20 0
200 0
201 0
202 0
203 0
204 0
205 0
206 0
207 0
208 0
209 0
21 0
210 0
211 0
212 0
213 0
214 0
215 0
216 0
217 0
218 0
219 0
22 0
220 0
221 0
222 0
223 0
224 0
225 0
226 0
227 0
228 0
229 0
23 0
230 0
231 0
232 0
233 0
234 0
235 0
236 0
237 0
238 0
239 0
24 0
240 0
241 0
242 0
243 0
244 0
245 0
246 0
247 0
248 0
249 0
25 0
250 0
251 0
252 0
253 0
254 0
255 0
256 0
257 0
258 0
259 0
26 0
260 0
261 0
262 0
263 0
264 0
265 0
266 0
267 0
268 0
269 0
27 0
270 0
271 0
272 0
273 0
274 0
275 0
276 0
277 0
278 0
279 0
28 0
280 0
281 0
282 0
283 0
284 0
285 0
286 0
287 0
288 0
289 0
29 0
290 0
291 0
292 0
293 0
294 0
295 0
296 0
297 0
298 0
299 0
3 0
30 0
300 0
301 0
302 0
303 0
304 0
305 0
306 0
307 0
308 0
309 0
31 0
310 0
311 0
312 0
313 0
314 0
315 0
316 0
317 0
318 0
319 0
32 0
320 0
321 0
322 0
323 0
324 0
325 0
326 0
327 0
328 0
329 0
33 0
330 0
331 0
332 0
333 0
334 0
335 0
336 0
337 0
338 0
339 0
34 0
340 0
341 0
342 0
343 0
344 0
345 0
346 0
347 0
348 0
349 0
35 0
350 0
351 0
352 0
353 0
354 0
355 0
356 0
357 0
358 0
359 0
36 0
360 0
361 0
362 0
363 0
364 0
365 0
366 0
367 0
368 0
369 0
37 0
370 0
371 0
372 0
373 0
374 0
375 0
38 0
39 0
4 0
40 0
41 0
42 0
43 0
44 0
45 0
46 0
47 0
48 0
49 0
5 0
50 0
51 0
52 0
53 0
54 0
55 0
56 0
57 0
58 0
59 0
6 0
60 0
61 0
62 0
63 0
64 0
65 0
66 0
67 0
68 0
69 0
7 0
70 0
71 0
72 0
73 0
74 0
75 0
76 0
77 0
78 0
79 0
8 0
80 0
81 0
82 0
83 0
84 0
85 0
86 0
87 0
88 0
89 0
9 0
90 0
91 0
92 0
93 0
94 0
95 0
96 0
97 0
98 0
99 0
114 0
115 0
119 0
120 0
143 0
144 0
174 0
175 0
215 0
216 0
261 0
262 0
267 0
268 0
273 0
274 0
278 0
279 0
295 0
296 0
3 0
330 0
331 0
334 0
335 0
352 0
353 0
38 0
389 0
39 0
390 0
4 0
42 0
428 0
429 0
43 0
452 0
453 0
483 0
484 0
494 0
495 0
507 0
508 0
523 0
524 0
544 0
545 0
546 0
547 0
6 0
645 0
646 0
7 0
114 0
115 15
119 5
120 464
143 461
144 59
174 422
175 433
215 5
216 457
261 301
262 453
267 0
268 15
273 453
274 19
278 0
279 11
295 0
296 453
3 0
330 0
331 452
334 22
335 453
352 0
353 452
38 0
389 0
39 70
390 1
4 493
42 0
428 4
429 448
43 473
452 0
453 0
483 0
484 67
494 184
495 444
507 12
508 443
523 2
524 442
544 53
545 442
546 22
547 442
6 39
645 416
646 439
7 490
105 13
106 999
107 925
108 999
125 55
126 999
15 0
155 999
156 999
157 12
158 999
16 91
160 999
161 865
167 193
168 999
172 0
173 999
230 183
231 999
233 994
234 999
240 3
241 999
258 16
259 999
263 457
264 999
270 924
271 999
273 894
274 999
288 978
289 999
292 0
293 999
307 1
308 999
311 951
312 999
335 999
336 997
350 147
351 999
362 937
363 999
368 17
369 999
390 854
391 999
407 2
408 999
410 0
411 999
44 2
45 999
456 1
457 999
474 0
475 999
480 901
481 999
495 1
496 999
508 0
509 999
528 0
529 999
531 167
532 999
537 0
538 999
556 1
557 999
565 1
566 999
571 125
572 999
578 0
579 989
586 22
587 999
596 503
597 999
67 0
68 991
81 998
82 28
105 13
106 999
107 925
108 999
125 55
126 999
15 0
155 999
156 999
157 12
158 999
16 91
160 999
161 865
167 193
168 999
172 0
173 999
230 183
231 999
233 994
234 999
240 3
241 999
258 16
259 999
263 457
264 999
270 924
271 999
273 894
274 999
288 978
289 999
292 0
293 999
307 1
308 999
311 951
312 999
335 999
336 997
350 147
351 999
362 937
363 999
368 17
369 999
390 854
391 999
407 2
408 999
410 0
411 999
44 2
45 999
456 1
457 999
474 0
475 999
480 901
481 999
495 1
496 999
508 0
509 999
528 0
529 999
531 167
532 999
537 0
538 999
556 1
557 999
565 1
566 999
571 125
572 999
578 0
579 989
586 22
587 999
596 503
597 999
67 0
68 991
81 998
82 28
111 0
112 1
127 0
128 984
14 881
15 995
162 958
163 983
171 9
172 982
179 981
180 21
198 980
199 893
20 86
21 994
243 309
244 975
255 975
256 1
266 21
267 974
317 6
318 972
320 14
321 972
334 0
335 972
350 964
351 971
352 46
353 971
375 7
376 970
390 946
391 970
402 0
403 954
404 324
405 970
41 0
42 990
456 0
457 31
459 965
460 964
467 0
468 965
470 965
471 965
518 0
519 167
535 957
536 34
543 0
544 959
552 49
553 962
592 0
593 16
597 960
598 960
604 29
605 959
62 980
63 988
88 0
89 985
105 13
106 999
107 925
108 999
125 55
126 999
15 0
155 999
156 999
157 12
158 999
16 91
160 999
161 865
167 193
168 999
172 0
173 999
230 183
231 999
233 994
234 999
240 3
241 999
258 16
259 999
263 457
264 999
270 924
271 999
273 894
274 999
288 978
289 999
292 0
293 999
307 1
308 999
311 951
312 999
335 999
336 997
350 147
351 999
362 937
363 999
368 17
369 999
390 854
391 999
407 2
408 999
410 0
411 999
44 2
45 999
456 1
457 999
474 0
475 999
480 901
481 999
495 1
496 999
508 0
509 999
528 0
529 999
531 167
532 999
537 0
538 999
556 1
557 999
565 1
566 999
571 125
572 999
578 0
579 989
586 22
587 999
596 503
597 999
67 0
68 991
81 998
82 28
10 25
106 992
107 5
11 999
130 443
131 999
135 992
136 999
17 0
18 992
181 0
182 999
202 0
203 999
228 998
229 999
271 922
272 999
318 2
319 999
413 999
414 999
435 0
436 998
470 999
471 16
483 19
484 999
519 5
520 999
525 0
526 998
648 999
649 999
695 999
696 996
8 524
9 998
100 499
101 499
108 0
109 499
11 0
113 499
114 499
119 223
12 499
120 499
128 482
129 499
137 499
138 499
141 6
142 499
143 499
144 499
145 30
146 499
149 499
15 499
150 499
153 69
154 499
158 499
159 499
16 499
162 34
163 499
167 499
168 499
17 12
171 499
172 499
176 88
177 499
178 448
179 499
18 499
180 499
181 499
182 491
183 499
186 499
187 499
189 106
19 499
190 499
192 499
193 495
195 0
196 499
199 499
20 499
200 499
205 499
206 64
207 499
208 499
209 154
21 70
210 499
213 499
214 499
22 499
221 499
222 499
225 499
226 499
230 499
231 499
242 499
243 499
245 499
246 499
253 499
254 499
257 499
258 499
260 499
261 499
262 499
263 499
264 499
265 499
270 499
271 499
272 499
273 499
277 499
278 499
28 498
281 0
282 499
283 499
284 499
288 8
289 499
29 89
290 499
291 499
297 499
298 499
299 495
30 499
300 499
301 182
302 499
304 499
305 499
307 498
308 499
31 499
311 498
312 499
315 499
316 499
319 499
32 498
320 499
321 70
322 499
325 6
326 499
33 499
334 499
335 499
342 311
343 499
35 212
350 6
351 499
357 499
358 499
36 499
360 487
361 499
369 499
370 499
371 499
372 499
373 88
374 499
375 15
376 499
379 34
380 499
381 157
382 499
387 55
388 499
39 199
392 499
393 499
395 499
396 499
398 499
399 499
4 209
40 499
400 477
401 499
403 499
404 499
406 499
407 499
409 498
410 499
412 499
413 499
414 499
415 499
419 467
420 499
421 499
422 499
428 499
429 499
43 263
431 485
432 499
433 32
434 499
435 497
436 499
437 499
438 499
439 467
44 499
440 499
444 499
445 499
451 0
452 303
453 210
454 499
458 0
459 499
461 499
462 499
463 456
464 499
466 1
467 499
468 490
469 499
474 0
475 438
476 499
477 499
479 499
48 499
480 499
482 83
483 499
485 499
486 499
49 499
490 494
491 66
5 499
53 442
54 499
55 499
56 499
6 448
62 43
63 499
66 499
67 499
7 499
70 42
71 499
75 0
76 499
83 499
84 499
86 0
87 198
90 499
91 499
92 138
93 499
98 499
99 499
10 9999
100 9999
101 9999
102 9999
103 9999
104 25
105 9999
106 9997
107 9999
109 17
11 9999
110 9999
112 9999
113 9999
115 9999
116 9999
119 8653
120 9999
121 0
122 9986
125 1377
126 9999
127 31
128 9999
129 7423
130 9999
134 9999
135 9999
137 9999
138 9953
14 8538
140 9999
141 9999
142 9999
143 9999
144 1443
145 9999
147 241
148 9999
149 852
15 9999
150 9999
153 9999
154 9999
155 4072
156 9999
157 9999
158 9999
16 60
160 6893
161 9999
165 14
166 9999
169 9999
17 9999
170 9999
171 1042
172 9999
173 9992
174 9999
176 1038
177 9999
178 5317
179 9999
180 9129
181 9999
184 9999
185 9999
186 9717
187 9999
188 9999
189 9999
190 368
191 9999
193 216
194 9999
197 9999
198 9999
199 39
200 9999
201 2929
202 9999
212 8062
213 9999
22 8888
221 9999
222 9999
227 6632
228 9999
229 9999
23 9999
230 9999
231 9999
232 9999
235 9999
236 9999
238 9999
239 9999
240 9999
241 9999
243 9999
244 9999
246 12
247 9992
248 9999
249 9999
253 9999
254 9999
255 15
256 9999
257 0
258 9999
259 0
260 9999
264 9999
265 9999
267 9999
268 9999
269 9790
27 1377
270 9999
272 9999
273 9999
275 8420
276 9999
28 9999
280 9999
281 9999
286 12
287 9999
288 9999
289 9999
290 9967
291 9999
292 9999
293 9999
294 0
295 9981
296 594
297 9999
30 31
301 9169
302 9999
303 760
304 9999
305 9999
306 9999
307 9999
308 9999
309 9999
31 9999
310 9999
312 9717
313 9999
314 9999
315 9999
316 9046
317 9999
318 812
319 9999
32 22
322 5007
323 9999
324 4642
325 9999
326 253
327 9999
33 9999
330 9999
331 9999
333 6635
334 9999
338 8802
339 9999
34 858
340 36
341 9999
342 0
343 9994
347 9921
348 9999
349 8096
35 9999
350 9999
352 710
353 9999
354 9999
355 9999
357 9892
358 9999
360 9999
361 9999
363 8
364 9994
367 14
368 9999
370 9999
371 9999
375 9999
376 9999
377 6759
378 9999
380 9999
381 9999
382 6255
383 9999
392 9999
393 9999
403 13
404 9999
406 3
407 9999
408 9983
409 9999
41 9999
413 9971
414 9999
418 769
419 9999
42 9999
420 9999
421 9999
423 9999
424 9999
43 6309
44 9999
47 303
48 9999
50 9999
51 9999
53 3
54 9999
55 9760
56 9999
59 37
60 9999
61 9999
62 9999
63 159
64 9999
68 9999
69 9999
72 9999
73 9999
74 9999
75 9999
78 0
79 9999
80 325
81 9999
89 5300
90 9999
93 5218
94 9999
96 174
97 9999
10 9999
100 9999
101 9999
102 9999
103 9999
104 25
105 9999
106 9997
107 9999
109 17
11 9999
110 9999
112 9999
113 9999
115 9999
116 9999
119 8653
120 9999
121 0
122 9986
125 1377
126 9999
127 31
128 9999
129 7423
130 9999
134 9999
135 9999
137 9999
138 9953
14 8538
140 9999
141 9999
142 9999
143 9999
144 1443
145 9999
147 241
148 9999
149 852
15 9999
150 9999
153 9999
154 9999
155 4072
156 9999
157 9999
158 9999
16 60
160 6893
161 9999
165 14
166 9999
169 9999
17 9999
170 9999
171 1042
172 9999
173 9992
174 9999
176 1038
177 9999
178 5317
179 9999
180 9129
181 9999
184 9999
185 9999
186 9717
187 9999
188 9999
189 9999
190 368
191 9999
193 216
194 9999
197 9999
198 9999
199 39
200 9999
201 2929
202 9999
212 8062
213 9999
22 8888
221 9999
222 9999
227 6632
228 9999
229 9999
23 9999
230 9999
231 9999
232 9999
235 9999
236 9999
238 9999
239 9999
240 9999
241 9999
243 9999
244 9999
246 12
247 9992
248 9999
249 9999
253 9999
254 9999
255 15
256 9999
257 0
258 9999
259 0
260 9999
264 9999
265 9999
267 9999
268 9999
269 9790
27 1377
270 9999
272 9999
273 9999
275 8420
276 9999
28 9999
280 9999
281 9999
286 12
287 9999
288 9999
289 9999
290 9967
291 9999
292 9999
293 9999
294 0
295 9981
296 594
297 9999
30 31
301 9169
302 9999
303 760
304 9999
305 9999
306 9999
307 9999
308 9999
309 9999
31 9999
310 9999
312 9717
313 9999
314 9999
315 9999
316 9046
317 9999
318 812
319 9999
32 22
322 5007
323 9999
324 4642
325 9999
326 253
327 9999
33 9999
330 9999
331 9999
333 6635
334 9999
338 8802
339 9999
34 858
340 36
341 9999
342 0
343 9994
347 9921
348 9999
349 8096
35 9999
350 9999
352 710
353 9999
354 9999
355 9999
357 9892
358 9999
360 9999
361 9999
363 8
364 9994
367 14
368 9999
370 9999
371 9999
375 9999
376 9999
377 6759
378 9999
380 9999
381 9999
382 6255
383 9999
392 9999
393 9999
403 13
404 9999
406 3
407 9999
408 9983
409 9999
41 9999
413 9971
414 9999
418 769
419 9999
42 9999
420 9999
421 9999
423 9999
424 9999
43 6309
44 9999
47 303
48 9999
50 9999
51 9999
53 3
54 9999
55 9760
56 9999
59 37
60 9999
61 9999
62 9999
63 159
64 9999
68 9999
69 9999
72 9999
73 9999
74 9999
75 9999
78 0
79 9999
80 325
81 9999
89 5300
90 9999
93 5218
94 9999
96 174
97 9999
10 3
11 489
12 0
13 430
151 23
152 499
17 441
18 481
256 0
257 39
27 39
28 499
31 0
32 10
369 0
370 499
43 0
435 1
436 483
437 42
438 499
44 498
531 143
532 23
559 143
560 499
592 0
593 43
650 0
651 0
678 32
679 499
682 499
683 14
7 346
718 129
719 499
724 446
725 396
73 0
74 162
746 46
747 499
775 0
776 43
8 72
822 72
823 495
87 0
88 467
89 2
90 499
