100 0
101 9997
133 9996
134 9999
135 0
136 9999
138 9999
139 9996
151 92
152 9999
163 0
164 9999
167 1185
168 9999
177 1172
178 9999
200 607
201 9999
205 0
206 9576
222 6
223 9999
225 0
226 9972
228 9584
229 9187
247 0
248 9999
260 969
261 9999
278 9974
279 9997
285 0
286 9999
303 9995
304 9999
305 9996
306 9999
308 6491
309 31
316 0
317 9999
342 9974
343 9999
347 58
348 9999
352 0
353 9999
354 110
355 9999
372 9995
373 9999
378 9999
379 9953
381 49
382 9999
39 0
399 1308
40 9995
400 9999
403 0
404 9999
433 0
434 9999
44 9999
45 7
46 0
47 9967
474 9999
475 9996
482 0
483 58
51 7
52 9999
531 972
532 9
534 9440
535 9937
565 847
566 9999
627 0
628 9997
646 9966
647 9998
648 8817
649 9999
659 1112
660 9999
661 4
662 9999
667 7
668 9997
669 407
670 9999
684 6414
685 0
74 9674
75 9999
84 7
85 9999
87 9999
88 33
98 7
99 9999
100 0
101 9997
133 9996
134 9999
135 0
136 9999
138 9999
139 9996
151 92
152 9999
163 0
164 9999
167 1185
168 9999
177 1172
178 9999
200 607
201 9999
205 0
206 9576
222 6
223 9999
225 0
226 9972
228 9584
229 9187
247 0
248 9999
260 969
261 9999
278 9974
279 9997
285 0
286 9999
303 9995
304 9999
305 9996
306 9999
308 6491
309 31
316 0
317 9999
342 9974
343 9999
347 58
348 9999
352 0
353 9999
354 110
355 9999
372 9995
373 9999
378 9999
379 9953
381 49
382 9999
39 0
399 1308
40 9995
400 9999
403 0
404 9999
433 0
434 9999
44 9999
45 7
46 0
47 9967
474 9999
475 9996
482 0
483 58
51 7
52 9999
531 972
532 9
534 9440
535 9937
565 847
566 9999
627 0
628 9997
646 9966
647 9998
648 8817
649 9999
659 1112
660 9999
661 4
662 9999
667 7
668 9997
669 407
670 9999
684 6414
685 0
74 9674
75 9999
84 7
85 9999
87 9999
88 33
98 7
99 9999
0 0
1 0
10 0
100 0
101 0
102 0
103 0
104 0
105 0
106 0
107 0
108 0
109 0
11 0
110 0
111 0
112 0
113 0
114 0
115 0
116 0
117 0
118 0
119 0
12 0
120 0
121 0
122 0
123 0
124 0
125 0
126 0
127 0
128 0
129 0
13 0
130 0
131 0
132 0
133 0
134 0
135 0
136 0
137 0
138 0
139 0
14 0
140 0
141 0
142 0
143 0
144 0
145 0
146 0
147 0
148 0
149 0
15 0
150 0
151 0
152 0
153 0
154 0
155 0
156 0
157 0
158 0
159 0
16 0
160 0
161 0
162 0
163 0
164 0
165 0
166 0
167 0
168 0
169 0
17 0
170 0
171 0
172 0
173 0
174 0
175 0
176 0
177 0
178 0
179 0
18 0
180 0
181 0
182 0
183 0
184 0
185 0
186 0
187 0
188 0
189 0
19 0
190 0
191 0
192 0
193 0
194 0
195 0
196 0
197 0
198 0
199 0
2 0
20 0
200 0
201 0
202 0
203 0
204 0
205 0
206 0
207 0
208 0
209 0
21 0
210 0
211 0
212 0
213 0
214 0
215 0
216 0
217 0
218 0
219 0
22 0
220 0
221 0
222 0
223 0
224 0
225 0
226 0
227 0
228 0
229 0
23 0
230 0
231 0
232 0
233 0
234 0
235 0
236 0
237 0
238 0
239 0
24 0
240 0
241 0
242 0
243 0
244 0
245 0
246 0
247 0
248 0
249 0
25 0
250 0
251 0
252 0
253 0
254 0
255 0
256 0
257 0
258 0
259 0
26 0
260 0
261 0
262 0
263 0
264 0
265 0
266 0
267 0
268 0
269 0
27 0
270 0
271 0
272 0
273 0
274 0
275 0
276 0
277 0
278 0
279 0
28 0
280 0
281 0
282 0
283 0
284 0
285 0
286 0
287 0
288 0
289 0
29 0
290 0
291 0
292 0
293 0
294 0
295 0
296 0
297 0
298 0
299 0
3 0
30 0
300 0
301 0
302 0
303 0
304 0
305 0
306 0
307 0
308 0
309 0
31 0
310 0
311 0
312 0
313 0
314 0
315 0
316 0
317 0
318 0
319 0
32 0
320 0
321 0
322 0
323 0
324 0
325 0
326 0
327 0
328 0
329 0
33 0
330 0
331 0
332 0
333 0
334 0
335 0
336 0
337 0
338 0
339 0
34 0
340 0
341 0
342 0
343 0
344 0
345 0
346 0
347 0
348 0
349 0
35 0
350 0
351 0
352 0
353 0
354 0
355 0
356 0
357 0
358 0
359 0
36 0
360 0
361 0
362 0
363 0
364 0
365 0
366 0
367 0
368 0
369 0
37 0
370 0
371 0
372 0
373 0
374 0
375 0
376 0
377 0
378 0
379 0
38 0
380 0
381 0
382 0
383 0
384 0
385 0
386 0
387 0
388 0
389 0
39 0
390 0
391 0
392 0
393 0
394 0
395 0
396 0
397 0
398 0
399 0
4 0
40 0
400 0
401 0
402 0
403 0
404 0
405 0
406 0
407 0
408 0
409 0
41 0
410 0
411 0
412 0
413 0
414 0
415 0
416 0
417 0
418 0
419 0
42 0
420 0
421 0
422 0
423 0
424 0
425 0
426 0
427 0
428 0
429 0
43 0
430 0
431 0
432 0
433 0
434 0
435 0
436 0
437 0
438 0
439 0
44 0
440 0
441 0
442 0
443 0
444 0
445 0
446 0
447 0
448 0
449 0
45 0
450 0
451 0
452 0
453 0
454 0
455 0
456 0
457 0
458 0
459 0
46 0
460 0
461 0
462 0
463 0
464 0
465 0
466 0
467 0
468 0
469 0
47 0
470 0
471 0
472 0
473 0
474 0
475 0
476 0
477 0
478 0
479 0
48 0
480 0
481 0
482 0
483 0
484 0
485 0
486 0
487 0
488 0
489 0
49 0
490 0
491 0
5 0
50 0
51 0
52 0
53 0
54 0
55 0
56 0
57 0
58 0
59 0
6 0
60 0
61 0
62 0
63 0
64 0
65 0
66 0
67 0
68 0
69 0
7 0
70 0
71 0
72 0
73 0
74 0
75 0
76 0
77 0
78 0
79 0
8 0
80 0
81 0
82 0
83 0
84 0
85 0
86 0
87 0
88 0
89 0
9 0
90 0
91 0
92 0
93 0
94 0
95 0
96 0
97 0
98 0
99 0
0 0
1 0
10 0
100 0
101 0
102 0
103 0
104 0
105 0
106 0
107 0
108 0
109 0
11 0
110 0
111 0
112 0
113 0
114 0
115 0
116 0
117 0
118 0
119 0
12 0
120 0
121 0
122 0
123 0
124 0
125 0
126 0
127 0
128 0
129 0
13 0
130 0
131 0
132 0
133 0
134 0
135 0
136 0
137 0
138 0
139 0
14 0
140 0
141 0
142 0
143 0
144 0
145 0
146 0
147 0
148 0
149 0
15 0
150 0
151 0
152 0
153 0
154 0
155 0
156 0
157 0
158 0
159 0
16 0
160 0
161 0
162 0
163 0
164 0
165 0
166 0
167 0
168 0
169 0
17 0
170 0
171 0
172 0
173 0
174 0
175 0
176 0
177 0
178 0
179 0
18 0
180 0
181 0
182 0
183 0
184 0
185 0
186 0
187 0
188 0
189 0
19 0
190 0
191 0
192 0
193 0
194 0
195 0
196 0
197 0
198 0
199 0
2 0
20 0
200 0
201 0
202 0
203 0
204 0
205 0
206 0
207 0
208 0
209 0
21 0
210 0
211 0
212 0
213 0
214 0
215 0
216 0
217 0
218 0
219 0
22 0
220 0
221 0
222 0
223 0
224 0
225 0
226 0
227 0
228 0
229 0
23 0
230 0
231 0
232 0
233 0
234 0
235 0
236 0
237 0
238 0
239 0
24 0
240 0
241 0
242 0
243 0
244 0
245 0
246 0
247 0
248 0
249 0
25 0
250 0
251 0
252 0
253 0
254 0
255 0
256 0
257 0
258 0
259 0
26 0
260 0
261 0
262 0
263 0
264 0
265 0
266 0
267 0
268 0
269 0
27 0
270 0
271 0
272 0
273 0
274 0
275 0
276 0
277 0
278 0
279 0
28 0
280 0
281 0
282 0
283 0
284 0
285 0
286 0
287 0
288 0
289 0
29 0
290 0
291 0
292 0
293 0
294 0
295 0
296 0
297 0
298 0
299 0
3 0
30 0
300 0
301 0
302 0
303 0
304 0
305 0
306 0
307 0
308 0
309 0
31 0
310 0
311 0
312 0
313 0
314 0
315 0
316 0
317 0
318 0
319 0
32 0
320 0
321 0
322 0
323 0
324 0
325 0
326 0
327 0
328 0
329 0
33 0
330 0
331 0
332 0
333 0
334 0
335 0
336 0
337 0
338 0
339 0
34 0
340 0
341 0
342 0
343 0
344 0
345 0
346 0
347 0
348 0
349 0
35 0
350 0
351 0
352 0
353 0
354 0
355 0
356 0
357 0
358 0
359 0
36 0
360 0
361 0
362 0
363 0
364 0
365 0
366 0
367 0
368 0
369 0
37 0
370 0
371 0
372 0
373 0
374 0
375 0
376 0
377 0
378 0
379 0
38 0
380 0
381 0
382 0
383 0
384 0
385 0
386 0
387 0
388 0
389 0
39 0
390 0
391 0
392 0
393 0
394 0
395 0
396 0
397 0
398 0
399 0
4 0
40 0
400 0
401 0
402 0
403 0
404 0
405 0
406 0
407 0
408 0
409 0
41 0
410 0
411 0
412 0
413 0
414 0
415 0
416 0
417 0
418 0
419 0
42 0
420 0
421 0
422 0
423 0
424 0
425 0
426 0
427 0
428 0
429 0
43 0
430 0
431 0
432 0
433 0
434 0
435 0
436 0
437 0
438 0
439 0
44 0
440 0
441 0
442 0
443 0
444 0
445 0
446 0
447 0
448 0
449 0
45 0
450 0
451 0
452 0
453 0
454 0
455 0
456 0
457 0
458 0
459 0
46 0
460 0
461 0
462 0
463 0
464 0
465 0
466 0
467 0
468 0
469 0
47 0
470 0
471 0
472 0
473 0
474 0
475 0
476 0
477 0
478 0
479 0
48 0
480 0
481 0
482 0
483 0
484 0
485 0
486 0
487 0
488 0
489 0
49 0
490 0
491 0
5 0
50 0
51 0
52 0
53 0
54 0
55 0
56 0
57 0
58 0
59 0
6 0
60 0
61 0
62 0
63 0
64 0
65 0
66 0
67 0
68 0
69 0
7 0
70 0
71 0
72 0
73 0
74 0
75 0
76 0
77 0
78 0
79 0
8 0
80 0
81 0
82 0
83 0
84 0
85 0
86 0
87 0
88 0
89 0
9 0
90 0
91 0
92 0
93 0
94 0
95 0
96 0
97 0
98 0
99 0
0 0
1 0
10 0
100 0
101 0
102 0
103 0
104 0
105 0
106 0
107 0
108 0
109 0
11 0
110 0
111 0
112 0
113 0
114 0
115 0
116 0
117 0
118 0
119 0
12 0
120 0
121 0
122 0
123 0
124 0
125 0
126 0
127 0
128 0
129 0
13 0
130 0
131 0
132 0
133 0
134 0
135 0
136 0
137 0
138 0
139 0
14 0
140 0
141 0
142 0
143 0
144 0
145 0
146 0
147 0
148 0
149 0
15 0
150 0
151 0
152 0
153 0
154 0
155 0
156 0
157 0
158 0
159 0
16 0
160 0
161 0
162 0
163 0
164 0
165 0
166 0
167 0
168 0
169 0
17 0
170 0
171 0
172 0
173 0
174 0
175 0
176 0
177 0
178 0
179 0
18 0
180 0
181 0
182 0
183 0
184 0
185 0
186 0
187 0
188 0
189 0
19 0
190 0
191 0
192 0
193 0
194 0
195 0
196 0
197 0
198 0
199 0
2 0
20 0
200 0
201 0
202 0
203 0
204 0
205 0
206 0
207 0
208 0
209 0
21 0
210 0
211 0
212 0
213 0
214 0
215 0
216 0
217 0
218 0
219 0
22 0
220 0
221 0
222 0
223 0
224 0
225 0
226 0
227 0
228 0
229 0
23 0
230 0
231 0
232 0
233 0
234 0
235 0
236 0
237 0
238 0
239 0
24 0
240 0
241 0
242 0
243 0
244 0
245 0
246 0
247 0
248 0
249 0
25 0
250 0
251 0
252 0
253 0
254 0
255 0
256 0
257 0
258 0
259 0
26 0
260 0
261 0
262 0
263 0
264 0
265 0
266 0
267 0
268 0
269 0
27 0
270 0
271 0
272 0
273 0
274 0
275 0
276 0
277 0
278 0
279 0
28 0
280 0
281 0
282 0
283 0
284 0
285 0
286 0
287 0
288 0
289 0
29 0
290 0
291 0
292 0
293 0
294 0
295 0
296 0
297 0
298 0
299 0
3 0
30 0
300 0
301 0
302 0
303 0
304 0
305 0
306 0
307 0
308 0
309 0
31 0
310 0
311 0
312 0
313 0
314 0
315 0
316 0
317 0
318 0
319 0
32 0
320 0
321 0
322 0
323 0
324 0
325 0
326 0
327 0
328 0
329 0
33 0
330 0
331 0
332 0
333 0
334 0
335 0
336 0
337 0
338 0
339 0
34 0
340 0
341 0
342 0
343 0
344 0
345 0
346 0
347 0
348 0
349 0
35 0
350 0
351 0
352 0
353 0
354 0
355 0
356 0
357 0
358 0
359 0
36 0
360 0
361 0
362 0
363 0
364 0
365 0
366 0
367 0
368 0
369 0
37 0
370 0
371 0
372 0
373 0
374 0
375 0
376 0
377 0
378 0
379 0
38 0
380 0
381 0
382 0
383 0
384 0
385 0
386 0
387 0
388 0
389 0
39 0
390 0
391 0
392 0
393 0
394 0
395 0
396 0
397 0
398 0
399 0
4 0
40 0
400 0
401 0
402 0
403 0
404 0
405 0
406 0
407 0
408 0
409 0
41 0
410 0
411 0
412 0
413 0
414 0
415 0
416 0
417 0
418 0
419 0
42 0
420 0
421 0
422 0
423 0
424 0
425 0
426 0
427 0
428 0
429 0
43 0
430 0
431 0
432 0
433 0
434 0
435 0
436 0
437 0
438 0
439 0
44 0
440 0
441 0
442 0
443 0
444 0
445 0
446 0
447 0
448 0
449 0
45 0
450 0
451 0
452 0
453 0
454 0
455 0
456 0
457 0
458 0
459 0
46 0
460 0
461 0
462 0
463 0
464 0
465 0
466 0
467 0
468 0
469 0
47 0
470 0
471 0
472 0
473 0
474 0
475 0
476 0
477 0
478 0
479 0
48 0
480 0
481 0
482 0
483 0
484 0
485 0
486 0
487 0
488 0
489 0
49 0
490 0
491 0
5 0
50 0
51 0
52 0
53 0
54 0
55 0
56 0
57 0
58 0
59 0
6 0
60 0
61 0
62 0
63 0
64 0
65 0
66 0
67 0
68 0
69 0
7 0
70 0
71 0
72 0
73 0
74 0
75 0
76 0
77 0
78 0
79 0
8 0
80 0
81 0
82 0
83 0
84 0
85 0
86 0
87 0
88 0
89 0
9 0
90 0
91 0
92 0
93 0
94 0
95 0
96 0
97 0
98 0
99 0
0 0
1 0
10 0
100 0
101 0
102 0
103 0
104 0
105 0
106 0
107 0
108 0
109 0
11 0
110 0
111 0
112 0
113 0
114 0
115 0
116 0
117 0
118 0
119 0
12 0
120 0
121 0
122 0
123 0
124 0
125 0
126 0
127 0
128 0
129 0
13 0
130 0
131 0
132 0
133 0
134 0
135 0
136 0
137 0
138 0
139 0
14 0
140 0
141 0
142 0
143 0
144 0
145 0
146 0
147 0
148 0
149 0
15 0
150 0
151 0
152 0
153 0
154 0
155 0
156 0
157 0
158 0
159 0
16 0
160 0
161 0
162 0
163 0
164 0
165 0
166 0
167 0
168 0
169 0
17 0
170 0
171 0
172 0
173 0
174 0
175 0
176 0
177 0
178 0
179 0
18 0
180 0
181 0
182 0
183 0
184 0
185 0
186 0
187 0
188 0
189 0
19 0
190 0
191 0
192 0
193 0
194 0
195 0
196 0
197 0
198 0
199 0
2 0
20 0
200 0
201 0
202 0
203 0
204 0
205 0
206 0
207 0
208 0
209 0
21 0
210 0
211 0
212 0
213 0
214 0
215 0
216 0
217 0
218 0
219 0
22 0
220 0
221 0
222 0
223 0
224 0
225 0
226 0
227 0
228 0
229 0
23 0
230 0
231 0
232 0
233 0
234 0
235 0
236 0
237 0
238 0
239 0
24 0
240 0
241 0
242 0
243 0
244 0
245 0
246 0
247 0
248 0
249 0
25 0
250 0
251 0
252 0
253 0
254 0
255 0
256 0
257 0
258 0
259 0
26 0
260 0
261 0
262 0
263 0
264 0
265 0
266 0
267 0
268 0
269 0
27 0
270 0
271 0
272 0
273 0
274 0
275 0
276 0
277 0
278 0
279 0
28 0
280 0
281 0
282 0
283 0
284 0
285 0
286 0
287 0
288 0
289 0
29 0
290 0
291 0
292 0
293 0
294 0
295 0
296 0
297 0
298 0
299 0
3 0
30 0
300 0
301 0
302 0
303 0
304 0
305 0
306 0
307 0
308 0
309 0
31 0
310 0
311 0
312 0
313 0
314 0
315 0
316 0
317 0
318 0
319 0
32 0
320 0
321 0
322 0
323 0
324 0
325 0
326 0
327 0
328 0
329 0
33 0
330 0
331 0
332 0
333 0
334 0
335 0
336 0
337 0
338 0
339 0
34 0
340 0
341 0
342 0
343 0
344 0
345 0
346 0
347 0
348 0
349 0
35 0
350 0
351 0
352 0
353 0
354 0
355 0
356 0
357 0
358 0
359 0
36 0
360 0
361 0
362 0
363 0
364 0
365 0
366 0
367 0
368 0
369 0
37 0
370 0
371 0
372 0
373 0
374 0
375 0
376 0
377 0
378 0
379 0
38 0
380 0
381 0
382 0
383 0
384 0
385 0
386 0
387 0
388 0
389 0
39 0
390 0
391 0
392 0
393 0
394 0
395 0
396 0
397 0
398 0
399 0
4 0
40 0
400 0
401 0
402 0
403 0
404 0
405 0
406 0
407 0
408 0
409 0
41 0
410 0
411 0
412 0
413 0
414 0
415 0
416 0
417 0
418 0
419 0
42 0
420 0
421 0
422 0
423 0
424 0
425 0
426 0
427 0
428 0
429 0
43 0
430 0
431 0
432 0
433 0
434 0
435 0
436 0
437 0
438 0
439 0
44 0
440 0
441 0
442 0
443 0
444 0
445 0
446 0
447 0
448 0
449 0
45 0
450 0
451 0
452 0
453 0
454 0
455 0
456 0
457 0
458 0
459 0
46 0
460 0
461 0
462 0
463 0
464 0
465 0
466 0
467 0
468 0
469 0
47 0
470 0
471 0
472 0
473 0
474 0
475 0
476 0
477 0
478 0
479 0
48 0
480 0
481 0
482 0
483 0
484 0
485 0
486 0
487 0
488 0
489 0
49 0
490 0
491 0
492 0
493 0
494 0
495 0
496 0
497 0
498 0
499 0
5 0
50 0
500 0
501 0
51 0
52 0
53 0
54 0
55 0
56 0
57 0
58 0
59 0
6 0
60 0
61 0
62 0
63 0
64 0
65 0
66 0
67 0
68 0
69 0
7 0
70 0
71 0
72 0
73 0
74 0
75 0
76 0
77 0
78 0
79 0
8 0
80 0
81 0
82 0
83 0
84 0
85 0
86 0
87 0
88 0
89 0
9 0
90 0
91 0
92 0
93 0
94 0
95 0
96 0
97 0
98 0
99 0
0 0
1 0
10 0
100 0
101 0
102 0
103 0
104 0
105 0
106 0
107 0
108 0
109 0
11 0
110 0
111 0
112 0
113 0
114 0
115 0
116 0
117 0
118 0
119 0
12 0
120 0
121 0
122 0
123 0
124 0
125 0
126 0
127 0
128 0
129 0
13 0
130 0
131 0
132 0
133 0
134 0
135 0
136 0
137 0
138 0
139 0
14 0
140 0
141 0
142 0
143 0
144 0
145 0
146 0
147 0
148 0
149 0
15 0
150 0
151 0
152 0
153 0
154 0
155 0
156 0
157 0
158 0
159 0
16 0
160 0
161 0
162 0
163 0
164 0
165 0
166 0
167 0
168 0
169 0
17 0
170 0
171 0
172 0
173 0
174 0
175 0
176 0
177 0
178 0
179 0
18 0
180 0
181 0
182 0
183 0
184 0
185 0
186 0
187 0
188 0
189 0
19 0
190 0
191 0
192 0
193 0
194 0
195 0
196 0
197 0
198 0
199 0
2 0
20 0
200 0
201 0
202 0
203 0
204 0
205 0
206 0
207 0
208 0
209 0
21 0
210 0
211 0
212 0
213 0
214 0
215 0
216 0
217 0
218 0
219 0
22 0
220 0
221 0
222 0
223 0
224 0
225 0
226 0
227 0
228 0
229 0
23 0
230 0
231 0
232 0
233 0
234 0
235 0
236 0
237 0
238 0
239 0
24 0
240 0
241 0
242 0
243 0
244 0
245 0
246 0
247 0
248 0
249 0
25 0
250 0
251 0
252 0
253 0
254 0
255 0
256 0
257 0
258 0
259 0
26 0
260 0
261 0
262 0
263 0
264 0
265 0
266 0
267 0
268 0
269 0
27 0
270 0
271 0
272 0
273 0
274 0
275 0
276 0
277 0
278 0
279 0
28 0
280 0
281 0
282 0
283 0
284 0
285 0
286 0
287 0
288 0
289 0
29 0
290 0
291 0
292 0
293 0
294 0
295 0
296 0
297 0
298 0
299 0
3 0
30 0
300 0
301 0
302 0
303 0
304 0
305 0
306 0
307 0
308 0
309 0
31 0
310 0
311 0
312 0
313 0
314 0
315 0
316 0
317 0
318 0
319 0
32 0
320 0
321 0
322 0
323 0
324 0
325 0
326 0
327 0
328 0
329 0
33 0
330 0
331 0
332 0
333 0
334 0
335 0
336 0
337 0
338 0
339 0
34 0
340 0
341 0
342 0
343 0
344 0
345 0
346 0
347 0
348 0
349 0
35 0
350 0
351 0
352 0
353 0
354 0
355 0
356 0
357 0
358 0
359 0
36 0
360 0
361 0
362 0
363 0
364 0
365 0
366 0
367 0
368 0
369 0
37 0
370 0
371 0
372 0
373 0
374 0
375 0
376 0
377 0
378 0
379 0
38 0
380 0
381 0
382 0
383 0
384 0
385 0
386 0
387 0
388 0
389 0
39 0
390 0
391 0
392 0
393 0
394 0
395 0
396 0
397 0
398 0
399 0
4 0
40 0
400 0
401 0
402 0
403 0
404 0
405 0
406 0
407 0
408 0
409 0
41 0
410 0
411 0
412 0
413 0
414 0
415 0
416 0
417 0
418 0
419 0
42 0
420 0
421 0
422 0
423 0
424 0
425 0
426 0
427 0
428 0
429 0
43 0
430 0
431 0
432 0
433 0
434 0
435 0
436 0
437 0
438 0
439 0
44 0
440 0
441 0
442 0
443 0
444 0
445 0
446 0
447 0
448 0
449 0
45 0
450 0
451 0
452 0
453 0
454 0
455 0
456 0
457 0
458 0
459 0
46 0
460 0
461 0
462 0
463 0
464 0
465 0
466 0
467 0
468 0
469 0
47 0
470 0
471 0
472 0
473 0
474 0
475 0
476 0
477 0
478 0
479 0
48 0
480 0
481 0
482 0
483 0
484 0
485 0
486 0
487 0
488 0
489 0
49 0
5 0
50 0
51 0
52 0
53 0
54 0
55 0
56 0
57 0
58 0
59 0
6 0
60 0
61 0
62 0
63 0
64 0
65 0
66 0
67 0
68 0
69 0
7 0
70 0
71 0
72 0
73 0
74 0
75 0
76 0
77 0
78 0
79 0
8 0
80 0
81 0
82 0
83 0
84 0
85 0
86 0
87 0
88 0
89 0
9 0
90 0
91 0
92 0
93 0
94 0
95 0
96 0
97 0
98 0
99 0
110 0
111 0
114 0
115 0
123 0
124 0
155 0
156 0
159 0
160 0
165 0
166 0
170 0
171 0
18 0
19 0
209 0
210 0
212 0
213 0
238 0
239 0
248 0
249 0
288 0
289 0
3 0
313 0
314 0
316 0
317 0
342 0
343 0
353 0
354 0
357 0
358 0
361 0
362 0
363 0
364 0
365 0
366 0
373 0
374 0
390 0
391 0
393 0
394 0
399 0
4 0
400 0
41 0
415 0
416 0
42 0
440 0
441 0
442 0
443 0
453 0
454 0
455 0
456 0
457 0
458 0
467 0
468 0
481 0
482 0
49 0
50 0
505 0
506 0
518 0
519 0
531 0
532 0
559 0
560 0
563 0
564 0
585 0
586 0
589 0
590 0
629 0
63 0
630 0
635 0
636 0
64 0
646 0
647 0
668 0
669 0
693 0
694 0
70 0
71 0
96 0
97 0
110 217
111 7
114 1
115 469
123 470
124 70
155 469
156 469
159 466
160 433
165 0
166 4
170 468
171 450
18 416
19 488
209 411
210 460
212 464
213 463
238 404
239 403
248 460
249 460
288 1
289 459
3 10
313 189
314 458
316 430
317 457
342 171
343 456
353 454
354 456
357 455
358 455
361 1
362 454
363 45
364 454
365 425
366 454
373 35
374 454
390 0
391 0
393 384
394 450
399 51
4 494
400 453
41 483
415 1
416 452
42 93
440 15
441 450
442 160
443 451
453 0
454 0
455 0
456 451
457 451
458 451
467 428
468 451
481 0
482 451
49 481
50 481
505 166
506 449
518 427
519 441
531 7
532 448
559 436
560 110
563 444
564 444
585 0
586 438
589 0
590 443
629 0
63 0
630 76
635 0
636 49
64 19
646 2
647 443
668 26
669 443
693 7
694 442
70 477
71 174
96 422
97 22
101 502
102 993
107 999
108 15
109 925
11 641
110 999
112 1
113 999
118 0
119 13
12 13
124 0
125 999
128 55
129 999
13 102
14 999
140 873
141 999
147 27
148 999
15 999
16 999
160 999
161 999
162 12
163 999
165 999
166 865
172 193
173 999
175 999
176 149
182 0
183 0
198 999
199 999
211 998
212 989
214 1
215 999
237 183
238 999
240 994
241 999
247 3
248 999
264 992
265 999
268 963
269 999
276 924
277 999
279 900
280 999
293 978
294 999
295 912
296 999
298 0
299 999
310 992
311 999
313 1
314 999
317 951
318 999
335 990
336 993
339 0
340 999
342 999
343 902
356 147
357 999
363 0
364 13
367 937
368 999
373 999
374 938
384 999
385 999
393 939
394 999
395 905
396 999
400 999
401 999
412 2
413 999
415 999
416 999
422 0
423 356
437 0
438 136
440 2
441 999
45 999
453 999
454 999
46 102
463 999
464 999
466 15
467 999
477 999
478 998
482 0
483 10
484 7
485 999
490 901
491 999
505 1
506 999
518 883
519 15
536 0
537 999
539 167
540 999
545 3
546 999
548 993
549 997
565 1
566 999
569 999
570 11
574 1
575 999
580 125
581 999
587 0
588 989
593 879
594 921
605 503
606 999
629 1
630 999
638 0
639 999
67 0
68 991
76 999
77 999
80 881
81 999
82 25
83 999
85 999
86 999
88 182
89 999
101 502
102 993
107 999
108 15
109 925
11 641
110 999
112 1
113 999
118 0
119 13
12 13
124 0
125 999
128 55
129 999
13 102
14 999
140 873
141 999
147 27
148 999
15 999
16 999
160 999
161 999
162 12
163 999
165 999
166 865
172 193
173 999
175 999
176 149
182 0
183 0
198 999
199 999
211 998
212 989
214 1
215 999
237 183
238 999
240 994
241 999
247 3
248 999
264 992
265 999
268 963
269 999
276 924
277 999
279 900
280 999
293 978
294 999
295 912
296 999
298 0
299 999
310 992
311 999
313 1
314 999
317 951
318 999
335 990
336 993
339 0
340 999
342 999
343 902
356 147
357 999
363 0
364 13
367 937
368 999
373 999
374 938
384 999
385 999
393 939
394 999
395 905
396 999
400 999
401 999
412 2
413 999
415 999
416 999
422 0
423 356
437 0
438 136
440 2
441 999
45 999
453 999
454 999
46 102
463 999
464 999
466 15
467 999
477 999
478 998
482 0
483 10
484 7
485 999
490 901
491 999
505 1
506 999
518 883
519 15
536 0
537 999
539 167
540 999
545 3
546 999
548 993
549 997
565 1
566 999
569 999
570 11
574 1
575 999
580 125
581 999
587 0
588 989
593 879
594 921
605 503
606 999
629 1
630 999
638 0
639 999
67 0
68 991
76 999
77 999
80 881
81 999
82 25
83 999
85 999
86 999
88 182
89 999
101 2
102 985
108 895
109 985
11 0
114 985
115 985
118 762
119 985
12 993
129 985
13 2
130 922
14 993
144 985
145 985
157 0
158 984
159 2
160 984
164 984
165 984
18 525
19 992
190 951
191 3
193 977
194 982
200 0
201 982
203 8
204 982
208 982
209 982
231 160
232 981
241 166
242 981
244 35
245 981
288 1
289 979
296 29
297 979
306 977
307 936
314 911
315 0
319 977
32 852
320 977
327 977
328 977
33 990
330 977
331 964
335 1
336 977
344 976
345 805
347 974
348 976
361 926
362 976
369 142
370 976
376 529
377 976
385 0
386 976
391 877
392 976
394 39
395 976
396 976
397 976
406 125
407 975
408 154
409 975
412 975
413 862
414 877
415 975
42 276
425 0
426 974
43 989
436 103
437 974
439 13
440 974
446 0
447 0
455 5
456 971
459 917
460 158
477 5
478 970
48 0
484 962
485 969
486 969
487 969
49 988
500 969
501 969
503 949
504 1
51 986
511 969
512 122
52 987
53 9
532 32
533 966
538 891
539 966
54 987
544 23
545 966
547 964
548 966
574 3
575 965
579 0
580 965
583 965
584 857
585 964
586 965
6 1
603 4
604 965
607 965
608 848
613 0
614 964
618 964
619 951
620 11
621 964
623 0
624 964
625 0
626 964
632 964
633 964
634 964
635 964
637 964
638 964
640 0
641 963
7 993
70 0
71 976
73 2
74 987
81 857
82 25
98 0
99 985
101 502
102 993
107 999
108 15
109 925
11 641
110 999
112 1
113 999
118 0
119 13
12 13
124 0
125 999
128 55
129 999
13 102
14 999
140 873
141 999
147 27
148 999
15 999
16 999
160 999
161 999
162 12
163 999
165 999
166 865
172 193
173 999
175 999
176 149
182 0
183 0
198 999
199 999
211 998
212 989
214 1
215 999
237 183
238 999
240 994
241 999
247 3
248 999
264 992
265 999
268 963
269 999
276 924
277 999
279 900
280 999
293 978
294 999
295 912
296 999
298 0
299 999
310 992
311 999
313 1
314 999
317 951
318 999
335 990
336 993
339 0
340 999
342 999
343 902
356 147
357 999
363 0
364 13
367 937
368 999
373 999
374 938
384 999
385 999
393 939
394 999
395 905
396 999
400 999
401 999
412 2
413 999
415 999
416 999
422 0
423 356
437 0
438 136
440 2
441 999
45 999
453 999
454 999
46 102
463 999
464 999
466 15
467 999
477 999
478 998
482 0
483 10
484 7
485 999
490 901
491 999
505 1
506 999
518 883
519 15
536 0
537 999
539 167
540 999
545 3
546 999
548 993
549 997
565 1
566 999
569 999
570 11
574 1
575 999
580 125
581 999
587 0
588 989
593 879
594 921
605 503
606 999
629 1
630 999
638 0
639 999
67 0
68 991
76 999
77 999
80 881
81 999
82 25
83 999
85 999
86 999
88 182
89 999
10 988
108 992
109 972
11 999
126 218
127 999
128 0
129 997
134 443
135 999
139 992
140 999
157 16
158 999
18 0
186 0
187 999
19 992
207 0
208 999
214 1
215 999
216 0
217 999
219 999
220 19
235 998
236 999
247 0
248 0
279 922
280 999
282 219
283 992
326 2
327 999
351 0
352 953
409 0
410 998
421 999
422 999
423 860
424 999
435 0
436 0
444 0
445 998
453 0
454 999
479 0
480 999
485 0
486 999
493 19
494 999
503 0
504 993
506 999
507 998
527 999
528 1
530 5
531 999
535 952
536 999
546 148
547 999
548 936
549 999
638 0
639 10
640 0
641 999
661 953
662 202
663 148
664 999
665 999
666 999
673 673
674 953
695 135
696 999
7 999
713 999
714 996
79 0
8 985
80 999
81 19
82 999
100 138
101 499
103 499
104 499
108 499
109 499
11 0
117 0
118 499
12 499
122 499
123 499
124 499
125 499
130 223
131 499
133 28
134 499
139 496
140 499
141 64
142 499
15 499
150 499
151 499
153 499
154 499
155 499
156 499
159 499
16 499
160 499
161 89
162 499
165 499
166 499
169 69
17 45
170 499
174 499
175 499
178 34
179 499
18 499
183 499
184 499
187 499
188 499
189 49
190 499
191 491
192 499
193 499
194 499
196 88
197 499
198 448
199 499
200 499
201 499
202 491
203 499
206 499
207 499
209 106
21 499
210 499
212 499
213 499
215 499
216 91
219 499
22 499
220 499
221 469
222 499
225 499
226 499
227 499
228 499
229 495
230 499
231 499
232 499
236 499
237 499
238 496
239 499
244 499
245 499
247 499
248 499
249 34
250 499
253 499
254 499
255 4
256 499
259 499
260 499
263 499
264 499
273 499
274 499
276 499
277 499
281 499
282 499
283 499
284 499
287 499
288 499
29 498
291 499
292 499
293 499
294 499
295 499
296 499
297 499
298 499
299 499
30 89
300 499
304 217
305 499
306 499
307 499
308 499
309 499
31 499
310 182
311 499
314 499
315 499
318 0
319 499
32 499
320 499
321 499
323 15
324 499
325 8
326 499
327 499
328 499
33 498
334 499
335 499
336 495
337 499
338 182
339 499
34 499
340 499
341 499
342 499
343 499
345 498
346 499
349 499
350 499
351 58
352 499
353 499
354 499
356 499
357 499
36 499
360 499
361 499
362 70
363 499
364 210
365 499
366 95
367 499
368 6
369 499
37 499
373 243
374 499
378 499
379 499
386 311
387 499
389 499
390 499
395 499
396 499
399 77
4 209
40 199
400 499
404 499
405 499
407 487
408 499
41 499
416 499
417 499
418 499
419 499
42 1
420 499
421 499
423 15
424 499
426 499
427 18
428 34
429 499
43 499
430 157
431 499
436 55
437 499
44 70
441 499
442 499
444 499
445 499
446 499
447 499
449 499
45 499
450 499
452 453
453 499
454 499
455 499
457 499
458 499
460 499
461 499
462 66
463 499
465 499
466 499
467 499
468 499
469 499
470 499
474 499
475 499
477 499
478 499
483 471
484 499
485 499
486 499
487 485
488 499
489 32
490 499
491 497
492 499
493 499
494 499
495 467
496 499
497 17
498 499
5 499
500 455
501 499
502 499
503 499
504 178
505 499
506 499
507 499
51 499
510 499
511 499
514 210
515 499
516 499
517 499
52 499
522 499
523 499
524 499
525 499
528 495
529 499
530 499
531 499
535 116
536 499
539 5
540 499
541 499
542 499
544 499
545 499
547 83
548 499
550 499
551 499
553 88
554 499
556 494
557 66
56 442
57 499
58 499
59 499
6 448
60 473
61 499
65 86
66 499
68 43
69 499
7 499
70 499
71 499
73 499
74 499
77 42
78 499
82 0
83 499
86 499
87 7
91 499
92 499
94 0
95 198
98 499
99 499
1 277
10 165
100 9999
101 9973
102 9999
103 9969
104 9999
105 42
106 9999
109 9999
11 9999
110 9999
112 9955
113 9999
114 91
115 9999
116 57
117 9999
118 9999
119 9999
12 9999
120 9999
121 9999
122 9557
123 9999
124 9999
125 9999
126 0
127 9993
128 17
129 9999
13 9999
130 3
131 9999
132 9999
133 9999
135 9999
136 9999
137 54
138 9999
139 9999
140 9999
141 6107
142 9999
145 9903
146 9983
147 1377
148 9999
149 31
150 9999
151 7423
152 9999
154 8474
155 9999
157 9999
158 9999
16 8538
160 9999
161 9953
162 6240
163 9999
164 9999
165 9999
166 9999
167 9999
168 1443
169 9999
17 9999
170 9726
171 9999
174 852
175 9999
178 9999
179 9999
18 6428
180 9982
181 9999
182 9999
183 9999
184 9999
185 9999
187 9143
188 9999
19 9999
192 14
193 9999
195 1
196 9999
197 9999
198 9999
199 1042
2 9999
20 3
200 9999
201 9992
202 9999
203 9990
204 9999
205 1038
206 9999
207 9999
208 9999
21 9999
210 9129
211 9999
214 9999
215 9999
216 9717
217 9999
218 9999
219 9999
220 9999
221 9999
224 9990
225 9999
226 9999
227 9999
230 9999
231 9999
232 9999
233 9999
235 2929
236 9999
238 9999
239 9551
244 1129
245 9999
246 9997
247 9999
249 8062
25 8888
250 9999
255 9999
256 0
257 967
258 9999
26 9999
260 9999
261 9999
266 6632
267 9999
268 9999
269 9999
27 9992
270 9999
271 9999
272 9999
273 9999
276 9999
277 9999
279 9999
28 9999
280 9999
281 9999
282 9999
283 6051
284 9999
285 9999
286 9999
288 12
289 9992
290 9999
291 9999
294 895
295 9999
296 9999
297 9999
298 9999
299 9999
30 9679
301 9999
302 9999
309 9999
31 9999
310 9999
311 9
312 9999
313 9999
314 9999
315 9954
316 9999
317 0
318 9999
319 9999
32 1377
320 9999
322 8420
323 9999
324 6803
325 9999
328 9999
329 9999
33 9999
330 786
331 9999
333 9757
334 9999
336 12
337 9999
338 9999
339 9999
340 9967
341 9999
342 9999
343 9999
344 9795
345 9999
35 31
353 9169
354 9999
355 9999
356 9999
357 838
358 9999
359 9999
36 9999
360 9999
361 9999
362 9999
363 9529
364 9999
365 187
366 9999
367 9999
368 9999
369 9046
37 700
370 9999
371 9999
372 9999
377 5007
378 9999
379 4642
38 9999
380 9999
381 9999
382 9999
383 253
384 9999
386 9999
387 9999
389 9999
39 9999
390 9999
392 6635
393 9999
394 29
395 9996
396 5032
397 9999
398 8802
399 9999
40 9999
400 9913
401 9999
402 9925
403 9999
409 9921
41 858
410 9999
411 8096
412 9999
414 710
415 9999
416 9999
417 9999
419 9892
42 9999
420 9999
421 9981
422 9999
423 9999
424 9999
426 8
427 9994
428 9788
429 9999
430 9993
431 9999
432 9986
433 9999
434 2213
435 9999
436 9999
437 9999
440 46
441 9999
442 9999
443 9999
444 9982
445 9999
446 9999
447 9999
448 9999
449 9999
450 6255
451 9999
455 166
456 9999
459 109
460 9999
462 9999
463 9999
468 5
469 9999
470 9999
471 9999
475 13
476 9999
477 9999
478 9999
479 9
48 9999
480 9995
481 778
482 9999
484 9517
485 9999
487 9971
488 9999
489 161
49 9999
490 9999
493 9986
494 9999
495 6791
496 9999
497 9999
498 9999
50 6309
500 9998
501 9999
503 9998
504 9999
505 51
506 9999
51 9999
52 9999
53 9999
56 3574
57 9999
59 9999
6 65
60 9999
62 3
63 9999
64 9946
65 9999
68 37
69 9999
7 9999
70 9999
71 9999
72 159
73 9999
76 15
77 9999
78 9999
79 9999
82 9999
83 9999
85 151
86 9999
89 9999
90 9999
95 9999
96 9986
97 9994
98 9999
99 9910
1 277
10 165
100 9999
101 9973
102 9999
103 9969
104 9999
105 42
106 9999
109 9999
11 9999
110 9999
112 9955
113 9999
114 91
115 9999
116 57
117 9999
118 9999
119 9999
12 9999
120 9999
121 9999
122 9557
123 9999
124 9999
125 9999
126 0
127 9993
128 17
129 9999
13 9999
130 3
131 9999
132 9999
133 9999
135 9999
136 9999
137 54
138 9999
139 9999
140 9999
141 6107
142 9999
145 9903
146 9983
147 1377
148 9999
149 31
150 9999
151 7423
152 9999
154 8474
155 9999
157 9999
158 9999
16 8538
160 9999
161 9953
162 6240
163 9999
164 9999
165 9999
166 9999
167 9999
168 1443
169 9999
17 9999
170 9726
171 9999
174 852
175 9999
178 9999
179 9999
18 6428
180 9982
181 9999
182 9999
183 9999
184 9999
185 9999
187 9143
188 9999
19 9999
192 14
193 9999
195 1
196 9999
197 9999
198 9999
199 1042
2 9999
20 3
200 9999
201 9992
202 9999
203 9990
204 9999
205 1038
206 9999
207 9999
208 9999
21 9999
210 9129
211 9999
214 9999
215 9999
216 9717
217 9999
218 9999
219 9999
220 9999
221 9999
224 9990
225 9999
226 9999
227 9999
230 9999
231 9999
232 9999
233 9999
235 2929
236 9999
238 9999
239 9551
244 1129
245 9999
246 9997
247 9999
249 8062
25 8888
250 9999
255 9999
256 0
257 967
258 9999
26 9999
260 9999
261 9999
266 6632
267 9999
268 9999
269 9999
27 9992
270 9999
271 9999
272 9999
273 9999
276 9999
277 9999
279 9999
28 9999
280 9999
281 9999
282 9999
283 6051
284 9999
285 9999
286 9999
288 12
289 9992
290 9999
291 9999
294 895
295 9999
296 9999
297 9999
298 9999
299 9999
30 9679
301 9999
302 9999
309 9999
31 9999
310 9999
311 9
312 9999
313 9999
314 9999
315 9954
316 9999
317 0
318 9999
319 9999
32 1377
320 9999
322 8420
323 9999
324 6803
325 9999
328 9999
329 9999
33 9999
330 786
331 9999
333 9757
334 9999
336 12
337 9999
338 9999
339 9999
340 9967
341 9999
342 9999
343 9999
344 9795
345 9999
35 31
353 9169
354 9999
355 9999
356 9999
357 838
358 9999
359 9999
36 9999
360 9999
361 9999
362 9999
363 9529
364 9999
365 187
366 9999
367 9999
368 9999
369 9046
37 700
370 9999
371 9999
372 9999
377 5007
378 9999
379 4642
38 9999
380 9999
381 9999
382 9999
383 253
384 9999
386 9999
387 9999
389 9999
39 9999
390 9999
392 6635
393 9999
394 29
395 9996
396 5032
397 9999
398 8802
399 9999
40 9999
400 9913
401 9999
402 9925
403 9999
409 9921
41 858
410 9999
411 8096
412 9999
414 710
415 9999
416 9999
417 9999
419 9892
42 9999
420 9999
421 9981
422 9999
423 9999
424 9999
426 8
427 9994
428 9788
429 9999
430 9993
431 9999
432 9986
433 9999
434 2213
435 9999
436 9999
437 9999
440 46
441 9999
442 9999
443 9999
444 9982
445 9999
446 9999
447 9999
448 9999
449 9999
450 6255
451 9999
455 166
456 9999
459 109
460 9999
462 9999
463 9999
468 5
469 9999
470 9999
471 9999
475 13
476 9999
477 9999
478 9999
479 9
48 9999
480 9995
481 778
482 9999
484 9517
485 9999
487 9971
488 9999
489 161
49 9999
490 9999
493 9986
494 9999
495 6791
496 9999
497 9999
498 9999
50 6309
500 9998
501 9999
503 9998
504 9999
505 51
506 9999
51 9999
52 9999
53 9999
56 3574
57 9999
59 9999
6 65
60 9999
62 3
63 9999
64 9946
65 9999
68 37
69 9999
7 9999
70 9999
71 9999
72 159
73 9999
76 15
77 9999
78 9999
79 9999
82 9999
83 9999
85 151
86 9999
89 9999
90 9999
95 9999
96 9986
97 9994
98 9999
99 9910
10 3
11 489
12 0
13 430
151 23
152 499
17 441
18 481
200 480
201 499
23 0
24 18
252 12
253 479
257 479
258 493
27 39
28 499
294 0
295 438
31 0
32 10
369 0
370 499
404 309
405 427
420 0
421 499
43 66
435 47
436 499
437 42
438 499
44 499
483 0
484 38
531 143
532 23
555 12
556 499
560 143
561 499
593 0
