128 59
129 9999
137 0
138 9999
146 92
147 9999
158 0
159 9999
165 0
166 843
170 1172
171 9999
203 0
204 9681
218 0
219 9972
222 0
223 56
240 0
241 9999
253 969
254 9999
294 3
295 9999
306 0
307 9999
331 9974
332 9999
341 110
342 9999
359 9995
360 9999
387 0
388 9999
44 9999
45 7
458 9999
459 9996
46 0
47 9967
519 0
520 84
642 1112
643 9999
644 4
645 9999
93 7
94 9999
128 59
129 9999
137 0
138 9999
146 92
147 9999
158 0
159 9999
165 0
166 843
170 1172
171 9999
203 0
204 9681
218 0
219 9972
222 0
223 56
240 0
241 9999
253 969
254 9999
294 3
295 9999
306 0
307 9999
331 9974
332 9999
341 110
342 9999
359 9995
360 9999
387 0
388 9999
44 9999
45 7
458 9999
459 9996
46 0
47 9967
519 0
520 84
642 1112
643 9999
644 4
645 9999
93 7
94 9999
0 0
1 0
10 0
100 0
101 0
102 0
103 0
104 0
105 0
106 0
107 0
108 0
109 0
11 0
110 0
111 0
112 0
113 0
114 0
115 0
116 0
117 0
118 0
119 0
12 0
120 0
121 0
122 0
123 0
124 0
125 0
126 0
127 0
128 0
129 0
13 0
130 0
131 0
132 0
133 0
134 0
135 0
136 0
137 0
138 0
139 0
14 0
140 0
141 0
142 0
143 0
144 0
145 0
146 0
147 0
148 0
149 0
15 0
150 0
151 0
152 0
153 0
154 0
155 0
156 0
157 0
158 0
159 0
16 0
160 0
161 0
162 0
163 0
164 0
165 0
166 0
167 0
168 0
169 0
17 0
170 0
171 0
172 0
173 0
174 0
175 0
176 0
177 0
178 0
179 0
18 0
180 0
181 0
182 0
183 0
184 0
185 0
186 0
187 0
188 0
189 0
19 0
190 0
191 0
192 0
193 0
194 0
195 0
196 0
197 0
198 0
199 0
2 0
20 0
200 0
201 0
202 0
203 0
204 0
205 0
206 0
207 0
208 0
209 0
21 0
210 0
211 0
212 0
213 0
214 0
215 0
216 0
217 0
218 0
219 0
22 0
220 0
221 0
222 0
223 0
224 0
225 0
226 0
227 0
228 0
229 0
23 0
230 0
231 0
232 0
233 0
234 0
235 0
236 0
237 0
238 0
239 0
24 0
240 0
241 0
242 0
243 0
244 0
245 0
246 0
247 0
248 0
249 0
25 0
250 0
251 0
252 0
253 0
254 0
255 0
256 0
257 0
258 0
259 0
26 0
260 0
261 0
262 0
263 0
264 0
265 0
266 0
267 0
268 0
269 0
27 0
270 0
271 0
272 0
273 0
274 0
275 0
276 0
277 0
278 0
279 0
28 0
280 0
281 0
282 0
283 0
284 0
285 0
286 0
287 0
288 0
289 0
29 0
290 0
291 0
292 0
293 0
294 0
295 0
296 0
297 0
298 0
299 0
3 0
30 0
300 0
301 0
302 0
303 0
304 0
305 0
306 0
307 0
308 0
309 0
31 0
310 0
311 0
312 0
313 0
314 0
315 0
316 0
317 0
318 0
319 0
32 0
320 0
321 0
322 0
323 0
324 0
325 0
326 0
327 0
328 0
329 0
33 0
330 0
331 0
332 0
333 0
334 0
335 0
336 0
337 0
338 0
339 0
34 0
340 0
341 0
342 0
343 0
344 0
345 0
346 0
347 0
348 0
349 0
35 0
350 0
351 0
352 0
353 0
36 0
37 0
38 0
39 0
4 0
40 0
41 0
42 0
43 0
44 0
45 0
46 0
47 0
48 0
49 0
5 0
50 0
51 0
52 0
53 0
54 0
55 0
56 0
57 0
58 0
59 0
6 0
60 0
61 0
62 0
63 0
64 0
65 0
66 0
67 0
68 0
69 0
7 0
70 0
71 0
72 0
73 0
74 0
75 0
76 0
77 0
78 0
79 0
8 0
80 0
81 0
82 0
83 0
84 0
85 0
86 0
87 0
88 0
89 0
9 0
90 0
91 0
92 0
93 0
94 0
95 0
96 0
97 0
98 0
99 0
0 0
1 0
10 0
100 0
101 0
102 0
103 0
104 0
105 0
106 0
107 0
108 0
109 0
11 0
110 0
111 0
112 0
113 0
114 0
115 0
116 0
117 0
118 0
119 0
12 0
120 0
121 0
122 0
123 0
124 0
125 0
126 0
127 0
128 0
129 0
13 0
130 0
131 0
132 0
133 0
134 0
135 0
136 0
137 0
138 0
139 0
14 0
140 0
141 0
142 0
143 0
144 0
145 0
146 0
147 0
148 0
149 0
15 0
150 0
151 0
152 0
153 0
154 0
155 0
156 0
157 0
158 0
159 0
16 0
160 0
161 0
162 0
163 0
164 0
165 0
166 0
167 0
168 0
169 0
17 0
170 0
171 0
172 0
173 0
174 0
175 0
176 0
177 0
178 0
179 0
18 0
180 0
181 0
182 0
183 0
184 0
185 0
186 0
187 0
188 0
189 0
19 0
190 0
191 0
192 0
193 0
194 0
195 0
196 0
197 0
198 0
199 0
2 0
20 0
200 0
201 0
202 0
203 0
204 0
205 0
206 0
207 0
208 0
209 0
21 0
210 0
211 0
212 0
213 0
214 0
215 0
216 0
217 0
218 0
219 0
22 0
220 0
221 0
222 0
223 0
224 0
225 0
226 0
227 0
228 0
229 0
23 0
230 0
231 0
232 0
233 0
234 0
235 0
236 0
237 0
238 0
239 0
24 0
240 0
241 0
242 0
243 0
244 0
245 0
246 0
247 0
248 0
249 0
25 0
250 0
251 0
252 0
253 0
254 0
255 0
256 0
257 0
258 0
259 0
26 0
260 0
261 0
262 0
263 0
264 0
265 0
266 0
267 0
268 0
269 0
27 0
270 0
271 0
272 0
273 0
274 0
275 0
276 0
277 0
278 0
279 0
28 0
280 0
281 0
282 0
283 0
284 0
285 0
286 0
287 0
288 0
289 0
29 0
290 0
291 0
292 0
293 0
294 0
295 0
296 0
297 0
298 0
299 0
3 0
30 0
300 0
301 0
302 0
303 0
304 0
305 0
306 0
307 0
308 0
309 0
31 0
310 0
311 0
312 0
313 0
314 0
315 0
316 0
317 0
318 0
319 0
32 0
320 0
321 0
322 0
323 0
324 0
325 0
326 0
327 0
328 0
329 0
33 0
330 0
331 0
332 0
333 0
334 0
335 0
336 0
337 0
338 0
339 0
34 0
340 0
341 0
342 0
343 0
344 0
345 0
346 0
347 0
348 0
349 0
35 0
350 0
351 0
352 0
353 0
36 0
37 0
38 0
39 0
4 0
40 0
41 0
42 0
43 0
44 0
45 0
46 0
47 0
48 0
49 0
5 0
50 0
51 0
52 0
53 0
54 0
55 0
56 0
57 0
58 0
59 0
6 0
60 0
61 0
62 0
63 0
64 0
65 0
66 0
67 0
68 0
69 0
7 0
70 0
71 0
72 0
73 0
74 0
75 0
76 0
77 0
78 0
79 0
8 0
80 0
81 0
82 0
83 0
84 0
85 0
86 0
87 0
88 0
89 0
9 0
90 0
91 0
92 0
93 0
94 0
95 0
96 0
97 0
98 0
99 0
0 0
1 0
10 0
100 0
101 0
102 0
103 0
104 0
105 0
106 0
107 0
108 0
109 0
11 0
110 0
111 0
112 0
113 0
114 0
115 0
116 0
117 0
118 0
119 0
12 0
120 0
121 0
122 0
123 0
124 0
125 0
126 0
127 0
128 0
129 0
13 0
130 0
131 0
132 0
133 0
134 0
135 0
136 0
137 0
138 0
139 0
14 0
140 0
141 0
142 0
143 0
144 0
145 0
146 0
147 0
148 0
149 0
15 0
150 0
151 0
152 0
153 0
154 0
155 0
156 0
157 0
158 0
159 0
16 0
160 0
161 0
162 0
163 0
164 0
165 0
166 0
167 0
168 0
169 0
17 0
170 0
171 0
172 0
173 0
174 0
175 0
176 0
177 0
178 0
179 0
18 0
180 0
181 0
182 0
183 0
184 0
185 0
186 0
187 0
188 0
189 0
19 0
190 0
191 0
192 0
193 0
194 0
195 0
196 0
197 0
198 0
199 0
2 0
20 0
200 0
201 0
202 0
203 0
204 0
205 0
206 0
207 0
208 0
209 0
21 0
210 0
211 0
212 0
213 0
214 0
215 0
216 0
217 0
218 0
219 0
22 0
220 0
221 0
222 0
223 0
224 0
225 0
226 0
227 0
228 0
229 0
23 0
230 0
231 0
232 0
233 0
234 0
235 0
236 0
237 0
238 0
239 0
24 0
240 0
241 0
242 0
243 0
244 0
245 0
246 0
247 0
248 0
249 0
25 0
250 0
251 0
252 0
253 0
254 0
255 0
256 0
257 0
258 0
259 0
26 0
260 0
261 0
262 0
263 0
264 0
265 0
266 0
267 0
268 0
269 0
27 0
270 0
271 0
272 0
273 0
274 0
275 0
276 0
277 0
278 0
279 0
28 0
280 0
281 0
282 0
283 0
284 0
285 0
286 0
287 0
288 0
289 0
29 0
290 0
291 0
292 0
293 0
294 0
295 0
296 0
297 0
298 0
299 0
3 0
30 0
300 0
301 0
302 0
303 0
304 0
305 0
306 0
307 0
308 0
309 0
31 0
310 0
311 0
312 0
313 0
314 0
315 0
316 0
317 0
318 0
319 0
32 0
320 0
321 0
322 0
323 0
324 0
325 0
326 0
327 0
328 0
329 0
33 0
330 0
331 0
332 0
333 0
334 0
335 0
336 0
337 0
338 0
339 0
34 0
340 0
341 0
342 0
343 0
344 0
345 0
346 0
347 0
348 0
349 0
35 0
350 0
351 0
352 0
353 0
36 0
37 0
38 0
39 0
4 0
40 0
41 0
42 0
43 0
44 0
45 0
46 0
47 0
48 0
49 0
5 0
50 0
51 0
52 0
53 0
54 0
55 0
56 0
57 0
58 0
59 0
6 0
60 0
61 0
62 0
63 0
64 0
65 0
66 0
67 0
68 0
69 0
7 0
70 0
71 0
72 0
73 0
74 0
75 0
76 0
77 0
78 0
79 0
8 0
80 0
81 0
82 0
83 0
84 0
85 0
86 0
87 0
88 0
89 0
9 0
90 0
91 0
92 0
93 0
94 0
95 0
96 0
97 0
98 0
99 0
0 0
1 0
10 0
100 0
101 0
102 0
103 0
104 0
105 0
106 0
107 0
108 0
109 0
11 0
110 0
111 0
112 0
113 0
114 0
115 0
116 0
117 0
118 0
119 0
12 0
120 0
121 0
122 0
123 0
124 0
125 0
126 0
127 0
128 0
129 0
13 0
130 0
131 0
132 0
133 0
134 0
135 0
136 0
137 0
138 0
139 0
14 0
140 0
141 0
142 0
143 0
144 0
145 0
146 0
147 0
148 0
149 0
15 0
150 0
151 0
152 0
153 0
154 0
155 0
156 0
157 0
158 0
159 0
16 0
160 0
161 0
162 0
163 0
164 0
165 0
166 0
167 0
168 0
169 0
17 0
170 0
171 0
172 0
173 0
174 0
175 0
176 0
177 0
178 0
179 0
18 0
180 0
181 0
182 0
183 0
184 0
185 0
186 0
187 0
188 0
189 0
19 0
190 0
191 0
192 0
193 0
194 0
195 0
196 0
197 0
198 0
199 0
2 0
20 0
200 0
201 0
202 0
203 0
204 0
205 0
206 0
207 0
208 0
209 0
21 0
210 0
211 0
212 0
213 0
214 0
215 0
216 0
217 0
218 0
219 0
22 0
220 0
221 0
222 0
223 0
224 0
225 0
226 0
227 0
228 0
229 0
23 0
230 0
231 0
232 0
233 0
234 0
235 0
236 0
237 0
238 0
239 0
24 0
240 0
241 0
242 0
243 0
244 0
245 0
246 0
247 0
248 0
249 0
25 0
250 0
251 0
252 0
253 0
254 0
255 0
256 0
257 0
258 0
259 0
26 0
260 0
261 0
262 0
263 0
264 0
265 0
266 0
267 0
268 0
269 0
27 0
270 0
271 0
272 0
273 0
274 0
275 0
276 0
277 0
278 0
279 0
28 0
280 0
281 0
282 0
283 0
284 0
285 0
286 0
287 0
288 0
289 0
29 0
290 0
291 0
292 0
293 0
294 0
295 0
296 0
297 0
298 0
299 0
3 0
30 0
300 0
301 0
302 0
303 0
304 0
305 0
306 0
307 0
308 0
309 0
31 0
310 0
311 0
312 0
313 0
314 0
315 0
316 0
317 0
318 0
319 0
32 0
320 0
321 0
322 0
323 0
324 0
325 0
326 0
327 0
328 0
329 0
33 0
330 0
331 0
332 0
333 0
334 0
335 0
336 0
337 0
338 0
339 0
34 0
340 0
341 0
342 0
343 0
344 0
345 0
346 0
347 0
348 0
349 0
35 0
350 0
351 0
352 0
353 0
354 0
355 0
356 0
357 0
358 0
359 0
36 0
360 0
361 0
362 0
363 0
364 0
365 0
366 0
367 0
368 0
369 0
37 0
370 0
371 0
38 0
39 0
4 0
40 0
41 0
42 0
43 0
44 0
45 0
46 0
47 0
48 0
49 0
5 0
50 0
51 0
52 0
53 0
54 0
55 0
56 0
57 0
58 0
59 0
6 0
60 0
61 0
62 0
63 0
64 0
65 0
66 0
67 0
68 0
69 0
7 0
70 0
71 0
72 0
73 0
74 0
75 0
76 0
77 0
78 0
79 0
8 0
80 0
81 0
82 0
83 0
84 0
85 0
86 0
87 0
88 0
89 0
9 0
90 0
91 0
92 0
93 0
94 0
95 0
96 0
97 0
98 0
99 0
0 0
1 0
10 0
100 0
101 0
102 0
103 0
104 0
105 0
106 0
107 0
108 0
109 0
11 0
110 0
111 0
112 0
113 0
114 0
115 0
116 0
117 0
118 0
119 0
12 0
120 0
121 0
122 0
123 0
124 0
125 0
126 0
127 0
128 0
129 0
13 0
130 0
131 0
132 0
133 0
134 0
135 0
136 0
137 0
138 0
139 0
14 0
140 0
141 0
142 0
143 0
144 0
145 0
146 0
147 0
148 0
149 0
15 0
150 0
151 0
152 0
153 0
154 0
155 0
156 0
157 0
158 0
159 0
16 0
160 0
161 0
162 0
163 0
164 0
165 0
166 0
167 0
168 0
169 0
17 0
170 0
171 0
172 0
173 0
174 0
175 0
176 0
177 0
178 0
179 0
18 0
180 0
181 0
182 0
183 0
184 0
185 0
186 0
187 0
188 0
189 0
19 0
190 0
191 0
192 0
193 0
194 0
195 0
196 0
197 0
198 0
199 0
2 0
20 0
200 0
201 0
202 0
203 0
204 0
205 0
206 0
207 0
208 0
209 0
21 0
210 0
211 0
212 0
213 0
214 0
215 0
216 0
217 0
218 0
219 0
22 0
220 0
221 0
222 0
223 0
224 0
225 0
226 0
227 0
228 0
229 0
23 0
230 0
231 0
232 0
233 0
234 0
235 0
236 0
237 0
238 0
239 0
24 0
240 0
241 0
242 0
243 0
244 0
245 0
246 0
247 0
248 0
249 0
25 0
250 0
251 0
252 0
253 0
254 0
255 0
256 0
257 0
258 0
259 0
26 0
260 0
261 0
262 0
263 0
264 0
265 0
266 0
267 0
268 0
269 0
27 0
270 0
271 0
272 0
273 0
274 0
275 0
276 0
277 0
278 0
279 0
28 0
280 0
281 0
282 0
283 0
284 0
285 0
286 0
287 0
288 0
289 0
29 0
290 0
291 0
292 0
293 0
294 0
295 0
296 0
297 0
298 0
299 0
3 0
30 0
300 0
301 0
302 0
303 0
304 0
305 0
306 0
307 0
308 0
309 0
31 0
310 0
311 0
312 0
313 0
314 0
315 0
316 0
317 0
318 0
319 0
32 0
320 0
321 0
322 0
323 0
324 0
325 0
326 0
327 0
328 0
329 0
33 0
330 0
331 0
332 0
333 0
334 0
335 0
336 0
337 0
338 0
339 0
34 0
340 0
341 0
342 0
343 0
344 0
345 0
346 0
347 0
348 0
349 0
35 0
350 0
351 0
36 0
37 0
38 0
39 0
4 0
40 0
41 0
42 0
43 0
44 0
45 0
46 0
47 0
48 0
49 0
5 0
50 0
51 0
52 0
53 0
54 0
55 0
56 0
57 0
58 0
59 0
6 0
60 0
61 0
62 0
63 0
64 0
65 0
66 0
67 0
68 0
69 0
7 0
70 0
71 0
72 0
73 0
74 0
75 0
76 0
77 0
78 0
79 0
8 0
80 0
81 0
82 0
83 0
84 0
85 0
86 0
87 0
88 0
89 0
9 0
90 0
91 0
92 0
93 0
94 0
95 0
96 0
97 0
98 0
99 0
111 0
112 0
140 0
141 0
149 0
150 0
16 0
17 0
170 0
171 0
172 0
173 0
223 0
224 0
248 0
249 0
297 0
298 0
3 0
312 0
313 0
318 0
319 0
32 0
33 0
335 0
336 0
352 0
353 0
363 0
364 0
367 0
368 0
4 0
449 0
450 0
457 0
458 0
490 0
491 0
535 0
536 0
548 0
549 0
565 0
566 0
590 0
591 0
6 0
602 0
603 0
620 0
621 0
638 0
639 0
646 0
647 0
660 0
661 0
668 0
669 0
676 0
677 0
685 0
686 0
7 0
92 0
93 0
111 0
112 120
140 1
141 472
149 0
150 154
16 487
17 487
170 24
171 468
172 80
173 468
223 0
224 13
248 3
249 459
297 0
298 142
3 0
312 451
313 455
318 0
319 182
32 0
33 484
335 25
336 449
352 0
353 12
363 443
364 447
367 6
368 447
4 493
449 440
450 99
457 414
458 29
490 31
491 439
535 369
536 362
548 437
549 84
565 437
566 93
590 437
591 437
6 39
602 19
603 435
620 0
621 67
638 3
639 436
646 9
647 436
660 2
661 436
668 85
669 42
676 0
677 2
685 318
686 409
7 490
92 475
93 207
106 1
107 999
125 55
126 999
157 27
158 999
161 999
162 865
168 193
169 999
173 0
174 999
231 183
232 999
234 994
235 999
241 3
242 999
259 16
260 999
264 457
265 999
271 924
272 999
274 894
275 999
289 978
290 999
293 0
294 999
308 1
309 999
312 951
313 999
362 937
363 999
368 17
369 999
390 854
391 999
408 2
409 999
411 0
412 999
457 1
458 999
475 0
476 999
481 901
482 999
496 1
497 999
510 991
511 999
530 0
531 999
533 167
534 999
539 0
540 999
558 1
559 999
567 1
568 999
573 125
574 999
582 0
583 19
587 22
588 999
597 503
598 999
67 0
68 991
83 0
84 999
106 1
107 999
125 55
126 999
157 27
158 999
161 999
162 865
168 193
169 999
173 0
174 999
231 183
232 999
234 994
235 999
241 3
242 999
259 16
260 999
264 457
265 999
271 924
272 999
274 894
275 999
289 978
290 999
293 0
294 999
308 1
309 999
312 951
313 999
362 937
363 999
368 17
369 999
390 854
391 999
408 2
409 999
411 0
412 999
457 1
458 999
475 0
476 999
481 901
482 999
496 1
497 999
510 991
511 999
530 0
531 999
533 167
534 999
539 0
540 999
558 1
559 999
567 1
568 999
573 125
574 999
582 0
583 19
587 22
588 999
597 503
598 999
67 0
68 991
83 0
84 999
104 812
105 987
106 5
107 986
116 889
117 984
138 2
139 983
14 881
15 995
152 0
153 12
159 0
160 982
171 259
172 981
190 0
191 16
220 21
221 978
225 880
226 978
246 971
247 16
254 0
255 891
256 6
257 977
260 0
261 0
275 174
276 977
291 0
292 977
315 20
316 977
377 0
378 976
391 976
392 976
394 0
395 976
438 0
439 957
451 1
452 973
455 973
456 973
480 0
481 972
484 972
485 972
498 969
499 969
538 938
539 0
567 484
568 969
581 3
582 969
617 4
618 969
619 1
620 969
74 876
75 987
77 987
78 965
85 1
86 987
106 1
107 999
125 55
126 999
157 27
158 999
161 999
162 865
168 193
169 999
173 0
174 999
231 183
232 999
234 994
235 999
241 3
242 999
259 16
260 999
264 457
265 999
271 924
272 999
274 894
275 999
289 978
290 999
293 0
294 999
308 1
309 999
312 951
313 999
362 937
363 999
368 17
369 999
390 854
391 999
408 2
409 999
411 0
412 999
457 1
458 999
475 0
476 999
481 901
482 999
496 1
497 999
510 991
511 999
530 0
531 999
533 167
534 999
539 0
540 999
558 1
559 999
567 1
568 999
573 125
574 999
582 0
583 19
587 22
588 999
597 503
598 999
67 0
68 991
83 0
84 999
10 999
106 992
107 5
134 992
135 999
17 0
18 992
180 0
181 999
201 0
202 999
227 998
228 999
270 922
271 999
317 2
318 999
412 999
413 999
434 0
435 998
469 999
470 16
482 19
483 999
691 999
692 996
9 31
11 499
112 223
113 499
12 7
121 482
122 499
130 499
131 499
134 6
135 499
136 499
137 499
138 30
139 499
142 499
143 499
146 69
147 499
15 499
151 499
152 499
159 499
16 12
160 499
163 499
164 499
168 88
169 499
170 448
171 499
172 499
173 499
174 62
175 499
178 499
179 499
18 499
181 106
182 499
184 499
185 495
19 499
190 499
191 499
196 499
197 64
198 499
199 499
200 154
201 499
204 499
205 499
212 499
213 499
216 499
217 499
221 499
222 499
233 499
234 499
236 499
237 499
244 499
245 499
248 499
249 499
251 499
252 499
253 499
254 499
255 311
256 499
26 498
261 499
262 499
263 499
264 499
268 499
269 499
27 89
272 0
273 476
274 188
275 499
278 8
279 499
28 499
280 499
281 499
287 499
288 499
29 499
290 182
291 499
293 499
294 499
296 498
297 499
30 498
300 0
301 499
303 499
304 499
307 499
308 499
309 70
31 499
310 499
313 6
314 499
322 499
323 499
33 212
330 311
331 499
338 6
339 499
34 499
345 499
346 499
348 487
349 499
357 499
358 499
359 499
360 499
361 88
362 499
363 15
364 499
367 34
368 499
369 157
37 199
370 499
375 55
376 499
38 499
380 499
381 499
383 499
384 499
386 499
387 499
390 499
391 499
393 499
394 499
396 498
397 499
399 499
400 499
401 499
402 499
406 467
407 499
410 0
411 66
414 499
415 499
418 499
419 499
420 497
421 499
422 499
423 499
424 467
425 499
429 499
430 499
436 0
437 303
442 0
443 499
445 499
446 499
447 456
448 499
45 499
450 1
451 499
452 490
453 499
46 179
460 499
461 499
464 83
465 499
467 499
468 4
5 499
50 442
51 499
52 499
53 499
59 43
6 499
60 499
63 199
64 499
66 42
67 499
71 0
72 499
79 499
80 499
86 499
87 499
88 138
89 499
94 499
95 499
96 499
97 499
10 9999
100 9999
101 9999
102 9999
103 25
104 9999
105 9997
106 9999
108 17
109 9999
11 9999
111 9999
112 9999
114 9999
115 9999
116 1360
117 9999
118 8653
119 9999
120 0
121 9986
124 1377
125 9999
126 31
127 9999
128 125
129 9999
133 9999
134 9999
136 9999
137 9953
139 9999
14 8538
140 9999
141 9999
142 9999
143 1443
144 9999
146 241
147 9999
148 852
149 9999
15 9999
152 9999
153 9999
155 9999
156 9999
162 14
163 9999
166 9999
167 9999
168 1042
169 9999
170 9992
171 9999
173 1038
174 9999
175 5317
176 9999
177 9129
178 9999
181 9999
182 9999
183 9717
184 9999
185 9999
186 9999
189 216
190 9999
193 9999
194 9999
196 2929
197 9999
207 8062
208 9999
21 8888
217 0
218 901
22 9999
221 6632
222 9999
223 9999
224 9999
225 9999
226 9999
229 9999
230 9999
232 9999
233 9999
234 9999
235 9999
237 9999
238 9999
240 12
241 9992
242 9999
243 9999
247 9999
248 9999
250 0
251 9999
252 0
253 9999
257 9999
258 9999
26 1377
260 9999
261 9999
262 9790
263 9999
265 9999
266 9999
268 8420
269 9999
27 9999
273 9999
274 9999
279 12
280 9999
281 9999
282 9999
283 9967
284 9999
285 9999
286 9999
287 0
288 9981
29 31
294 9169
295 9999
296 760
297 9999
298 9999
299 9999
30 9999
300 9999
301 9999
302 9999
303 9999
305 9717
306 9999
307 9999
308 9999
31 22
310 812
311 9999
315 9999
316 9999
32 9999
320 9999
321 9999
323 6635
324 9999
328 8802
329 9999
33 858
330 36
331 9999
337 910
338 9999
34 9999
340 710
341 9999
343 9892
344 9999
346 9999
347 9999
349 8
350 9994
353 14
354 9999
356 9999
357 9999
361 9999
362 9999
363 6759
364 9999
366 9999
367 9999
368 246
369 9999
387 13
388 9999
390 3
391 9999
392 9983
393 9999
397 9971
398 9999
40 9999
405 9999
406 9999
41 9999
42 6309
43 9999
46 303
47 9999
49 9999
50 9999
53 9999
54 9999
58 37
59 9999
60 9999
61 9999
62 159
63 9999
67 9999
68 9999
71 9999
72 9999
73 9999
74 9999
77 0
78 9999
79 325
80 9999
88 5300
89 9999
92 5218
93 9999
95 174
96 9999
99 9999
10 9999
100 9999
101 9999
102 9999
103 25
104 9999
105 9997
106 9999
108 17
109 9999
11 9999
111 9999
112 9999
114 9999
115 9999
116 1360
117 9999
118 8653
119 9999
120 0
121 9986
124 1377
125 9999
126 31
127 9999
128 125
129 9999
133 9999
134 9999
136 9999
137 9953
139 9999
14 8538
140 9999
141 9999
142 9999
143 1443
144 9999
146 241
147 9999
148 852
149 9999
15 9999
152 9999
153 9999
155 9999
156 9999
162 14
163 9999
166 9999
167 9999
168 1042
169 9999
170 9992
171 9999
173 1038
174 9999
175 5317
176 9999
177 9129
178 9999
181 9999
182 9999
183 9717
184 9999
185 9999
186 9999
189 216
190 9999
193 9999
194 9999
196 2929
197 9999
207 8062
208 9999
21 8888
217 0
218 901
22 9999
221 6632
222 9999
223 9999
224 9999
225 9999
226 9999
229 9999
230 9999
232 9999
233 9999
234 9999
235 9999
237 9999
238 9999
240 12
241 9992
242 9999
243 9999
247 9999
248 9999
250 0
251 9999
252 0
253 9999
257 9999
258 9999
26 1377
260 9999
261 9999
262 9790
263 9999
265 9999
266 9999
268 8420
269 9999
27 9999
273 9999
274 9999
279 12
280 9999
281 9999
282 9999
283 9967
284 9999
285 9999
286 9999
287 0
288 9981
29 31
294 9169
295 9999
296 760
297 9999
298 9999
299 9999
30 9999
300 9999
301 9999
302 9999
303 9999
305 9717
306 9999
307 9999
308 9999
31 22
310 812
311 9999
315 9999
316 9999
32 9999
320 9999
321 9999
323 6635
324 9999
328 8802
329 9999
33 858
330 36
331 9999
337 910
338 9999
34 9999
340 710
341 9999
343 9892
344 9999
346 9999
347 9999
349 8
350 9994
353 14
354 9999
356 9999
357 9999
361 9999
362 9999
363 6759
364 9999
366 9999
367 9999
368 246
369 9999
387 13
388 9999
390 3
391 9999
392 9983
393 9999
397 9971
398 9999
40 9999
405 9999
406 9999
41 9999
42 6309
43 9999
46 303
47 9999
49 9999
50 9999
53 9999
54 9999
58 37
59 9999
60 9999
61 9999
62 159
63 9999
67 9999
68 9999
71 9999
72 9999
73 9999
74 9999
77 0
78 9999
79 325
80 9999
88 5300
89 9999
92 5218
93 9999
95 174
96 9999
99 9999
10 487
11 0
12 499
18 441
19 481
257 0
258 39
28 39
29 499
32 0
33 10
370 0
371 499
436 1
437 483
438 42
439 499
44 0
45 498
532 143
533 23
560 143
561 499
593 0
594 43
651 0
652 0
679 32
680 499
683 499
684 14
719 129
720 499
725 446
726 396
74 0
747 46
748 499
75 162
776 0
777 43
88 0
89 467
9 0
90 2
91 499
