101 9970
102 9996
103 0
104 9997
108 7
109 9999
136 9996
137 9999
138 0
139 9999
141 9999
142 9996
147 9999
148 9999
156 1180
157 9999
16 6491
168 0
169 9999
17 9996
172 9969
173 9999
175 9999
176 9617
182 1172
183 9999
186 0
187 9999
188 58
189 9999
192 972
193 0
207 607
208 9999
212 0
213 9576
218 9999
219 9979
22 5
23 9999
230 6
231 9999
233 0
234 9972
235 6
236 9999
247 0
248 9435
256 0
257 9999
269 969
270 9999
275 0
276 9999
277 0
278 9974
288 9974
289 9997
294 6
295 9999
296 0
297 9999
314 9995
315 9999
316 9999
317 9999
319 6491
320 31
327 0
328 9999
338 9
339 9999
354 9974
355 9999
358 9999
359 9999
365 0
366 9999
367 110
368 9999
385 9995
386 9999
39 0
390 790
391 9999
392 9997
393 9999
398 0
399 831
40 9995
403 0
404 9999
415 1308
416 9999
419 0
420 9999
429 0
430 9999
44 9999
449 0
45 7
450 9999
46 0
465 9586
466 9999
47 9967
482 0
483 9999
491 9999
492 9996
493 41
494 9999
498 0
499 0
50 0
509 0
51 9999
510 5
533 0
534 9999
537 6588
538 95
540 7200
541 1341
548 972
549 9
55 9997
551 9440
552 9937
56 9999
582 847
583 9999
595 0
596 9999
633 6400
634 9280
645 0
646 9997
654 6
655 9999
665 9966
666 9998
667 8817
668 9999
678 1112
679 9999
680 4
681 9999
686 7
687 9997
688 407
689 9999
703 6414
704 0
705 43
706 9996
76 9674
77 9999
86 7
87 9999
89 9999
90 33
94 5
95 9999
101 9970
102 9996
103 0
104 9997
108 7
109 9999
136 9996
137 9999
138 0
139 9999
141 9999
142 9996
147 9999
148 9999
156 1180
157 9999
16 6491
168 0
169 9999
17 9996
172 9969
173 9999
175 9999
176 9617
182 1172
183 9999
186 0
187 9999
188 58
189 9999
192 972
193 0
207 607
208 9999
212 0
213 9576
218 9999
219 9979
22 5
23 9999
230 6
231 9999
233 0
234 9972
235 6
236 9999
247 0
248 9435
256 0
257 9999
269 969
270 9999
275 0
276 9999
277 0
278 9974
288 9974
289 9997
294 6
295 9999
296 0
297 9999
314 9995
315 9999
316 9999
317 9999
319 6491
320 31
327 0
328 9999
338 9
339 9999
354 9974
355 9999
358 9999
359 9999
365 0
366 9999
367 110
368 9999
385 9995
386 9999
39 0
390 790
391 9999
392 9997
393 9999
398 0
399 831
40 9995
403 0
404 9999
415 1308
416 9999
419 0
420 9999
429 0
430 9999
44 9999
449 0
45 7
450 9999
46 0
465 9586
466 9999
47 9967
482 0
483 9999
491 9999
492 9996
493 41
494 9999
498 0
499 0
50 0
509 0
51 9999
510 5
533 0
534 9999
537 6588
538 95
540 7200
541 1341
548 972
549 9
55 9997
551 9440
552 9937
56 9999
582 847
583 9999
595 0
596 9999
633 6400
634 9280
645 0
646 9997
654 6
655 9999
665 9966
666 9998
667 8817
668 9999
678 1112
679 9999
680 4
681 9999
686 7
687 9997
688 407
689 9999
703 6414
704 0
705 43
706 9996
76 9674
77 9999
86 7
87 9999
89 9999
90 33
94 5
95 9999
0 0
1 0
10 0
100 0
101 0
102 0
103 0
104 0
105 0
106 0
107 0
108 0
109 0
11 0
110 0
111 0
112 0
113 0
114 0
115 0
116 0
117 0
118 0
119 0
12 0
120 0
121 0
122 0
123 0
124 0
125 0
126 0
127 0
128 0
129 0
13 0
130 0
131 0
132 0
133 0
134 0
135 0
136 0
137 0
138 0
139 0
14 0
140 0
141 0
142 0
143 0
144 0
145 0
146 0
147 0
148 0
149 0
15 0
150 0
151 0
152 0
153 0
154 0
155 0
156 0
157 0
158 0
159 0
16 0
160 0
161 0
162 0
163 0
164 0
165 0
166 0
167 0
168 0
169 0
17 0
170 0
171 0
172 0
173 0
174 0
175 0
176 0
177 0
178 0
179 0
18 0
180 0
181 0
182 0
183 0
184 0
185 0
186 0
187 0
188 0
189 0
19 0
190 0
191 0
192 0
193 0
194 0
195 0
196 0
197 0
198 0
199 0
2 0
20 0
200 0
201 0
202 0
203 0
204 0
205 0
206 0
207 0
208 0
209 0
21 0
210 0
211 0
212 0
213 0
214 0
215 0
216 0
217 0
218 0
219 0
22 0
220 0
221 0
222 0
223 0
224 0
225 0
226 0
227 0
228 0
229 0
23 0
230 0
231 0
232 0
233 0
234 0
235 0
236 0
237 0
238 0
239 0
24 0
240 0
241 0
242 0
243 0
244 0
245 0
246 0
247 0
248 0
249 0
25 0
250 0
251 0
252 0
253 0
254 0
255 0
256 0
257 0
258 0
259 0
26 0
260 0
261 0
262 0
263 0
264 0
265 0
266 0
267 0
268 0
269 0
27 0
270 0
271 0
272 0
273 0
274 0
275 0
276 0
277 0
278 0
279 0
28 0
280 0
281 0
282 0
283 0
284 0
285 0
286 0
287 0
288 0
289 0
29 0
290 0
291 0
292 0
293 0
294 0
295 0
296 0
297 0
298 0
299 0
3 0
30 0
300 0
301 0
302 0
303 0
304 0
305 0
306 0
307 0
308 0
309 0
31 0
310 0
311 0
312 0
313 0
314 0
315 0
316 0
317 0
318 0
319 0
32 0
320 0
321 0
322 0
323 0
324 0
325 0
326 0
327 0
328 0
329 0
33 0
330 0
331 0
332 0
333 0
334 0
335 0
336 0
337 0
338 0
339 0
34 0
340 0
341 0
342 0
343 0
344 0
345 0
346 0
347 0
348 0
349 0
35 0
350 0
351 0
352 0
353 0
354 0
355 0
356 0
357 0
358 0
359 0
36 0
360 0
361 0
362 0
363 0
364 0
365 0
366 0
367 0
368 0
369 0
37 0
370 0
371 0
372 0
373 0
374 0
375 0
376 0
377 0
378 0
379 0
38 0
380 0
381 0
382 0
383 0
384 0
385 0
386 0
387 0
388 0
389 0
39 0
390 0
391 0
392 0
393 0
394 0
395 0
396 0
397 0
398 0
399 0
4 0
40 0
400 0
401 0
402 0
403 0
404 0
405 0
406 0
407 0
408 0
409 0
41 0
410 0
411 0
412 0
413 0
414 0
415 0
416 0
417 0
418 0
419 0
42 0
420 0
421 0
422 0
423 0
424 0
425 0
426 0
427 0
428 0
429 0
43 0
430 0
431 0
432 0
433 0
434 0
435 0
436 0
437 0
438 0
439 0
44 0
440 0
441 0
442 0
443 0
444 0
445 0
446 0
447 0
448 0
449 0
45 0
450 0
451 0
452 0
453 0
454 0
455 0
456 0
457 0
458 0
459 0
46 0
460 0
461 0
462 0
463 0
464 0
465 0
466 0
467 0
468 0
469 0
47 0
470 0
471 0
472 0
473 0
474 0
475 0
476 0
477 0
478 0
479 0
48 0
480 0
481 0
482 0
483 0
484 0
485 0
486 0
487 0
488 0
489 0
49 0
490 0
491 0
492 0
493 0
494 0
495 0
496 0
497 0
498 0
499 0
5 0
50 0
500 0
501 0
502 0
503 0
504 0
505 0
506 0
507 0
508 0
509 0
51 0
510 0
511 0
512 0
513 0
514 0
515 0
516 0
517 0
518 0
519 0
52 0
520 0
521 0
522 0
523 0
524 0
525 0
526 0
527 0
528 0
529 0
53 0
530 0
531 0
532 0
533 0
534 0
535 0
536 0
537 0
538 0
539 0
54 0
540 0
541 0
542 0
543 0
544 0
545 0
546 0
547 0
548 0
549 0
55 0
550 0
551 0
552 0
553 0
554 0
555 0
556 0
557 0
558 0
559 0
56 0
560 0
561 0
562 0
563 0
564 0
565 0
566 0
567 0
568 0
569 0
57 0
570 0
571 0
572 0
573 0
574 0
575 0
576 0
577 0
578 0
579 0
58 0
580 0
581 0
582 0
583 0
59 0
6 0
60 0
61 0
62 0
63 0
64 0
65 0
66 0
67 0
68 0
69 0
7 0
70 0
71 0
72 0
73 0
74 0
75 0
76 0
77 0
78 0
79 0
8 0
80 0
81 0
82 0
83 0
84 0
85 0
86 0
87 0
88 0
89 0
9 0
90 0
91 0
92 0
93 0
94 0
95 0
96 0
97 0
98 0
99 0
0 0
1 0
10 0
100 0
101 0
102 0
103 0
104 0
105 0
106 0
107 0
108 0
109 0
11 0
110 0
111 0
112 0
113 0
114 0
115 0
116 0
117 0
118 0
119 0
12 0
120 0
121 0
122 0
123 0
124 0
125 0
126 0
127 0
128 0
129 0
13 0
130 0
131 0
132 0
133 0
134 0
135 0
136 0
137 0
138 0
139 0
14 0
140 0
141 0
142 0
143 0
144 0
145 0
146 0
147 0
148 0
149 0
15 0
150 0
151 0
152 0
153 0
154 0
155 0
156 0
157 0
158 0
159 0
16 0
160 0
161 0
162 0
163 0
164 0
165 0
166 0
167 0
168 0
169 0
17 0
170 0
171 0
172 0
173 0
174 0
175 0
176 0
177 0
178 0
179 0
18 0
180 0
181 0
182 0
183 0
184 0
185 0
186 0
187 0
188 0
189 0
19 0
190 0
191 0
192 0
193 0
194 0
195 0
196 0
197 0
198 0
199 0
2 0
20 0
200 0
201 0
202 0
203 0
204 0
205 0
206 0
207 0
208 0
209 0
21 0
210 0
211 0
212 0
213 0
214 0
215 0
216 0
217 0
218 0
219 0
22 0
220 0
221 0
222 0
223 0
224 0
225 0
226 0
227 0
228 0
229 0
23 0
230 0
231 0
232 0
233 0
234 0
235 0
236 0
237 0
238 0
239 0
24 0
240 0
241 0
242 0
243 0
244 0
245 0
246 0
247 0
248 0
249 0
25 0
250 0
251 0
252 0
253 0
254 0
255 0
256 0
257 0
258 0
259 0
26 0
260 0
261 0
262 0
263 0
264 0
265 0
266 0
267 0
268 0
269 0
27 0
270 0
271 0
272 0
273 0
274 0
275 0
276 0
277 0
278 0
279 0
28 0
280 0
281 0
282 0
283 0
284 0
285 0
286 0
287 0
288 0
289 0
29 0
290 0
291 0
292 0
293 0
294 0
295 0
296 0
297 0
298 0
299 0
3 0
30 0
300 0
301 0
302 0
303 0
304 0
305 0
306 0
307 0
308 0
309 0
31 0
310 0
311 0
312 0
313 0
314 0
315 0
316 0
317 0
318 0
319 0
32 0
320 0
321 0
322 0
323 0
324 0
325 0
326 0
327 0
328 0
329 0
33 0
330 0
331 0
332 0
333 0
334 0
335 0
336 0
337 0
338 0
339 0
34 0
340 0
341 0
342 0
343 0
344 0
345 0
346 0
347 0
348 0
349 0
35 0
350 0
351 0
352 0
353 0
354 0
355 0
356 0
357 0
358 0
359 0
36 0
360 0
361 0
362 0
363 0
364 0
365 0
366 0
367 0
368 0
369 0
37 0
370 0
371 0
372 0
373 0
374 0
375 0
376 0
377 0
378 0
379 0
38 0
380 0
381 0
382 0
383 0
384 0
385 0
386 0
387 0
388 0
389 0
39 0
390 0
391 0
392 0
393 0
394 0
395 0
396 0
397 0
398 0
399 0
4 0
40 0
400 0
401 0
402 0
403 0
404 0
405 0
406 0
407 0
408 0
409 0
41 0
410 0
411 0
412 0
413 0
414 0
415 0
416 0
417 0
418 0
419 0
42 0
420 0
421 0
422 0
423 0
424 0
425 0
426 0
427 0
428 0
429 0
43 0
430 0
431 0
432 0
433 0
434 0
435 0
436 0
437 0
438 0
439 0
44 0
440 0
441 0
442 0
443 0
444 0
445 0
446 0
447 0
448 0
449 0
45 0
450 0
451 0
452 0
453 0
454 0
455 0
456 0
457 0
458 0
459 0
46 0
460 0
461 0
462 0
463 0
464 0
465 0
466 0
467 0
468 0
469 0
47 0
470 0
471 0
472 0
473 0
474 0
475 0
476 0
477 0
478 0
479 0
48 0
480 0
481 0
482 0
483 0
484 0
485 0
486 0
487 0
488 0
489 0
49 0
490 0
491 0
492 0
493 0
494 0
495 0
496 0
497 0
498 0
499 0
5 0
50 0
500 0
501 0
502 0
503 0
504 0
505 0
506 0
507 0
508 0
509 0
51 0
510 0
511 0
512 0
513 0
514 0
515 0
516 0
517 0
518 0
519 0
52 0
520 0
521 0
522 0
523 0
524 0
525 0
526 0
527 0
528 0
529 0
53 0
530 0
531 0
532 0
533 0
534 0
535 0
536 0
537 0
538 0
539 0
54 0
540 0
541 0
542 0
543 0
544 0
545 0
546 0
547 0
548 0
549 0
55 0
550 0
551 0
552 0
553 0
554 0
555 0
556 0
557 0
558 0
559 0
56 0
560 0
561 0
562 0
563 0
564 0
565 0
566 0
567 0
568 0
569 0
57 0
570 0
571 0
572 0
573 0
574 0
575 0
576 0
577 0
578 0
579 0
58 0
580 0
581 0
582 0
583 0
59 0
6 0
60 0
61 0
62 0
63 0
64 0
65 0
66 0
67 0
68 0
69 0
7 0
70 0
71 0
72 0
73 0
74 0
75 0
76 0
77 0
78 0
79 0
8 0
80 0
81 0
82 0
83 0
84 0
85 0
86 0
87 0
88 0
89 0
9 0
90 0
91 0
92 0
93 0
94 0
95 0
96 0
97 0
98 0
99 0
0 0
1 0
10 0
100 0
101 0
102 0
103 0
104 0
105 0
106 0
107 0
108 0
109 0
11 0
110 0
111 0
112 0
113 0
114 0
115 0
116 0
117 0
118 0
119 0
12 0
120 0
121 0
122 0
123 0
124 0
125 0
126 0
127 0
128 0
129 0
13 0
130 0
131 0
132 0
133 0
134 0
135 0
136 0
137 0
138 0
139 0
14 0
140 0
141 0
142 0
143 0
144 0
145 0
146 0
147 0
148 0
149 0
15 0
150 0
151 0
152 0
153 0
154 0
155 0
156 0
157 0
158 0
159 0
16 0
160 0
161 0
162 0
163 0
164 0
165 0
166 0
167 0
168 0
169 0
17 0
170 0
171 0
172 0
173 0
174 0
175 0
176 0
177 0
178 0
179 0
18 0
180 0
181 0
182 0
183 0
184 0
185 0
186 0
187 0
188 0
189 0
19 0
190 0
191 0
192 0
193 0
194 0
195 0
196 0
197 0
198 0
199 0
2 0
20 0
200 0
201 0
202 0
203 0
204 0
205 0
206 0
207 0
208 0
209 0
21 0
210 0
211 0
212 0
213 0
214 0
215 0
216 0
217 0
218 0
219 0
22 0
220 0
221 0
222 0
223 0
224 0
225 0
226 0
227 0
228 0
229 0
23 0
230 0
231 0
232 0
233 0
234 0
235 0
236 0
237 0
238 0
239 0
24 0
240 0
241 0
242 0
243 0
244 0
245 0
246 0
247 0
248 0
249 0
25 0
250 0
251 0
252 0
253 0
254 0
255 0
256 0
257 0
258 0
259 0
26 0
260 0
261 0
262 0
263 0
264 0
265 0
266 0
267 0
268 0
269 0
27 0
270 0
271 0
272 0
273 0
274 0
275 0
276 0
277 0
278 0
279 0
28 0
280 0
281 0
282 0
283 0
284 0
285 0
286 0
287 0
288 0
289 0
29 0
290 0
291 0
292 0
293 0
294 0
295 0
296 0
297 0
298 0
299 0
3 0
30 0
300 0
301 0
302 0
303 0
304 0
305 0
306 0
307 0
308 0
309 0
31 0
310 0
311 0
312 0
313 0
314 0
315 0
316 0
317 0
318 0
319 0
32 0
320 0
321 0
322 0
323 0
324 0
325 0
326 0
327 0
328 0
329 0
33 0
330 0
331 0
332 0
333 0
334 0
335 0
336 0
337 0
338 0
339 0
34 0
340 0
341 0
342 0
343 0
344 0
345 0
346 0
347 0
348 0
349 0
35 0
350 0
351 0
352 0
353 0
354 0
355 0
356 0
357 0
358 0
359 0
36 0
360 0
361 0
362 0
363 0
364 0
365 0
366 0
367 0
368 0
369 0
37 0
370 0
371 0
372 0
373 0
374 0
375 0
376 0
377 0
378 0
379 0
38 0
380 0
381 0
382 0
383 0
384 0
385 0
386 0
387 0
388 0
389 0
39 0
390 0
391 0
392 0
393 0
394 0
395 0
396 0
397 0
398 0
399 0
4 0
40 0
400 0
401 0
402 0
403 0
404 0
405 0
406 0
407 0
408 0
409 0
41 0
410 0
411 0
412 0
413 0
414 0
415 0
416 0
417 0
418 0
419 0
42 0
420 0
421 0
422 0
423 0
424 0
425 0
426 0
427 0
428 0
429 0
43 0
430 0
431 0
432 0
433 0
434 0
435 0
436 0
437 0
438 0
439 0
44 0
440 0
441 0
442 0
443 0
444 0
445 0
446 0
447 0
448 0
449 0
45 0
450 0
451 0
452 0
453 0
454 0
455 0
456 0
457 0
458 0
459 0
46 0
460 0
461 0
462 0
463 0
464 0
465 0
466 0
467 0
468 0
469 0
47 0
470 0
471 0
472 0
473 0
474 0
475 0
476 0
477 0
478 0
479 0
48 0
480 0
481 0
482 0
483 0
484 0
485 0
486 0
487 0
488 0
489 0
49 0
490 0
491 0
492 0
493 0
494 0
495 0
496 0
497 0
498 0
499 0
5 0
50 0
500 0
501 0
502 0
503 0
504 0
505 0
506 0
507 0
508 0
509 0
51 0
510 0
511 0
512 0
513 0
514 0
515 0
516 0
517 0
518 0
519 0
52 0
520 0
521 0
522 0
523 0
524 0
525 0
526 0
527 0
528 0
529 0
53 0
530 0
531 0
532 0
533 0
534 0
535 0
536 0
537 0
538 0
539 0
54 0
540 0
541 0
542 0
543 0
544 0
545 0
546 0
547 0
548 0
549 0
55 0
550 0
551 0
552 0
553 0
554 0
555 0
556 0
557 0
558 0
559 0
56 0
560 0
561 0
562 0
563 0
564 0
565 0
566 0
567 0
568 0
569 0
57 0
570 0
571 0
572 0
573 0
574 0
575 0
576 0
577 0
578 0
579 0
58 0
580 0
581 0
582 0
583 0
59 0
6 0
60 0
61 0
62 0
63 0
64 0
65 0
66 0
67 0
68 0
69 0
7 0
70 0
71 0
72 0
73 0
74 0
75 0
76 0
77 0
78 0
79 0
8 0
80 0
81 0
82 0
83 0
84 0
85 0
86 0
87 0
88 0
89 0
9 0
90 0
91 0
92 0
93 0
94 0
95 0
96 0
97 0
98 0
99 0
0 0
1 0
10 0
100 0
101 0
102 0
103 0
104 0
105 0
106 0
107 0
108 0
109 0
11 0
110 0
111 0
112 0
113 0
114 0
115 0
116 0
117 0
118 0
119 0
12 0
120 0
121 0
122 0
123 0
124 0
125 0
126 0
127 0
128 0
129 0
13 0
130 0
131 0
132 0
133 0
134 0
135 0
136 0
137 0
138 0
139 0
14 0
140 0
141 0
142 0
143 0
144 0
145 0
146 0
147 0
148 0
149 0
15 0
150 0
151 0
152 0
153 0
154 0
155 0
156 0
157 0
158 0
159 0
16 0
160 0
161 0
162 0
163 0
164 0
165 0
166 0
167 0
168 0
169 0
17 0
170 0
171 0
172 0
173 0
174 0
175 0
176 0
177 0
178 0
179 0
18 0
180 0
181 0
182 0
183 0
184 0
185 0
186 0
187 0
188 0
189 0
19 0
190 0
191 0
192 0
193 0
194 0
195 0
196 0
197 0
198 0
199 0
2 0
20 0
200 0
201 0
202 0
203 0
204 0
205 0
206 0
207 0
208 0
209 0
21 0
210 0
211 0
212 0
213 0
214 0
215 0
216 0
217 0
218 0
219 0
22 0
220 0
221 0
222 0
223 0
224 0
225 0
226 0
227 0
228 0
229 0
23 0
230 0
231 0
232 0
233 0
234 0
235 0
236 0
237 0
238 0
239 0
24 0
240 0
241 0
242 0
243 0
244 0
245 0
246 0
247 0
248 0
249 0
25 0
250 0
251 0
252 0
253 0
254 0
255 0
256 0
257 0
258 0
259 0
26 0
260 0
261 0
262 0
263 0
264 0
265 0
266 0
267 0
268 0
269 0
27 0
270 0
271 0
272 0
273 0
274 0
275 0
276 0
277 0
278 0
279 0
28 0
280 0
281 0
282 0
283 0
284 0
285 0
286 0
287 0
288 0
289 0
29 0
290 0
291 0
292 0
293 0
294 0
295 0
296 0
297 0
298 0
299 0
3 0
30 0
300 0
301 0
302 0
303 0
304 0
305 0
306 0
307 0
308 0
309 0
31 0
310 0
311 0
312 0
313 0
314 0
315 0
316 0
317 0
318 0
319 0
32 0
320 0
321 0
322 0
323 0
324 0
325 0
326 0
327 0
328 0
329 0
33 0
330 0
331 0
332 0
333 0
334 0
335 0
336 0
337 0
338 0
339 0
34 0
340 0
341 0
342 0
343 0
344 0
345 0
346 0
347 0
348 0
349 0
35 0
350 0
351 0
352 0
353 0
354 0
355 0
356 0
357 0
358 0
359 0
36 0
360 0
361 0
362 0
363 0
364 0
365 0
366 0
367 0
368 0
369 0
37 0
370 0
371 0
372 0
373 0
374 0
375 0
376 0
377 0
378 0
379 0
38 0
380 0
381 0
382 0
383 0
384 0
385 0
386 0
387 0
388 0
389 0
39 0
390 0
391 0
392 0
393 0
394 0
395 0
396 0
397 0
398 0
399 0
4 0
40 0
400 0
401 0
402 0
403 0
404 0
405 0
406 0
407 0
408 0
409 0
41 0
410 0
411 0
412 0
413 0
414 0
415 0
416 0
417 0
418 0
419 0
42 0
420 0
421 0
422 0
423 0
424 0
425 0
426 0
427 0
428 0
429 0
43 0
430 0
431 0
432 0
433 0
434 0
435 0
436 0
437 0
438 0
439 0
44 0
440 0
441 0
442 0
443 0
444 0
445 0
446 0
447 0
448 0
449 0
45 0
450 0
451 0
452 0
453 0
454 0
455 0
456 0
457 0
458 0
459 0
46 0
460 0
461 0
462 0
463 0
464 0
465 0
466 0
467 0
468 0
469 0
47 0
470 0
471 0
472 0
473 0
474 0
475 0
476 0
477 0
478 0
479 0
48 0
480 0
481 0
482 0
483 0
484 0
485 0
486 0
487 0
488 0
489 0
49 0
490 0
491 0
492 0
493 0
494 0
495 0
496 0
497 0
498 0
499 0
5 0
50 0
500 0
501 0
502 0
503 0
504 0
505 0
506 0
507 0
508 0
509 0
51 0
510 0
511 0
512 0
513 0
514 0
515 0
516 0
517 0
518 0
519 0
52 0
520 0
521 0
522 0
523 0
524 0
525 0
526 0
527 0
528 0
529 0
53 0
530 0
531 0
532 0
533 0
534 0
535 0
536 0
537 0
538 0
539 0
54 0
540 0
541 0
542 0
543 0
544 0
545 0
546 0
547 0
548 0
549 0
55 0
550 0
551 0
552 0
553 0
554 0
555 0
556 0
557 0
558 0
559 0
56 0
560 0
561 0
562 0
563 0
564 0
565 0
566 0
567 0
568 0
569 0
57 0
570 0
571 0
572 0
573 0
574 0
575 0
576 0
577 0
578 0
579 0
58 0
580 0
581 0
582 0
583 0
584 0
585 0
586 0
587 0
588 0
589 0
59 0
590 0
591 0
592 0
593 0
594 0
595 0
596 0
597 0
598 0
599 0
6 0
60 0
600 0
601 0
602 0
603 0
604 0
605 0
61 0
62 0
63 0
64 0
65 0
66 0
67 0
68 0
69 0
7 0
70 0
71 0
72 0
73 0
74 0
75 0
76 0
77 0
78 0
79 0
8 0
80 0
81 0
82 0
83 0
84 0
85 0
86 0
87 0
88 0
89 0
9 0
90 0
91 0
92 0
93 0
94 0
95 0
96 0
97 0
98 0
99 0
0 0
1 0
10 0
100 0
101 0
102 0
103 0
104 0
105 0
106 0
107 0
108 0
109 0
11 0
110 0
111 0
112 0
113 0
114 0
115 0
116 0
117 0
118 0
119 0
12 0
120 0
121 0
122 0
123 0
124 0
125 0
126 0
127 0
128 0
129 0
13 0
130 0
131 0
132 0
133 0
134 0
135 0
136 0
137 0
138 0
139 0
14 0
140 0
141 0
142 0
143 0
144 0
145 0
146 0
147 0
148 0
149 0
15 0
150 0
151 0
152 0
153 0
154 0
155 0
156 0
157 0
158 0
159 0
16 0
160 0
161 0
162 0
163 0
164 0
165 0
166 0
167 0
168 0
169 0
17 0
170 0
171 0
172 0
173 0
174 0
175 0
176 0
177 0
178 0
179 0
18 0
180 0
181 0
182 0
183 0
184 0
185 0
186 0
187 0
188 0
189 0
19 0
190 0
191 0
192 0
193 0
194 0
195 0
196 0
197 0
198 0
199 0
2 0
20 0
200 0
201 0
202 0
203 0
204 0
205 0
206 0
207 0
208 0
209 0
21 0
210 0
211 0
212 0
213 0
214 0
215 0
216 0
217 0
218 0
219 0
22 0
220 0
221 0
222 0
223 0
224 0
225 0
226 0
227 0
228 0
229 0
23 0
230 0
231 0
232 0
233 0
234 0
235 0
236 0
237 0
238 0
239 0
24 0
240 0
241 0
242 0
243 0
244 0
245 0
246 0
247 0
248 0
249 0
25 0
250 0
251 0
252 0
253 0
254 0
255 0
256 0
257 0
258 0
259 0
26 0
260 0
261 0
262 0
263 0
264 0
265 0
266 0
267 0
268 0
269 0
27 0
270 0
271 0
272 0
273 0
274 0
275 0
276 0
277 0
278 0
279 0
28 0
280 0
281 0
282 0
283 0
284 0
285 0
286 0
287 0
288 0
289 0
29 0
290 0
291 0
292 0
293 0
294 0
295 0
296 0
297 0
298 0
299 0
3 0
30 0
300 0
301 0
302 0
303 0
304 0
305 0
306 0
307 0
308 0
309 0
31 0
310 0
311 0
312 0
313 0
314 0
315 0
316 0
317 0
318 0
319 0
32 0
320 0
321 0
322 0
323 0
324 0
325 0
326 0
327 0
328 0
329 0
33 0
330 0
331 0
332 0
333 0
334 0
335 0
336 0
337 0
338 0
339 0
34 0
340 0
341 0
342 0
343 0
344 0
345 0
346 0
347 0
348 0
349 0
35 0
350 0
351 0
352 0
353 0
354 0
355 0
356 0
357 0
358 0
359 0
36 0
360 0
361 0
362 0
363 0
364 0
365 0
366 0
367 0
368 0
369 0
37 0
370 0
371 0
372 0
373 0
374 0
375 0
376 0
377 0
378 0
379 0
38 0
380 0
381 0
382 0
383 0
384 0
385 0
386 0
387 0
388 0
389 0
39 0
390 0
391 0
392 0
393 0
394 0
395 0
396 0
397 0
398 0
399 0
4 0
40 0
400 0
401 0
402 0
403 0
404 0
405 0
406 0
407 0
408 0
409 0
41 0
410 0
411 0
412 0
413 0
414 0
415 0
416 0
417 0
418 0
419 0
42 0
420 0
421 0
422 0
423 0
424 0
425 0
426 0
427 0
428 0
429 0
43 0
430 0
431 0
432 0
433 0
434 0
435 0
436 0
437 0
438 0
439 0
44 0
440 0
441 0
442 0
443 0
444 0
445 0
446 0
447 0
448 0
449 0
45 0
450 0
451 0
452 0
453 0
454 0
455 0
456 0
457 0
458 0
459 0
46 0
460 0
461 0
462 0
463 0
464 0
465 0
466 0
467 0
468 0
469 0
47 0
470 0
471 0
472 0
473 0
474 0
475 0
476 0
477 0
478 0
479 0
48 0
480 0
481 0
482 0
483 0
484 0
485 0
486 0
487 0
488 0
489 0
49 0
490 0
491 0
492 0
493 0
494 0
495 0
496 0
497 0
498 0
499 0
5 0
50 0
500 0
501 0
502 0
503 0
504 0
505 0
506 0
507 0
508 0
509 0
51 0
510 0
511 0
512 0
513 0
514 0
515 0
516 0
517 0
518 0
519 0
52 0
520 0
521 0
522 0
523 0
524 0
525 0
526 0
527 0
528 0
529 0
53 0
530 0
531 0
532 0
533 0
534 0
535 0
536 0
537 0
538 0
539 0
54 0
540 0
541 0
542 0
543 0
544 0
545 0
546 0
547 0
548 0
549 0
55 0
550 0
551 0
552 0
553 0
554 0
555 0
556 0
557 0
558 0
559 0
56 0
560 0
561 0
562 0
563 0
564 0
565 0
566 0
567 0
568 0
569 0
57 0
570 0
571 0
572 0
573 0
574 0
575 0
576 0
577 0
578 0
579 0
58 0
580 0
581 0
582 0
583 0
584 0
585 0
586 0
587 0
588 0
589 0
59 0
590 0
591 0
592 0
593 0
594 0
595 0
596 0
597 0
598 0
599 0
6 0
60 0
600 0
601 0
602 0
603 0
61 0
62 0
63 0
64 0
65 0
66 0
67 0
68 0
69 0
7 0
70 0
71 0
72 0
73 0
74 0
75 0
76 0
77 0
78 0
79 0
8 0
80 0
81 0
82 0
83 0
84 0
85 0
86 0
87 0
88 0
89 0
9 0
90 0
91 0
92 0
93 0
94 0
95 0
96 0
97 0
98 0
99 0
106 0
107 0
111 0
112 0
114 0
115 0
12 0
13 0
133 0
134 0
14 0
15 0
151 0
152 0
153 0
154 0
166 0
167 0
175 0
176 0
181 0
182 0
187 0
188 0
192 0
193 0
198 0
199 0
215 0
216 0
22 0
229 0
23 0
230 0
245 0
246 0
250 0
251 0
254 0
255 0
26 0
266 0
267 0
268 0
269 0
27 0
273 0
274 0
276 0
277 0
294 0
295 0
297 0
298 0
3 0
301 0
302 0
303 0
304 0
310 0
311 0
315 0
316 0
319 0
320 0
330 0
331 0
332 0
333 0
339 0
340 0
342 0
343 0
345 0
346 0
35 0
354 0
355 0
36 0
360 0
361 0
362 0
363 0
366 0
367 0
376 0
377 0
382 0
383 0
387 0
388 0
390 0
391 0
393 0
394 0
398 0
399 0
4 0
40 0
41 0
421 0
422 0
423 0
424 0
438 0
439 0
441 0
442 0
445 0
446 0
456 0
457 0
460 0
461 0
463 0
464 0
47 0
472 0
473 0
476 0
477 0
48 0
480 0
481 0
493 0
494 0
498 0
499 0
500 0
501 0
512 0
513 0
532 0
533 0
543 0
544 0
545 0
546 0
553 0
554 0
561 0
562 0
564 0
565 0
566 0
567 0
573 0
574 0
582 0
583 0
587 0
588 0
593 0
594 0
599 0
60 0
600 0
61 0
610 0
611 0
612 0
613 0
629 0
630 0
650 0
651 0
659 0
66 0
660 0
668 0
669 0
67 0
673 0
674 0
675 0
676 0
677 0
678 0
680 0
681 0
682 0
683 0
686 0
687 0
692 0
693 0
694 0
695 0
699 0
700 0
727 0
728 0
729 0
73 0
730 0
731 0
732 0
74 0
8 0
88 0
89 0
9 0
96 0
97 0
106 0
107 7
111 477
112 477
114 471
115 477
12 25
13 492
133 5
134 475
14 50
15 492
151 31
152 472
153 433
154 470
166 0
167 14
175 0
176 469
181 29
182 469
187 48
188 469
192 0
193 458
198 3
199 465
215 2
216 464
22 438
229 0
23 490
230 463
245 445
246 57
250 463
251 0
254 1
255 463
26 0
266 461
267 184
268 452
269 461
27 488
273 8
274 460
276 459
277 459
294 378
295 459
297 450
298 454
3 10
301 0
302 164
303 0
304 458
310 0
311 457
315 457
316 450
319 21
320 457
330 212
331 457
332 5
333 457
339 457
340 457
342 326
343 450
345 26
346 457
35 485
354 0
355 2
36 486
360 426
361 457
362 447
363 457
366 1
367 457
376 456
377 456
382 448
383 430
387 453
388 455
390 450
391 454
393 437
394 455
398 0
399 2
4 494
40 485
41 476
421 454
422 454
423 87
424 453
438 9
439 453
441 451
442 21
445 15
446 452
456 452
457 53
460 391
461 452
463 421
464 452
47 0
472 0
473 450
476 91
477 450
48 11
480 450
481 450
493 322
494 449
498 0
499 449
500 84
501 449
512 449
513 449
532 426
533 448
543 447
544 446
545 205
546 446
553 445
554 18
561 395
562 445
564 445
565 445
566 444
567 445
573 123
574 443
582 410
583 443
587 443
588 439
593 442
594 1
599 1
60 481
600 442
61 481
610 0
611 171
612 23
613 442
629 2
630 439
650 135
651 438
659 0
66 481
660 401
668 413
669 438
67 15
673 0
674 438
675 39
676 437
677 433
678 437
680 415
681 437
682 54
683 437
686 422
687 437
692 332
693 436
694 0
695 436
699 324
700 129
727 435
728 412
729 410
73 480
730 435
731 2
732 431
74 480
8 22
88 0
89 1
9 492
96 478
97 478
10 999
106 987
107 999
108 8
109 999
112 999
113 15
114 925
115 999
116 2
117 999
118 1
119 999
12 10
122 988
123 997
127 18
128 999
13 999
131 0
132 999
135 105
136 999
147 943
148 999
15 102
154 999
155 999
16 999
166 999
167 999
168 12
169 999
17 999
170 918
171 999
175 426
176 999
178 935
179 999
18 999
180 0
181 999
184 0
185 999
186 2
187 999
189 930
190 999
200 999
201 998
202 998
203 999
207 999
208 999
210 0
211 999
220 998
221 989
223 999
224 999
226 1
227 999
235 0
236 999
239 875
240 999
243 999
244 999
246 183
247 999
249 994
250 999
255 6
256 999
259 994
260 996
266 989
267 999
268 1
269 999
273 0
274 999
277 963
278 999
28 0
281 928
282 579
285 930
286 999
288 900
289 999
29 0
292 675
293 996
301 964
302 997
303 3
304 999
306 14
307 999
311 999
312 1
318 992
319 999
321 1
322 999
324 999
325 999
342 999
343 999
347 11
348 999
350 999
351 991
354 0
355 999
364 147
365 999
371 0
372 13
374 0
375 999
38 0
381 697
382 999
39 998
392 999
393 999
396 0
397 999
4 4
402 939
403 999
404 905
405 999
408 999
409 999
41 521
410 941
411 999
417 916
418 999
42 999
423 980
424 999
426 999
427 999
43 10
433 0
434 878
437 9
438 999
44 999
446 803
447 999
452 2
453 999
461 1
462 999
466 999
467 999
473 0
474 0
477 999
478 999
480 15
481 999
487 3
488 999
489 0
490 999
492 999
493 999
495 999
496 999
499 12
5 999
500 999
505 901
506 999
51 999
519 1
52 102
520 999
531 999
532 15
535 999
536 7
538 999
539 999
551 0
552 999
554 167
555 999
558 0
559 999
561 932
562 999
563 890
564 999
565 0
566 999
578 997
579 999
580 521
581 999
584 14
585 999
588 0
589 999
594 1
595 999
598 999
599 999
600 127
601 999
605 0
606 999
611 999
612 12
623 999
624 999
633 943
634 999
650 0
651 999
657 991
658 999
663 12
664 999
71 0
72 4
78 20
79 999
81 999
82 999
85 881
86 999
87 25
88 999
9 0
90 999
91 999
93 182
94 999
10 999
106 987
107 999
108 8
109 999
112 999
113 15
114 925
115 999
116 2
117 999
118 1
119 999
12 10
122 988
123 997
127 18
128 999
13 999
131 0
132 999
135 105
136 999
147 943
148 999
15 102
154 999
155 999
16 999
166 999
167 999
168 12
169 999
17 999
170 918
171 999
175 426
176 999
178 935
179 999
18 999
180 0
181 999
184 0
185 999
186 2
187 999
189 930
190 999
200 999
201 998
202 998
203 999
207 999
208 999
210 0
211 999
220 998
221 989
223 999
224 999
226 1
227 999
235 0
236 999
239 875
240 999
243 999
244 999
246 183
247 999
249 994
250 999
255 6
256 999
259 994
260 996
266 989
267 999
268 1
269 999
273 0
274 999
277 963
278 999
28 0
281 928
282 579
285 930
286 999
288 900
289 999
29 0
292 675
293 996
301 964
302 997
303 3
304 999
306 14
307 999
311 999
312 1
318 992
319 999
321 1
322 999
324 999
325 999
342 999
343 999
347 11
348 999
350 999
351 991
354 0
355 999
364 147
365 999
371 0
372 13
374 0
375 999
38 0
381 697
382 999
39 998
392 999
393 999
396 0
397 999
4 4
402 939
403 999
404 905
405 999
408 999
409 999
41 521
410 941
411 999
417 916
418 999
42 999
423 980
424 999
426 999
427 999
43 10
433 0
434 878
437 9
438 999
44 999
446 803
447 999
452 2
453 999
461 1
462 999
466 999
467 999
473 0
474 0
477 999
478 999
480 15
481 999
487 3
488 999
489 0
490 999
492 999
493 999
495 999
496 999
499 12
5 999
500 999
505 901
506 999
51 999
519 1
52 102
520 999
531 999
532 15
535 999
536 7
538 999
539 999
551 0
552 999
554 167
555 999
558 0
559 999
561 932
562 999
563 890
564 999
565 0
566 999
578 997
579 999
580 521
581 999
584 14
585 999
588 0
589 999
594 1
595 999
598 999
599 999
600 127
601 999
605 0
606 999
611 999
612 12
623 999
624 999
633 943
634 999
650 0
651 999
657 991
658 999
663 12
664 999
71 0
72 4
78 20
79 999
81 999
82 999
85 881
86 999
87 25
88 999
9 0
90 999
91 999
93 182
94 999
101 980
102 984
109 30
110 984
112 954
113 984
119 984
120 984
123 0
124 984
126 984
127 984
13 993
131 18
132 984
137 7
138 984
14 32
140 887
141 984
150 984
151 984
158 1
159 982
165 0
166 982
168 965
169 983
179 1
18 991
180 983
181 983
182 982
184 137
185 981
186 2
187 981
19 991
198 968
199 981
20 976
21 989
216 980
217 980
22 6
220 980
221 890
222 23
223 980
224 906
225 980
23 989
234 975
235 977
238 905
239 979
243 979
244 979
248 3
249 979
253 978
254 977
256 2
257 977
259 0
260 977
266 0
267 975
269 40
27 980
270 976
274 976
275 976
28 989
281 1
282 976
284 0
285 976
288 0
289 976
290 29
291 976
304 976
305 976
306 0
307 976
309 3
310 976
313 912
314 975
317 975
318 975
32 0
321 975
322 974
33 988
338 974
339 974
34 926
343 973
344 974
349 4
35 987
350 974
351 0
352 973
353 861
354 974
360 20
361 974
363 875
364 12
371 5
372 5
373 5
374 5
375 347
376 973
377 957
378 973
381 16
382 973
393 957
394 963
398 955
399 972
40 75
400 10
401 972
403 971
404 1
41 986
414 27
415 972
418 972
419 9
424 1
425 972
427 3
428 972
430 863
431 972
435 971
436 4
44 0
440 32
441 970
446 970
447 970
45 986
450 0
451 970
456 970
457 970
465 970
466 970
467 970
468 970
469 1
47 986
470 970
473 970
474 970
476 18
477 970
478 2
479 970
48 986
488 966
489 970
49 18
491 0
492 970
498 962
499 970
50 986
503 0
504 970
511 330
512 970
514 144
515 970
517 4
518 970
523 970
524 970
525 970
526 970
529 1
53 22
530 970
537 970
538 554
539 4
54 986
540 970
541 37
542 970
557 0
558 39
562 969
563 893
564 230
565 969
567 46
568 969
571 967
572 968
583 968
584 967
585 18
586 967
587 0
588 967
589 0
590 962
591 14
592 967
594 28
595 966
605 920
606 965
614 965
615 961
617 965
618 965
62 986
622 0
623 964
624 25
625 965
626 1
627 964
63 986
630 0
631 964
634 2
635 964
638 19
639 964
64 7
644 888
645 964
65 986
650 167
651 963
654 963
655 963
660 534
661 963
662 963
663 963
667 4
668 963
669 524
67 0
670 963
68 986
71 986
72 986
74 906
75 986
81 0
82 986
86 178
87 984
89 3
90 985
91 2
92 985
10 999
106 987
107 999
108 8
109 999
112 999
113 15
114 925
115 999
116 2
117 999
118 1
119 999
12 10
122 988
123 997
127 18
128 999
13 999
131 0
132 999
135 105
136 999
147 943
148 999
15 102
154 999
155 999
16 999
166 999
167 999
168 12
169 999
17 999
170 918
171 999
175 426
176 999
178 935
179 999
18 999
180 0
181 999
184 0
185 999
186 2
187 999
189 930
190 999
200 999
201 998
202 998
203 999
207 999
208 999
210 0
211 999
220 998
221 989
223 999
224 999
226 1
227 999
235 0
236 999
239 875
240 999
243 999
244 999
246 183
247 999
249 994
250 999
255 6
256 999
259 994
260 996
266 989
267 999
268 1
269 999
273 0
274 999
277 963
278 999
28 0
281 928
282 579
285 930
286 999
288 900
289 999
29 0
292 675
293 996
301 964
302 997
303 3
304 999
306 14
307 999
311 999
312 1
318 992
319 999
321 1
322 999
324 999
325 999
342 999
343 999
347 11
348 999
350 999
351 991
354 0
355 999
364 147
365 999
371 0
372 13
374 0
375 999
38 0
381 697
382 999
39 998
392 999
393 999
396 0
397 999
4 4
402 939
403 999
404 905
405 999
408 999
409 999
41 521
410 941
411 999
417 916
418 999
42 999
423 980
424 999
426 999
427 999
43 10
433 0
434 878
437 9
438 999
44 999
446 803
447 999
452 2
453 999
461 1
462 999
466 999
467 999
473 0
474 0
477 999
478 999
480 15
481 999
487 3
488 999
489 0
490 999
492 999
493 999
495 999
496 999
499 12
5 999
500 999
505 901
506 999
51 999
519 1
52 102
520 999
531 999
532 15
535 999
536 7
538 999
539 999
551 0
552 999
554 167
555 999
558 0
559 999
561 932
562 999
563 890
564 999
565 0
566 999
578 997
579 999
580 521
581 999
584 14
585 999
588 0
589 999
594 1
595 999
598 999
599 999
600 127
601 999
605 0
606 999
611 999
612 12
623 999
624 999
633 943
634 999
650 0
651 999
657 991
658 999
663 12
664 999
71 0
72 4
78 20
79 999
81 999
82 999
85 881
86 999
87 25
88 999
9 0
90 999
91 999
93 182
94 999
10 988
11 999
115 992
116 972
127 953
128 0
13 999
133 218
134 999
135 0
136 997
14 997
140 0
141 999
146 992
147 999
148 17
149 999
15 19
16 999
165 16
166 999
175 99
176 999
180 24
181 999
192 1
193 999
197 0
198 999
20 0
21 992
210 937
211 992
212 2
213 999
214 0
215 998
219 126
220 999
222 999
223 148
227 7
228 999
23 1
232 999
233 19
24 999
248 0
249 999
251 999
252 999
257 999
258 0
26 219
262 0
263 75
269 0
27 999
270 999
274 219
275 999
277 989
278 0
29 10
295 922
296 999
298 219
299 992
30 999
31 0
32 999
323 856
324 992
34 0
342 2
343 999
35 949
36 4
367 0
368 953
37 999
375 0
376 953
38 216
39 999
40 943
403 998
404 6
41 999
425 0
426 998
431 13
432 999
438 999
439 999
440 860
441 999
450 29
451 999
452 0
453 993
462 0
463 998
471 0
472 999
486 17
487 999
495 997
496 16
498 990
499 999
501 987
502 998
505 0
506 999
513 997
514 998
516 2
517 995
523 0
524 993
526 999
527 998
531 3
532 999
546 999
547 998
548 1
549 999
551 5
552 999
555 899
556 999
557 3
558 999
559 0
560 998
563 2
564 999
565 218
566 999
568 148
569 999
570 936
571 999
583 4
584 998
604 855
605 905
628 0
629 993
646 0
647 999
656 148
657 999
663 0
664 23
665 10
666 999
667 0
668 999
686 4
687 999
689 953
690 202
691 148
692 999
693 999
694 999
7 999
701 673
702 953
714 0
715 992
723 135
724 999
733 0
734 992
741 999
742 999
744 999
745 996
78 2
79 999
8 985
85 12
86 999
88 19
89 999
1 264
10 499
100 499
102 499
103 7
107 499
108 499
109 56
110 499
111 467
112 499
113 499
114 499
117 499
118 499
119 499
120 499
122 499
123 499
125 499
126 499
13 0
130 499
131 499
132 499
133 499
134 20
135 499
137 499
138 499
139 499
14 499
140 499
142 14
143 499
145 499
146 496
147 499
148 499
15 7
152 499
153 499
154 499
155 499
156 499
157 499
158 109
159 499
16 499
163 223
164 499
165 449
166 499
167 28
168 499
17 0
173 496
174 499
175 64
176 499
18 499
184 499
185 499
187 499
188 499
189 499
19 499
190 499
193 499
194 499
195 89
196 499
199 499
2 499
20 499
200 499
201 8
202 499
204 499
205 499
21 45
210 499
211 499
214 34
215 499
219 499
22 499
220 499
222 499
223 488
225 499
226 499
227 495
228 499
229 491
23 12
230 499
231 499
232 499
234 88
235 499
236 448
237 499
238 499
239 499
24 499
240 491
241 499
242 497
243 499
245 499
246 499
248 106
249 499
25 499
250 23
251 499
252 470
253 499
254 0
255 499
258 499
259 499
26 499
260 469
261 499
263 499
264 499
267 499
268 499
269 495
27 499
270 499
271 499
272 499
276 499
277 499
278 496
279 499
28 499
284 499
285 499
287 499
288 499
289 134
290 499
293 499
294 499
295 4
296 499
299 499
30 496
300 499
303 499
304 499
308 66
309 499
31 493
310 97
311 499
312 10
313 499
316 499
317 499
319 499
32 499
320 499
324 499
325 499
326 499
327 499
33 499
330 499
331 499
334 499
335 499
336 499
337 499
338 79
339 499
340 499
341 499
342 499
343 499
344 311
345 499
348 499
349 499
351 217
352 499
353 499
354 499
355 499
356 499
357 182
358 499
361 499
362 499
364 499
365 499
366 297
367 499
368 499
369 499
37 498
370 188
371 499
372 15
373 499
374 492
375 499
376 499
377 499
379 499
38 89
380 499
381 482
382 499
386 499
387 499
388 499
389 499
39 499
391 182
392 499
393 499
394 499
395 499
396 499
397 191
398 499
399 498
40 499
400 499
403 499
404 499
405 58
406 499
407 499
408 499
41 498
410 499
411 499
413 499
414 499
417 70
418 499
419 210
42 499
420 499
421 95
422 499
423 6
424 499
428 243
429 499
433 499
434 499
439 243
44 499
440 499
442 311
443 499
445 499
446 499
447 233
448 499
45 499
451 153
452 499
453 499
454 499
457 456
458 499
461 499
462 103
464 499
465 499
467 487
468 499
47 177
473 483
474 448
476 499
477 499
478 499
479 499
48 499
480 499
481 499
482 88
483 499
484 15
485 499
487 499
488 18
489 34
49 199
490 499
491 157
492 499
494 499
495 499
498 55
499 499
5 209
50 499
502 499
503 499
504 499
505 499
506 217
507 499
508 499
509 499
51 1
510 499
511 499
512 499
513 499
515 499
516 499
517 477
518 499
52 499
520 499
521 499
522 486
523 499
525 499
526 499
527 499
528 499
529 498
53 70
530 499
532 499
533 499
534 499
535 499
536 499
537 499
538 499
539 499
54 499
542 499
543 499
544 497
545 499
546 499
547 499
552 471
553 499
554 499
555 499
556 499
557 499
559 499
560 499
561 497
562 499
563 499
564 499
565 467
566 499
567 17
568 499
570 499
571 499
573 499
574 499
575 178
576 499
577 499
578 499
581 499
582 499
585 210
586 499
587 499
588 499
593 499
594 499
595 499
596 499
599 499
6 499
60 499
600 499
601 1
602 499
603 490
604 499
606 118
607 499
608 116
609 499
61 499
612 438
613 499
614 499
615 499
616 499
617 499
618 499
619 499
620 247
621 499
622 83
623 499
624 57
625 499
626 4
627 499
628 88
629 499
631 494
632 66
65 0
66 499
67 442
68 499
69 499
7 497
70 499
71 473
72 499
76 86
77 499
78 499
79 499
8 499
81 43
82 499
83 499
84 499
85 81
86 499
87 499
88 499
89 199
9 499
90 499
92 486
93 499
97 0
98 499
99 499
1 277
10 8416
100 9999
101 9999
103 9955
104 9999
107 9986
108 9999
109 9999
11 9999
110 9999
111 965
112 9999
113 911
114 9999
115 9973
116 9999
117 9969
118 9999
119 42
12 9999
120 9999
123 9999
124 9999
126 9955
127 9999
128 7709
129 9999
13 9999
130 9999
131 9999
132 9659
133 9999
135 9999
136 9999
137 9999
138 9999
139 9948
140 9999
141 9999
142 9999
143 9997
144 9999
145 9897
146 9999
147 9999
148 9999
150 9981
151 9999
152 9999
153 9999
154 9999
155 9999
157 9999
158 9999
159 54
16 9999
160 9999
161 9999
162 9999
163 6107
164 9999
165 6921
166 9999
168 9903
169 9983
17 9999
170 1377
171 9999
172 31
173 9999
174 7423
175 9999
177 8474
178 9999
179 115
180 9999
181 9999
182 9999
183 18
184 9999
185 300
186 9999
187 6240
188 9999
189 9999
19 6428
190 9999
191 6949
192 9999
193 6429
194 9999
195 1443
196 9999
197 9999
198 9999
199 247
2 9999
20 9999
200 9999
202 9999
203 9999
205 4
206 9999
208 9999
209 9999
21 3
210 9982
211 9999
212 9999
213 9999
214 9999
215 9999
216 8893
217 9999
218 9999
219 9999
22 9999
220 1223
221 9999
224 14
225 9999
226 2
227 9999
228 9999
229 9999
230 9999
231 9999
232 1042
233 9999
234 9992
235 9999
236 9990
237 9999
238 1038
239 9999
24 65
240 9999
241 9999
242 9979
243 9999
244 9999
245 9999
247 9999
248 9999
25 9993
250 9938
251 9999
252 9999
253 9999
254 9999
255 9999
256 253
257 9999
258 9988
259 9999
260 9999
261 9999
263 9
264 9999
265 9990
266 9999
267 9999
268 9999
269 4997
27 0
270 9999
271 27
272 9999
273 9999
274 9999
275 39
276 9999
277 8658
278 9999
28 9999
280 9999
281 9551
286 6319
287 9999
288 9997
289 9999
291 8062
292 9999
296 9999
297 9999
298 810
299 9999
301 967
302 9999
304 9999
305 9999
307 9624
308 9999
309 958
31 9679
310 9999
312 9999
313 9999
314 6632
315 9999
316 9999
317 9999
318 9999
319 9999
32 9999
320 9999
321 9999
322 831
323 9999
325 9999
326 9999
328 9999
329 9999
33 1377
330 9940
331 9999
332 9999
333 9999
334 6051
335 9999
336 9999
337 9999
338 192
339 9999
34 9999
340 9992
341 9999
342 9999
343 9999
344 26
345 9999
346 895
347 9999
348 9999
349 9999
350 9999
351 9999
353 9999
354 9999
355 43
356 9999
359 9999
36 31
360 9999
364 9999
365 9999
366 9999
367 9999
368 38
369 9999
37 9999
370 9999
371 9999
374 0
375 9999
376 9999
377 9999
378 5621
379 9999
38 700
380 8420
381 9999
382 6803
383 9999
384 9940
385 9999
387 9999
388 9999
389 786
39 9999
390 9999
391 8955
392 9999
393 9757
394 9999
396 12
397 9999
398 9999
399 9999
40 9999
400 9967
401 9999
402 9999
403 9999
404 9795
405 9999
408 9999
409 9999
41 9999
410 594
411 9999
412 8337
413 9999
416 0
417 9999
418 9169
419 9999
42 858
420 9999
421 9999
422 838
423 9999
424 9999
425 9999
426 9999
427 9999
428 9529
429 9999
43 9999
430 784
431 9999
432 9999
433 9999
434 9999
435 9999
437 9999
438 9999
443 5007
444 9999
445 4642
446 9999
447 9999
448 9999
449 253
450 9999
451 5920
452 9999
453 9999
454 9999
456 9999
457 9999
460 6635
461 9999
462 29
463 9996
464 5032
465 9999
466 9999
467 9999
468 17
469 9999
470 36
471 9999
472 317
473 9999
474 9999
475 9999
478 8730
479 9999
480 9921
481 9999
482 9433
483 9999
485 9999
486 9993
487 9999
488 9999
489 9999
49 9999
490 9999
491 9999
492 9999
493 9892
494 9999
495 9999
496 9999
499 9999
50 9999
500 9999
501 9999
502 9999
504 1
505 9999
506 39
507 9999
508 14
509 9999
51 6309
511 9999
512 9999
514 0
515 9999
516 9999
517 9999
518 9999
519 9999
52 9999
520 9999
521 9999
522 9999
523 9999
525 9999
526 9999
527 9999
528 9999
529 6255
53 9999
530 9999
534 166
535 9999
538 109
539 9999
54 9999
541 9999
542 9999
545 6052
546 9999
547 774
548 9999
549 5
550 9999
551 9999
552 9999
556 13
557 9999
558 9999
559 9999
560 9
561 9995
562 778
563 9999
564 191
565 9999
566 9517
567 9999
569 9971
57 3574
570 9999
571 161
572 9999
575 9986
576 9999
577 6791
578 9999
579 9999
58 9999
580 9999
582 9999
583 9999
585 0
586 9999
587 15
588 9999
59 328
6 65
60 9999
61 9999
62 9999
63 9999
64 9999
66 9999
67 952
68 9999
69 9999
7 9999
73 37
74 9999
75 9999
76 9999
77 9999
78 9999
79 8915
80 9999
82 6187
83 9999
84 9999
85 9999
86 9999
87 9999
88 7
89 9993
90 9986
91 9999
92 9999
93 9999
95 151
96 9999
97 9955
98 9999
1 277
10 8416
100 9999
101 9999
103 9955
104 9999
107 9986
108 9999
109 9999
11 9999
110 9999
111 965
112 9999
113 911
114 9999
115 9973
116 9999
117 9969
118 9999
119 42
12 9999
120 9999
123 9999
124 9999
126 9955
127 9999
128 7709
129 9999
13 9999
130 9999
131 9999
132 9659
133 9999
135 9999
136 9999
137 9999
138 9999
139 9948
140 9999
141 9999
142 9999
143 9997
144 9999
145 9897
146 9999
147 9999
148 9999
150 9981
151 9999
152 9999
153 9999
154 9999
155 9999
157 9999
158 9999
159 54
16 9999
160 9999
161 9999
162 9999
163 6107
164 9999
165 6921
166 9999
168 9903
169 9983
17 9999
170 1377
171 9999
172 31
173 9999
174 7423
175 9999
177 8474
178 9999
179 115
180 9999
181 9999
182 9999
183 18
184 9999
185 300
186 9999
187 6240
188 9999
189 9999
19 6428
190 9999
191 6949
192 9999
193 6429
194 9999
195 1443
196 9999
197 9999
198 9999
199 247
2 9999
20 9999
200 9999
202 9999
203 9999
205 4
206 9999
208 9999
209 9999
21 3
210 9982
211 9999
212 9999
213 9999
214 9999
215 9999
216 8893
217 9999
218 9999
219 9999
22 9999
220 1223
221 9999
224 14
225 9999
226 2
227 9999
228 9999
229 9999
230 9999
231 9999
232 1042
233 9999
234 9992
235 9999
236 9990
237 9999
238 1038
239 9999
24 65
240 9999
241 9999
242 9979
243 9999
244 9999
245 9999
247 9999
248 9999
25 9993
250 9938
251 9999
252 9999
253 9999
254 9999
255 9999
256 253
257 9999
258 9988
259 9999
260 9999
261 9999
263 9
264 9999
265 9990
266 9999
267 9999
268 9999
269 4997
27 0
270 9999
271 27
272 9999
273 9999
274 9999
275 39
276 9999
277 8658
278 9999
28 9999
280 9999
281 9551
286 6319
287 9999
288 9997
289 9999
291 8062
292 9999
296 9999
297 9999
298 810
299 9999
301 967
302 9999
304 9999
305 9999
307 9624
308 9999
309 958
31 9679
310 9999
312 9999
313 9999
314 6632
315 9999
316 9999
317 9999
318 9999
319 9999
32 9999
320 9999
321 9999
322 831
323 9999
325 9999
326 9999
328 9999
329 9999
33 1377
330 9940
331 9999
332 9999
333 9999
334 6051
335 9999
336 9999
337 9999
338 192
339 9999
34 9999
340 9992
341 9999
342 9999
343 9999
344 26
345 9999
346 895
347 9999
348 9999
349 9999
350 9999
351 9999
353 9999
354 9999
355 43
356 9999
359 9999
36 31
360 9999
364 9999
365 9999
366 9999
367 9999
368 38
369 9999
37 9999
370 9999
371 9999
374 0
375 9999
376 9999
377 9999
378 5621
379 9999
38 700
380 8420
381 9999
382 6803
383 9999
384 9940
385 9999
387 9999
388 9999
389 786
39 9999
390 9999
391 8955
392 9999
393 9757
394 9999
396 12
397 9999
398 9999
399 9999
40 9999
400 9967
401 9999
402 9999
403 9999
404 9795
405 9999
408 9999
409 9999
41 9999
410 594
411 9999
412 8337
413 9999
416 0
417 9999
418 9169
419 9999
42 858
420 9999
421 9999
422 838
423 9999
424 9999
425 9999
426 9999
427 9999
428 9529
429 9999
43 9999
430 784
431 9999
432 9999
433 9999
434 9999
435 9999
437 9999
438 9999
443 5007
444 9999
445 4642
446 9999
447 9999
448 9999
449 253
450 9999
451 5920
452 9999
453 9999
454 9999
456 9999
457 9999
460 6635
461 9999
462 29
463 9996
464 5032
465 9999
466 9999
467 9999
468 17
469 9999
470 36
471 9999
472 317
473 9999
474 9999
475 9999
478 8730
479 9999
480 9921
481 9999
482 9433
483 9999
485 9999
486 9993
487 9999
488 9999
489 9999
49 9999
490 9999
491 9999
492 9999
493 9892
494 9999
495 9999
496 9999
499 9999
50 9999
500 9999
501 9999
502 9999
504 1
505 9999
506 39
507 9999
508 14
509 9999
51 6309
511 9999
512 9999
514 0
515 9999
516 9999
517 9999
518 9999
519 9999
52 9999
520 9999
521 9999
522 9999
523 9999
525 9999
526 9999
527 9999
528 9999
529 6255
53 9999
530 9999
534 166
535 9999
538 109
539 9999
54 9999
541 9999
542 9999
545 6052
546 9999
547 774
548 9999
549 5
550 9999
551 9999
552 9999
556 13
557 9999
558 9999
559 9999
560 9
561 9995
562 778
563 9999
564 191
565 9999
566 9517
567 9999
569 9971
57 3574
570 9999
571 161
572 9999
575 9986
576 9999
577 6791
578 9999
579 9999
58 9999
580 9999
582 9999
583 9999
585 0
586 9999
587 15
588 9999
59 328
6 65
60 9999
61 9999
62 9999
63 9999
64 9999
66 9999
67 952
68 9999
69 9999
7 9999
73 37
74 9999
75 9999
76 9999
77 9999
78 9999
79 8915
80 9999
82 6187
83 9999
84 9999
85 9999
86 9999
87 9999
88 7
89 9993
90 9986
91 9999
92 9999
93 9999
95 151
96 9999
97 9955
98 9999
