102 9970
103 9996
104 0
105 9997
109 7
110 9999
116 9674
117 9999
138 9996
139 9999
140 0
141 9999
143 9999
144 9996
149 9999
150 9999
158 1180
159 9999
16 6491
17 9996
170 0
171 9999
174 9969
175 9999
177 9999
178 9617
184 1172
185 9999
188 0
189 9999
190 58
191 9999
194 972
195 0
200 0
201 9999
210 607
211 9999
215 0
216 9576
22 5
221 9999
222 9979
23 9999
233 6
234 9999
236 0
237 9972
238 6
239 9999
250 0
251 9435
259 0
260 9999
272 969
273 9999
278 0
279 9999
280 0
281 9974
291 9974
292 9997
297 6
298 9999
299 0
300 9999
317 9995
318 9999
319 9999
320 9999
321 3
322 9998
326 0
327 9999
331 0
332 9999
342 9
343 9999
357 6
358 9999
362 9999
363 9999
369 0
370 9999
371 1335
372 9999
377 58
378 9999
39 0
390 9995
391 9999
395 790
396 9999
397 9997
398 9999
40 9995
403 0
404 831
408 0
409 9999
420 1308
421 9999
424 0
425 9999
428 0
429 9434
434 0
435 9999
44 9999
45 7
454 0
455 9999
46 0
47 9967
470 9586
471 9999
487 0
488 9999
496 9999
497 9996
498 41
499 9999
50 0
503 0
504 0
51 9999
514 0
515 5
538 0
539 9999
542 6588
543 95
545 7200
546 1341
55 9997
553 972
554 9
556 9440
557 9937
56 9999
561 7
562 9999
588 9940
589 9999
596 0
597 9643
602 0
603 9999
640 6400
641 9944
643 0
644 9997
652 0
653 9997
661 6
662 9999
668 4
669 9999
670 5
671 9999
673 9966
674 9998
675 8817
676 9999
686 1112
687 9999
688 4
689 9999
694 7
695 9997
696 407
697 9999
711 6414
712 53
713 43
714 9996
76 9674
77 9999
84 0
85 9999
86 0
87 9999
88 0
89 9999
95 5
96 9999
102 9970
103 9996
104 0
105 9997
109 7
110 9999
116 9674
117 9999
138 9996
139 9999
140 0
141 9999
143 9999
144 9996
149 9999
150 9999
158 1180
159 9999
16 6491
17 9996
170 0
171 9999
174 9969
175 9999
177 9999
178 9617
184 1172
185 9999
188 0
189 9999
190 58
191 9999
194 972
195 0
200 0
201 9999
210 607
211 9999
215 0
216 9576
22 5
221 9999
222 9979
23 9999
233 6
234 9999
236 0
237 9972
238 6
239 9999
250 0
251 9435
259 0
260 9999
272 969
273 9999
278 0
279 9999
280 0
281 9974
291 9974
292 9997
297 6
298 9999
299 0
300 9999
317 9995
318 9999
319 9999
320 9999
321 3
322 9998
326 0
327 9999
331 0
332 9999
342 9
343 9999
357 6
358 9999
362 9999
363 9999
369 0
370 9999
371 1335
372 9999
377 58
378 9999
39 0
390 9995
391 9999
395 790
396 9999
397 9997
398 9999
40 9995
403 0
404 831
408 0
409 9999
420 1308
421 9999
424 0
425 9999
428 0
429 9434
434 0
435 9999
44 9999
45 7
454 0
455 9999
46 0
47 9967
470 9586
471 9999
487 0
488 9999
496 9999
497 9996
498 41
499 9999
50 0
503 0
504 0
51 9999
514 0
515 5
538 0
539 9999
542 6588
543 95
545 7200
546 1341
55 9997
553 972
554 9
556 9440
557 9937
56 9999
561 7
562 9999
588 9940
589 9999
596 0
597 9643
602 0
603 9999
640 6400
641 9944
643 0
644 9997
652 0
653 9997
661 6
662 9999
668 4
669 9999
670 5
671 9999
673 9966
674 9998
675 8817
676 9999
686 1112
687 9999
688 4
689 9999
694 7
695 9997
696 407
697 9999
711 6414
712 53
713 43
714 9996
76 9674
77 9999
84 0
85 9999
86 0
87 9999
88 0
89 9999
95 5
96 9999
0 0
1 0
10 0
100 0
101 0
102 0
103 0
104 0
105 0
106 0
107 0
108 0
109 0
11 0
110 0
111 0
112 0
113 0
114 0
115 0
116 0
117 0
118 0
119 0
12 0
120 0
121 0
122 0
123 0
124 0
125 0
126 0
127 0
128 0
129 0
13 0
130 0
131 0
132 0
133 0
134 0
135 0
136 0
137 0
138 0
139 0
14 0
140 0
141 0
142 0
143 0
144 0
145 0
146 0
147 0
148 0
149 0
15 0
150 0
151 0
152 0
153 0
154 0
155 0
156 0
157 0
158 0
159 0
16 0
160 0
161 0
162 0
163 0
164 0
165 0
166 0
167 0
168 0
169 0
17 0
170 0
171 0
172 0
173 0
174 0
175 0
176 0
177 0
178 0
179 0
18 0
180 0
181 0
182 0
183 0
184 0
185 0
186 0
187 0
188 0
189 0
19 0
190 0
191 0
192 0
193 0
194 0
195 0
196 0
197 0
198 0
199 0
2 0
20 0
200 0
201 0
202 0
203 0
204 0
205 0
206 0
207 0
208 0
209 0
21 0
210 0
211 0
212 0
213 0
214 0
215 0
216 0
217 0
218 0
219 0
22 0
220 0
221 0
222 0
223 0
224 0
225 0
226 0
227 0
228 0
229 0
23 0
230 0
231 0
232 0
233 0
234 0
235 0
236 0
237 0
238 0
239 0
24 0
240 0
241 0
242 0
243 0
244 0
245 0
246 0
247 0
248 0
249 0
25 0
250 0
251 0
252 0
253 0
254 0
255 0
256 0
257 0
258 0
259 0
26 0
260 0
261 0
262 0
263 0
264 0
265 0
266 0
267 0
268 0
269 0
27 0
270 0
271 0
272 0
273 0
274 0
275 0
276 0
277 0
278 0
279 0
28 0
280 0
281 0
282 0
283 0
284 0
285 0
286 0
287 0
288 0
289 0
29 0
290 0
291 0
292 0
293 0
294 0
295 0
296 0
297 0
298 0
299 0
3 0
30 0
300 0
301 0
302 0
303 0
304 0
305 0
306 0
307 0
308 0
309 0
31 0
310 0
311 0
312 0
313 0
314 0
315 0
316 0
317 0
318 0
319 0
32 0
320 0
321 0
322 0
323 0
324 0
325 0
326 0
327 0
328 0
329 0
33 0
330 0
331 0
332 0
333 0
334 0
335 0
336 0
337 0
338 0
339 0
34 0
340 0
341 0
342 0
343 0
344 0
345 0
346 0
347 0
348 0
349 0
35 0
350 0
351 0
352 0
353 0
354 0
355 0
356 0
357 0
358 0
359 0
36 0
360 0
361 0
362 0
363 0
364 0
365 0
366 0
367 0
368 0
369 0
37 0
370 0
371 0
372 0
373 0
374 0
375 0
376 0
377 0
378 0
379 0
38 0
380 0
381 0
382 0
383 0
384 0
385 0
386 0
387 0
388 0
389 0
39 0
390 0
391 0
392 0
393 0
394 0
395 0
396 0
397 0
398 0
399 0
4 0
40 0
400 0
401 0
402 0
403 0
404 0
405 0
406 0
407 0
408 0
409 0
41 0
410 0
411 0
412 0
413 0
414 0
415 0
416 0
417 0
418 0
419 0
42 0
420 0
421 0
422 0
423 0
424 0
425 0
426 0
427 0
428 0
429 0
43 0
430 0
431 0
432 0
433 0
434 0
435 0
436 0
437 0
438 0
439 0
44 0
440 0
441 0
442 0
443 0
444 0
445 0
446 0
447 0
448 0
449 0
45 0
450 0
451 0
452 0
453 0
454 0
455 0
456 0
457 0
458 0
459 0
46 0
460 0
461 0
462 0
463 0
464 0
465 0
466 0
467 0
468 0
469 0
47 0
470 0
471 0
472 0
473 0
474 0
475 0
476 0
477 0
478 0
479 0
48 0
480 0
481 0
482 0
483 0
484 0
485 0
486 0
487 0
488 0
489 0
49 0
490 0
491 0
492 0
493 0
494 0
495 0
496 0
497 0
498 0
499 0
5 0
50 0
500 0
501 0
502 0
503 0
504 0
505 0
506 0
507 0
508 0
509 0
51 0
510 0
511 0
512 0
513 0
514 0
515 0
516 0
517 0
518 0
519 0
52 0
520 0
521 0
522 0
523 0
524 0
525 0
526 0
527 0
528 0
529 0
53 0
530 0
531 0
532 0
533 0
534 0
535 0
536 0
537 0
538 0
539 0
54 0
540 0
541 0
542 0
543 0
544 0
545 0
546 0
547 0
548 0
549 0
55 0
550 0
551 0
552 0
553 0
554 0
555 0
556 0
557 0
558 0
559 0
56 0
560 0
561 0
562 0
563 0
564 0
565 0
566 0
567 0
568 0
569 0
57 0
570 0
571 0
572 0
573 0
574 0
575 0
576 0
577 0
578 0
579 0
58 0
580 0
581 0
582 0
583 0
584 0
585 0
586 0
587 0
588 0
589 0
59 0
590 0
591 0
592 0
593 0
594 0
595 0
596 0
597 0
598 0
599 0
6 0
60 0
600 0
601 0
602 0
603 0
604 0
605 0
606 0
607 0
608 0
609 0
61 0
610 0
611 0
612 0
613 0
614 0
615 0
616 0
617 0
62 0
63 0
64 0
65 0
66 0
67 0
68 0
69 0
7 0
70 0
71 0
72 0
73 0
74 0
75 0
76 0
77 0
78 0
79 0
8 0
80 0
81 0
82 0
83 0
84 0
85 0
86 0
87 0
88 0
89 0
9 0
90 0
91 0
92 0
93 0
94 0
95 0
96 0
97 0
98 0
99 0
0 0
1 0
10 0
100 0
101 0
102 0
103 0
104 0
105 0
106 0
107 0
108 0
109 0
11 0
110 0
111 0
112 0
113 0
114 0
115 0
116 0
117 0
118 0
119 0
12 0
120 0
121 0
122 0
123 0
124 0
125 0
126 0
127 0
128 0
129 0
13 0
130 0
131 0
132 0
133 0
134 0
135 0
136 0
137 0
138 0
139 0
14 0
140 0
141 0
142 0
143 0
144 0
145 0
146 0
147 0
148 0
149 0
15 0
150 0
151 0
152 0
153 0
154 0
155 0
156 0
157 0
158 0
159 0
16 0
160 0
161 0
162 0
163 0
164 0
165 0
166 0
167 0
168 0
169 0
17 0
170 0
171 0
172 0
173 0
174 0
175 0
176 0
177 0
178 0
179 0
18 0
180 0
181 0
182 0
183 0
184 0
185 0
186 0
187 0
188 0
189 0
19 0
190 0
191 0
192 0
193 0
194 0
195 0
196 0
197 0
198 0
199 0
2 0
20 0
200 0
201 0
202 0
203 0
204 0
205 0
206 0
207 0
208 0
209 0
21 0
210 0
211 0
212 0
213 0
214 0
215 0
216 0
217 0
218 0
219 0
22 0
220 0
221 0
222 0
223 0
224 0
225 0
226 0
227 0
228 0
229 0
23 0
230 0
231 0
232 0
233 0
234 0
235 0
236 0
237 0
238 0
239 0
24 0
240 0
241 0
242 0
243 0
244 0
245 0
246 0
247 0
248 0
249 0
25 0
250 0
251 0
252 0
253 0
254 0
255 0
256 0
257 0
258 0
259 0
26 0
260 0
261 0
262 0
263 0
264 0
265 0
266 0
267 0
268 0
269 0
27 0
270 0
271 0
272 0
273 0
274 0
275 0
276 0
277 0
278 0
279 0
28 0
280 0
281 0
282 0
283 0
284 0
285 0
286 0
287 0
288 0
289 0
29 0
290 0
291 0
292 0
293 0
294 0
295 0
296 0
297 0
298 0
299 0
3 0
30 0
300 0
301 0
302 0
303 0
304 0
305 0
306 0
307 0
308 0
309 0
31 0
310 0
311 0
312 0
313 0
314 0
315 0
316 0
317 0
318 0
319 0
32 0
320 0
321 0
322 0
323 0
324 0
325 0
326 0
327 0
328 0
329 0
33 0
330 0
331 0
332 0
333 0
334 0
335 0
336 0
337 0
338 0
339 0
34 0
340 0
341 0
342 0
343 0
344 0
345 0
346 0
347 0
348 0
349 0
35 0
350 0
351 0
352 0
353 0
354 0
355 0
356 0
357 0
358 0
359 0
36 0
360 0
361 0
362 0
363 0
364 0
365 0
366 0
367 0
368 0
369 0
37 0
370 0
371 0
372 0
373 0
374 0
375 0
376 0
377 0
378 0
379 0
38 0
380 0
381 0
382 0
383 0
384 0
385 0
386 0
387 0
388 0
389 0
39 0
390 0
391 0
392 0
393 0
394 0
395 0
396 0
397 0
398 0
399 0
4 0
40 0
400 0
401 0
402 0
403 0
404 0
405 0
406 0
407 0
408 0
409 0
41 0
410 0
411 0
412 0
413 0
414 0
415 0
416 0
417 0
418 0
419 0
42 0
420 0
421 0
422 0
423 0
424 0
425 0
426 0
427 0
428 0
429 0
43 0
430 0
431 0
432 0
433 0
434 0
435 0
436 0
437 0
438 0
439 0
44 0
440 0
441 0
442 0
443 0
444 0
445 0
446 0
447 0
448 0
449 0
45 0
450 0
451 0
452 0
453 0
454 0
455 0
456 0
457 0
458 0
459 0
46 0
460 0
461 0
462 0
463 0
464 0
465 0
466 0
467 0
468 0
469 0
47 0
470 0
471 0
472 0
473 0
474 0
475 0
476 0
477 0
478 0
479 0
48 0
480 0
481 0
482 0
483 0
484 0
485 0
486 0
487 0
488 0
489 0
49 0
490 0
491 0
492 0
493 0
494 0
495 0
496 0
497 0
498 0
499 0
5 0
50 0
500 0
501 0
502 0
503 0
504 0
505 0
506 0
507 0
508 0
509 0
51 0
510 0
511 0
512 0
513 0
514 0
515 0
516 0
517 0
518 0
519 0
52 0
520 0
521 0
522 0
523 0
524 0
525 0
526 0
527 0
528 0
529 0
53 0
530 0
531 0
532 0
533 0
534 0
535 0
536 0
537 0
538 0
539 0
54 0
540 0
541 0
542 0
543 0
544 0
545 0
546 0
547 0
548 0
549 0
55 0
550 0
551 0
552 0
553 0
554 0
555 0
556 0
557 0
558 0
559 0
56 0
560 0
561 0
562 0
563 0
564 0
565 0
566 0
567 0
568 0
569 0
57 0
570 0
571 0
572 0
573 0
574 0
575 0
576 0
577 0
578 0
579 0
58 0
580 0
581 0
582 0
583 0
584 0
585 0
586 0
587 0
588 0
589 0
59 0
590 0
591 0
592 0
593 0
594 0
595 0
596 0
597 0
598 0
599 0
6 0
60 0
600 0
601 0
602 0
603 0
604 0
605 0
606 0
607 0
608 0
609 0
61 0
610 0
611 0
612 0
613 0
614 0
615 0
616 0
617 0
62 0
63 0
64 0
65 0
66 0
67 0
68 0
69 0
7 0
70 0
71 0
72 0
73 0
74 0
75 0
76 0
77 0
78 0
79 0
8 0
80 0
81 0
82 0
83 0
84 0
85 0
86 0
87 0
88 0
89 0
9 0
90 0
91 0
92 0
93 0
94 0
95 0
96 0
97 0
98 0
99 0
0 0
1 0
10 0
100 0
101 0
102 0
103 0
104 0
105 0
106 0
107 0
108 0
109 0
11 0
110 0
111 0
112 0
113 0
114 0
115 0
116 0
117 0
118 0
119 0
12 0
120 0
121 0
122 0
123 0
124 0
125 0
126 0
127 0
128 0
129 0
13 0
130 0
131 0
132 0
133 0
134 0
135 0
136 0
137 0
138 0
139 0
14 0
140 0
141 0
142 0
143 0
144 0
145 0
146 0
147 0
148 0
149 0
15 0
150 0
151 0
152 0
153 0
154 0
155 0
156 0
157 0
158 0
159 0
16 0
160 0
161 0
162 0
163 0
164 0
165 0
166 0
167 0
168 0
169 0
17 0
170 0
171 0
172 0
173 0
174 0
175 0
176 0
177 0
178 0
179 0
18 0
180 0
181 0
182 0
183 0
184 0
185 0
186 0
187 0
188 0
189 0
19 0
190 0
191 0
192 0
193 0
194 0
195 0
196 0
197 0
198 0
199 0
2 0
20 0
200 0
201 0
202 0
203 0
204 0
205 0
206 0
207 0
208 0
209 0
21 0
210 0
211 0
212 0
213 0
214 0
215 0
216 0
217 0
218 0
219 0
22 0
220 0
221 0
222 0
223 0
224 0
225 0
226 0
227 0
228 0
229 0
23 0
230 0
231 0
232 0
233 0
234 0
235 0
236 0
237 0
238 0
239 0
24 0
240 0
241 0
242 0
243 0
244 0
245 0
246 0
247 0
248 0
249 0
25 0
250 0
251 0
252 0
253 0
254 0
255 0
256 0
257 0
258 0
259 0
26 0
260 0
261 0
262 0
263 0
264 0
265 0
266 0
267 0
268 0
269 0
27 0
270 0
271 0
272 0
273 0
274 0
275 0
276 0
277 0
278 0
279 0
28 0
280 0
281 0
282 0
283 0
284 0
285 0
286 0
287 0
288 0
289 0
29 0
290 0
291 0
292 0
293 0
294 0
295 0
296 0
297 0
298 0
299 0
3 0
30 0
300 0
301 0
302 0
303 0
304 0
305 0
306 0
307 0
308 0
309 0
31 0
310 0
311 0
312 0
313 0
314 0
315 0
316 0
317 0
318 0
319 0
32 0
320 0
321 0
322 0
323 0
324 0
325 0
326 0
327 0
328 0
329 0
33 0
330 0
331 0
332 0
333 0
334 0
335 0
336 0
337 0
338 0
339 0
34 0
340 0
341 0
342 0
343 0
344 0
345 0
346 0
347 0
348 0
349 0
35 0
350 0
351 0
352 0
353 0
354 0
355 0
356 0
357 0
358 0
359 0
36 0
360 0
361 0
362 0
363 0
364 0
365 0
366 0
367 0
368 0
369 0
37 0
370 0
371 0
372 0
373 0
374 0
375 0
376 0
377 0
378 0
379 0
38 0
380 0
381 0
382 0
383 0
384 0
385 0
386 0
387 0
388 0
389 0
39 0
390 0
391 0
392 0
393 0
394 0
395 0
396 0
397 0
398 0
399 0
4 0
40 0
400 0
401 0
402 0
403 0
404 0
405 0
406 0
407 0
408 0
409 0
41 0
410 0
411 0
412 0
413 0
414 0
415 0
416 0
417 0
418 0
419 0
42 0
420 0
421 0
422 0
423 0
424 0
425 0
426 0
427 0
428 0
429 0
43 0
430 0
431 0
432 0
433 0
434 0
435 0
436 0
437 0
438 0
439 0
44 0
440 0
441 0
442 0
443 0
444 0
445 0
446 0
447 0
448 0
449 0
45 0
450 0
451 0
452 0
453 0
454 0
455 0
456 0
457 0
458 0
459 0
46 0
460 0
461 0
462 0
463 0
464 0
465 0
466 0
467 0
468 0
469 0
47 0
470 0
471 0
472 0
473 0
474 0
475 0
476 0
477 0
478 0
479 0
48 0
480 0
481 0
482 0
483 0
484 0
485 0
486 0
487 0
488 0
489 0
49 0
490 0
491 0
492 0
493 0
494 0
495 0
496 0
497 0
498 0
499 0
5 0
50 0
500 0
501 0
502 0
503 0
504 0
505 0
506 0
507 0
508 0
509 0
51 0
510 0
511 0
512 0
513 0
514 0
515 0
516 0
517 0
518 0
519 0
52 0
520 0
521 0
522 0
523 0
524 0
525 0
526 0
527 0
528 0
529 0
53 0
530 0
531 0
532 0
533 0
534 0
535 0
536 0
537 0
538 0
539 0
54 0
540 0
541 0
542 0
543 0
544 0
545 0
546 0
547 0
548 0
549 0
55 0
550 0
551 0
552 0
553 0
554 0
555 0
556 0
557 0
558 0
559 0
56 0
560 0
561 0
562 0
563 0
564 0
565 0
566 0
567 0
568 0
569 0
57 0
570 0
571 0
572 0
573 0
574 0
575 0
576 0
577 0
578 0
579 0
58 0
580 0
581 0
582 0
583 0
584 0
585 0
586 0
587 0
588 0
589 0
59 0
590 0
591 0
592 0
593 0
594 0
595 0
596 0
597 0
598 0
599 0
6 0
60 0
600 0
601 0
602 0
603 0
604 0
605 0
606 0
607 0
608 0
609 0
61 0
610 0
611 0
612 0
613 0
614 0
615 0
616 0
617 0
62 0
63 0
64 0
65 0
66 0
67 0
68 0
69 0
7 0
70 0
71 0
72 0
73 0
74 0
75 0
76 0
77 0
78 0
79 0
8 0
80 0
81 0
82 0
83 0
84 0
85 0
86 0
87 0
88 0
89 0
9 0
90 0
91 0
92 0
93 0
94 0
95 0
96 0
97 0
98 0
99 0
0 0
1 0
10 0
100 0
101 0
102 0
103 0
104 0
105 0
106 0
107 0
108 0
109 0
11 0
110 0
111 0
112 0
113 0
114 0
115 0
116 0
117 0
118 0
119 0
12 0
120 0
121 0
122 0
123 0
124 0
125 0
126 0
127 0
128 0
129 0
13 0
130 0
131 0
132 0
133 0
134 0
135 0
136 0
137 0
138 0
139 0
14 0
140 0
141 0
142 0
143 0
144 0
145 0
146 0
147 0
148 0
149 0
15 0
150 0
151 0
152 0
153 0
154 0
155 0
156 0
157 0
158 0
159 0
16 0
160 0
161 0
162 0
163 0
164 0
165 0
166 0
167 0
168 0
169 0
17 0
170 0
171 0
172 0
173 0
174 0
175 0
176 0
177 0
178 0
179 0
18 0
180 0
181 0
182 0
183 0
184 0
185 0
186 0
187 0
188 0
189 0
19 0
190 0
191 0
192 0
193 0
194 0
195 0
196 0
197 0
198 0
199 0
2 0
20 0
200 0
201 0
202 0
203 0
204 0
205 0
206 0
207 0
208 0
209 0
21 0
210 0
211 0
212 0
213 0
214 0
215 0
216 0
217 0
218 0
219 0
22 0
220 0
221 0
222 0
223 0
224 0
225 0
226 0
227 0
228 0
229 0
23 0
230 0
231 0
232 0
233 0
234 0
235 0
236 0
237 0
238 0
239 0
24 0
240 0
241 0
242 0
243 0
244 0
245 0
246 0
247 0
248 0
249 0
25 0
250 0
251 0
252 0
253 0
254 0
255 0
256 0
257 0
258 0
259 0
26 0
260 0
261 0
262 0
263 0
264 0
265 0
266 0
267 0
268 0
269 0
27 0
270 0
271 0
272 0
273 0
274 0
275 0
276 0
277 0
278 0
279 0
28 0
280 0
281 0
282 0
283 0
284 0
285 0
286 0
287 0
288 0
289 0
29 0
290 0
291 0
292 0
293 0
294 0
295 0
296 0
297 0
298 0
299 0
3 0
30 0
300 0
301 0
302 0
303 0
304 0
305 0
306 0
307 0
308 0
309 0
31 0
310 0
311 0
312 0
313 0
314 0
315 0
316 0
317 0
318 0
319 0
32 0
320 0
321 0
322 0
323 0
324 0
325 0
326 0
327 0
328 0
329 0
33 0
330 0
331 0
332 0
333 0
334 0
335 0
336 0
337 0
338 0
339 0
34 0
340 0
341 0
342 0
343 0
344 0
345 0
346 0
347 0
348 0
349 0
35 0
350 0
351 0
352 0
353 0
354 0
355 0
356 0
357 0
358 0
359 0
36 0
360 0
361 0
362 0
363 0
364 0
365 0
366 0
367 0
368 0
369 0
37 0
370 0
371 0
372 0
373 0
374 0
375 0
376 0
377 0
378 0
379 0
38 0
380 0
381 0
382 0
383 0
384 0
385 0
386 0
387 0
388 0
389 0
39 0
390 0
391 0
392 0
393 0
394 0
395 0
396 0
397 0
398 0
399 0
4 0
40 0
400 0
401 0
402 0
403 0
404 0
405 0
406 0
407 0
408 0
409 0
41 0
410 0
411 0
412 0
413 0
414 0
415 0
416 0
417 0
418 0
419 0
42 0
420 0
421 0
422 0
423 0
424 0
425 0
426 0
427 0
428 0
429 0
43 0
430 0
431 0
432 0
433 0
434 0
435 0
436 0
437 0
438 0
439 0
44 0
440 0
441 0
442 0
443 0
444 0
445 0
446 0
447 0
448 0
449 0
45 0
450 0
451 0
452 0
453 0
454 0
455 0
456 0
457 0
458 0
459 0
46 0
460 0
461 0
462 0
463 0
464 0
465 0
466 0
467 0
468 0
469 0
47 0
470 0
471 0
472 0
473 0
474 0
475 0
476 0
477 0
478 0
479 0
48 0
480 0
481 0
482 0
483 0
484 0
485 0
486 0
487 0
488 0
489 0
49 0
490 0
491 0
492 0
493 0
494 0
495 0
496 0
497 0
498 0
499 0
5 0
50 0
500 0
501 0
502 0
503 0
504 0
505 0
506 0
507 0
508 0
509 0
51 0
510 0
511 0
512 0
513 0
514 0
515 0
516 0
517 0
518 0
519 0
52 0
520 0
521 0
522 0
523 0
524 0
525 0
526 0
527 0
528 0
529 0
53 0
530 0
531 0
532 0
533 0
534 0
535 0
536 0
537 0
538 0
539 0
54 0
540 0
541 0
542 0
543 0
544 0
545 0
546 0
547 0
548 0
549 0
55 0
550 0
551 0
552 0
553 0
554 0
555 0
556 0
557 0
558 0
559 0
56 0
560 0
561 0
562 0
563 0
564 0
565 0
566 0
567 0
568 0
569 0
57 0
570 0
571 0
572 0
573 0
574 0
575 0
576 0
577 0
578 0
579 0
58 0
580 0
581 0
582 0
583 0
584 0
585 0
586 0
587 0
588 0
589 0
59 0
590 0
591 0
592 0
593 0
594 0
595 0
596 0
597 0
598 0
599 0
6 0
60 0
600 0
601 0
602 0
603 0
604 0
605 0
606 0
607 0
608 0
609 0
61 0
610 0
611 0
612 0
613 0
614 0
615 0
616 0
617 0
618 0
619 0
62 0
620 0
621 0
622 0
623 0
624 0
625 0
626 0
627 0
628 0
629 0
63 0
630 0
631 0
632 0
633 0
64 0
65 0
66 0
67 0
68 0
69 0
7 0
70 0
71 0
72 0
73 0
74 0
75 0
76 0
77 0
78 0
79 0
8 0
80 0
81 0
82 0
83 0
84 0
85 0
86 0
87 0
88 0
89 0
9 0
90 0
91 0
92 0
93 0
94 0
95 0
96 0
97 0
98 0
99 0
0 0
1 0
10 0
100 0
101 0
102 0
103 0
104 0
105 0
106 0
107 0
108 0
109 0
11 0
110 0
111 0
112 0
113 0
114 0
115 0
116 0
117 0
118 0
119 0
12 0
120 0
121 0
122 0
123 0
124 0
125 0
126 0
127 0
128 0
129 0
13 0
130 0
131 0
132 0
133 0
134 0
135 0
136 0
137 0
138 0
139 0
14 0
140 0
141 0
142 0
143 0
144 0
145 0
146 0
147 0
148 0
149 0
15 0
150 0
151 0
152 0
153 0
154 0
155 0
156 0
157 0
158 0
159 0
16 0
160 0
161 0
162 0
163 0
164 0
165 0
166 0
167 0
168 0
169 0
17 0
170 0
171 0
172 0
173 0
174 0
175 0
176 0
177 0
178 0
179 0
18 0
180 0
181 0
182 0
183 0
184 0
185 0
186 0
187 0
188 0
189 0
19 0
190 0
191 0
192 0
193 0
194 0
195 0
196 0
197 0
198 0
199 0
2 0
20 0
200 0
201 0
202 0
203 0
204 0
205 0
206 0
207 0
208 0
209 0
21 0
210 0
211 0
212 0
213 0
214 0
215 0
216 0
217 0
218 0
219 0
22 0
220 0
221 0
222 0
223 0
224 0
225 0
226 0
227 0
228 0
229 0
23 0
230 0
231 0
232 0
233 0
234 0
235 0
236 0
237 0
238 0
239 0
24 0
240 0
241 0
242 0
243 0
244 0
245 0
246 0
247 0
248 0
249 0
25 0
250 0
251 0
252 0
253 0
254 0
255 0
256 0
257 0
258 0
259 0
26 0
260 0
261 0
262 0
263 0
264 0
265 0
266 0
267 0
268 0
269 0
27 0
270 0
271 0
272 0
273 0
274 0
275 0
276 0
277 0
278 0
279 0
28 0
280 0
281 0
282 0
283 0
284 0
285 0
286 0
287 0
288 0
289 0
29 0
290 0
291 0
292 0
293 0
294 0
295 0
296 0
297 0
298 0
299 0
3 0
30 0
300 0
301 0
302 0
303 0
304 0
305 0
306 0
307 0
308 0
309 0
31 0
310 0
311 0
312 0
313 0
314 0
315 0
316 0
317 0
318 0
319 0
32 0
320 0
321 0
322 0
323 0
324 0
325 0
326 0
327 0
328 0
329 0
33 0
330 0
331 0
332 0
333 0
334 0
335 0
336 0
337 0
338 0
339 0
34 0
340 0
341 0
342 0
343 0
344 0
345 0
346 0
347 0
348 0
349 0
35 0
350 0
351 0
352 0
353 0
354 0
355 0
356 0
357 0
358 0
359 0
36 0
360 0
361 0
362 0
363 0
364 0
365 0
366 0
367 0
368 0
369 0
37 0
370 0
371 0
372 0
373 0
374 0
375 0
376 0
377 0
378 0
379 0
38 0
380 0
381 0
382 0
383 0
384 0
385 0
386 0
387 0
388 0
389 0
39 0
390 0
391 0
392 0
393 0
394 0
395 0
396 0
397 0
398 0
399 0
4 0
40 0
400 0
401 0
402 0
403 0
404 0
405 0
406 0
407 0
408 0
409 0
41 0
410 0
411 0
412 0
413 0
414 0
415 0
416 0
417 0
418 0
419 0
42 0
420 0
421 0
422 0
423 0
424 0
425 0
426 0
427 0
428 0
429 0
43 0
430 0
431 0
432 0
433 0
434 0
435 0
436 0
437 0
438 0
439 0
44 0
440 0
441 0
442 0
443 0
444 0
445 0
446 0
447 0
448 0
449 0
45 0
450 0
451 0
452 0
453 0
454 0
455 0
456 0
457 0
458 0
459 0
46 0
460 0
461 0
462 0
463 0
464 0
465 0
466 0
467 0
468 0
469 0
47 0
470 0
471 0
472 0
473 0
474 0
475 0
476 0
477 0
478 0
479 0
48 0
480 0
481 0
482 0
483 0
484 0
485 0
486 0
487 0
488 0
489 0
49 0
490 0
491 0
492 0
493 0
494 0
495 0
496 0
497 0
498 0
499 0
5 0
50 0
500 0
501 0
502 0
503 0
504 0
505 0
506 0
507 0
508 0
509 0
51 0
510 0
511 0
512 0
513 0
514 0
515 0
516 0
517 0
518 0
519 0
52 0
520 0
521 0
522 0
523 0
524 0
525 0
526 0
527 0
528 0
529 0
53 0
530 0
531 0
532 0
533 0
534 0
535 0
536 0
537 0
538 0
539 0
54 0
540 0
541 0
542 0
543 0
544 0
545 0
546 0
547 0
548 0
549 0
55 0
550 0
551 0
552 0
553 0
554 0
555 0
556 0
557 0
558 0
559 0
56 0
560 0
561 0
562 0
563 0
564 0
565 0
566 0
567 0
568 0
569 0
57 0
570 0
571 0
572 0
573 0
574 0
575 0
576 0
577 0
578 0
579 0
58 0
580 0
581 0
582 0
583 0
584 0
585 0
586 0
587 0
588 0
589 0
59 0
590 0
591 0
592 0
593 0
594 0
595 0
596 0
597 0
598 0
599 0
6 0
60 0
600 0
601 0
602 0
603 0
604 0
605 0
606 0
607 0
608 0
609 0
61 0
610 0
611 0
612 0
613 0
614 0
615 0
616 0
617 0
618 0
619 0
62 0
620 0
621 0
622 0
623 0
624 0
625 0
626 0
627 0
628 0
629 0
63 0
64 0
65 0
66 0
67 0
68 0
69 0
7 0
70 0
71 0
72 0
73 0
74 0
75 0
76 0
77 0
78 0
79 0
8 0
80 0
81 0
82 0
83 0
84 0
85 0
86 0
87 0
88 0
89 0
9 0
90 0
91 0
92 0
93 0
94 0
95 0
96 0
97 0
98 0
99 0
102 0
103 0
105 0
106 0
108 0
109 0
119 0
12 0
120 0
126 0
127 0
13 0
131 0
132 0
136 0
137 0
147 0
148 0
149 0
15 0
150 0
153 0
154 0
156 0
157 0
16 0
161 0
162 0
165 0
166 0
172 0
173 0
174 0
175 0
18 0
180 0
181 0
184 0
185 0
19 0
190 0
191 0
209 0
21 0
210 0
213 0
214 0
216 0
217 0
22 0
221 0
222 0
227 0
228 0
229 0
230 0
246 0
247 0
249 0
250 0
261 0
262 0
266 0
267 0
27 0
273 0
274 0
277 0
278 0
28 0
29 0
293 0
294 0
296 0
297 0
3 0
30 0
303 0
304 0
305 0
306 0
310 0
311 0
315 0
316 0
317 0
318 0
321 0
322 0
328 0
329 0
342 0
343 0
346 0
347 0
35 0
357 0
358 0
36 0
367 0
368 0
374 0
375 0
378 0
379 0
380 0
381 0
382 0
383 0
390 0
391 0
395 0
396 0
399 0
4 0
400 0
406 0
407 0
408 0
409 0
410 0
411 0
414 0
415 0
418 0
419 0
426 0
427 0
428 0
429 0
431 0
432 0
436 0
437 0
438 0
439 0
443 0
444 0
445 0
446 0
449 0
450 0
451 0
452 0
454 0
455 0
461 0
462 0
464 0
465 0
470 0
471 0
474 0
475 0
476 0
477 0
484 0
485 0
496 0
497 0
498 0
499 0
500 0
501 0
505 0
506 0
507 0
508 0
513 0
514 0
519 0
52 0
520 0
521 0
522 0
527 0
528 0
529 0
53 0
530 0
531 0
532 0
537 0
538 0
545 0
546 0
548 0
549 0
552 0
553 0
556 0
557 0
568 0
569 0
570 0
571 0
578 0
579 0
586 0
587 0
589 0
590 0
591 0
592 0
593 0
594 0
596 0
597 0
598 0
599 0
6 0
607 0
608 0
610 0
611 0
615 0
616 0
618 0
619 0
634 0
635 0
639 0
640 0
646 0
647 0
65 0
650 0
651 0
66 0
671 0
672 0
676 0
677 0
682 0
683 0
693 0
694 0
696 0
697 0
7 0
700 0
701 0
702 0
703 0
705 0
706 0
713 0
714 0
720 0
721 0
723 0
724 0
725 0
726 0
728 0
729 0
731 0
732 0
736 0
737 0
738 0
739 0
74 0
740 0
741 0
747 0
748 0
75 0
754 0
755 0
761 0
762 0
77 0
78 0
82 0
83 0
85 0
86 0
89 0
90 0
96 0
97 0
102 1
103 473
105 3
106 473
108 471
109 471
119 4
12 438
120 469
126 461
127 468
13 490
131 0
132 468
136 468
137 122
147 96
148 465
149 465
15 490
150 465
153 463
154 465
156 0
157 465
16 490
161 0
162 464
165 413
166 464
172 428
173 462
174 11
175 462
18 490
180 0
181 462
184 414
185 23
19 490
190 416
191 440
209 79
21 45
210 461
213 11
214 461
216 0
217 461
22 490
221 430
222 428
227 0
228 93
229 21
230 459
246 421
247 458
249 458
250 458
261 2
262 457
266 456
267 457
27 483
273 457
274 457
277 33
278 457
28 3
29 3
293 455
294 89
296 455
297 455
3 10
30 489
303 26
304 452
305 21
306 453
310 452
311 453
315 452
316 453
317 36
318 453
321 0
322 387
328 301
329 444
342 215
343 452
346 0
347 451
35 488
357 395
358 451
36 482
367 0
368 444
374 0
375 6
378 451
379 17
380 174
381 450
382 175
383 450
390 429
391 449
395 0
396 448
399 448
4 494
400 439
406 446
407 446
408 119
409 446
410 14
411 446
414 61
415 446
418 0
419 446
426 446
427 30
428 7
429 446
431 1
432 445
436 245
437 418
438 102
439 445
443 0
444 437
445 444
446 444
449 1
450 444
451 17
452 444
454 144
455 444
461 437
462 443
464 0
465 443
470 9
471 443
474 0
475 127
476 274
477 443
484 443
485 2
496 0
497 9
498 104
499 442
500 25
501 442
505 442
506 442
507 3
508 441
513 19
514 439
519 429
52 6
520 406
521 22
522 438
527 405
528 437
529 86
53 484
530 437
531 85
532 436
537 0
538 436
545 7
546 436
548 45
549 435
552 434
553 435
556 435
557 435
568 434
569 434
570 0
571 434
578 394
579 433
586 0
587 91
589 2
590 433
591 7
592 433
593 20
594 433
596 433
597 433
598 421
599 433
6 427
607 0
608 433
610 7
611 432
615 386
616 37
618 430
619 433
634 300
635 430
639 429
640 429
646 429
647 429
65 471
650 0
651 42
66 380
671 0
672 38
676 69
677 427
682 427
683 427
693 347
694 1
696 408
697 425
7 492
700 60
701 425
702 36
703 425
705 424
706 425
713 425
714 109
720 388
721 425
723 12
724 425
725 3
726 425
728 408
729 425
731 425
732 368
736 0
737 425
738 10
739 425
74 323
740 0
741 425
747 418
748 346
75 417
754 395
755 424
761 125
762 423
77 476
78 476
82 398
83 474
85 452
86 474
89 61
90 474
96 0
97 473
10 999
106 987
107 999
108 8
109 999
112 999
113 15
114 925
115 999
116 2
117 999
118 1
119 999
12 10
122 988
123 997
124 10
125 999
128 18
129 999
13 999
132 0
133 999
136 105
137 999
143 3
144 999
149 943
15 102
150 999
152 997
153 999
157 999
158 999
16 999
160 4
161 999
166 0
167 1
169 999
17 999
170 999
171 12
172 999
173 918
174 999
178 426
179 999
18 999
181 935
182 999
183 0
184 999
187 0
188 999
189 2
190 999
192 930
193 999
203 999
204 998
205 998
206 999
210 999
211 999
213 0
214 999
219 998
220 993
224 998
225 989
227 999
228 999
230 1
231 999
239 0
240 999
243 875
244 999
247 999
248 999
250 183
251 999
252 254
253 999
254 994
255 999
26 0
260 6
261 999
264 994
265 996
27 28
271 999
272 999
273 999
274 999
279 0
280 999
283 963
284 999
287 928
288 579
291 991
292 999
294 900
295 999
298 675
299 996
307 964
308 997
309 3
31 211
310 999
312 989
313 999
318 999
319 1
32 999
325 992
326 999
328 1
329 999
331 999
332 999
349 999
350 999
354 11
355 999
356 0
357 999
370 147
371 999
375 915
376 0
38 2
380 0
381 999
386 999
387 999
388 856
389 999
39 999
398 999
399 999
4 114
402 0
403 999
405 989
406 711
409 999
41 0
410 999
411 905
412 999
415 999
416 999
417 941
418 999
42 999
424 916
425 999
430 980
431 999
433 999
434 999
440 0
441 878
444 9
445 999
451 0
452 859
453 842
454 999
459 2
460 999
464 8
465 999
468 1
469 999
473 999
474 999
480 0
481 0
484 999
485 999
487 15
488 999
49 999
494 3
495 999
496 0
497 999
499 999
5 999
50 102
500 999
502 999
503 999
506 12
507 999
512 999
513 999
519 0
520 998
527 10
528 999
539 999
540 15
543 999
544 7
546 999
547 999
559 0
560 999
562 167
563 999
566 0
567 999
569 932
570 999
571 890
572 999
573 0
574 999
586 999
587 999
588 521
589 999
592 140
593 999
596 0
597 999
600 999
601 999
604 1
605 999
607 999
608 999
610 999
611 999
616 0
617 999
622 999
623 12
634 999
635 999
644 943
645 999
647 999
648 18
661 0
662 999
668 991
669 999
672 999
673 999
674 174
675 999
69 0
70 4
71 991
72 999
77 20
78 999
80 999
81 999
84 881
85 999
86 819
87 999
89 999
9 0
90 999
92 182
93 999
94 932
95 999
97 9
98 999
10 999
106 987
107 999
108 8
109 999
112 999
113 15
114 925
115 999
116 2
117 999
118 1
119 999
12 10
122 988
123 997
124 10
125 999
128 18
129 999
13 999
132 0
133 999
136 105
137 999
143 3
144 999
149 943
15 102
150 999
152 997
153 999
157 999
158 999
16 999
160 4
161 999
166 0
167 1
169 999
17 999
170 999
171 12
172 999
173 918
174 999
178 426
179 999
18 999
181 935
182 999
183 0
184 999
187 0
188 999
189 2
190 999
192 930
193 999
203 999
204 998
205 998
206 999
210 999
211 999
213 0
214 999
219 998
220 993
224 998
225 989
227 999
228 999
230 1
231 999
239 0
240 999
243 875
244 999
247 999
248 999
250 183
251 999
252 254
253 999
254 994
255 999
26 0
260 6
261 999
264 994
265 996
27 28
271 999
272 999
273 999
274 999
279 0
280 999
283 963
284 999
287 928
288 579
291 991
292 999
294 900
295 999
298 675
299 996
307 964
308 997
309 3
31 211
310 999
312 989
313 999
318 999
319 1
32 999
325 992
326 999
328 1
329 999
331 999
332 999
349 999
350 999
354 11
355 999
356 0
357 999
370 147
371 999
375 915
376 0
38 2
380 0
381 999
386 999
387 999
388 856
389 999
39 999
398 999
399 999
4 114
402 0
403 999
405 989
406 711
409 999
41 0
410 999
411 905
412 999
415 999
416 999
417 941
418 999
42 999
424 916
425 999
430 980
431 999
433 999
434 999
440 0
441 878
444 9
445 999
451 0
452 859
453 842
454 999
459 2
460 999
464 8
465 999
468 1
469 999
473 999
474 999
480 0
481 0
484 999
485 999
487 15
488 999
49 999
494 3
495 999
496 0
497 999
499 999
5 999
50 102
500 999
502 999
503 999
506 12
507 999
512 999
513 999
519 0
520 998
527 10
528 999
539 999
540 15
543 999
544 7
546 999
547 999
559 0
560 999
562 167
563 999
566 0
567 999
569 932
570 999
571 890
572 999
573 0
574 999
586 999
587 999
588 521
589 999
592 140
593 999
596 0
597 999
600 999
601 999
604 1
605 999
607 999
608 999
610 999
611 999
616 0
617 999
622 999
623 12
634 999
635 999
644 943
645 999
647 999
648 18
661 0
662 999
668 991
669 999
672 999
673 999
674 174
675 999
69 0
70 4
71 991
72 999
77 20
78 999
80 999
81 999
84 881
85 999
86 819
87 999
89 999
9 0
90 999
92 182
93 999
94 932
95 999
97 9
98 999
10 0
100 984
101 973
102 0
103 984
106 984
107 839
11 990
110 2
111 984
115 1
116 983
118 1
119 984
120 3
121 983
124 979
125 982
13 991
133 982
134 981
139 9
14 991
140 980
15 122
152 14
153 979
159 979
16 991
160 972
161 4
162 979
164 978
165 979
168 979
169 979
176 10
177 978
187 976
188 949
190 949
191 976
192 55
193 976
195 0
196 976
197 18
198 976
203 0
204 29
207 2
208 973
209 918
210 973
216 0
217 973
221 0
222 973
224 906
225 973
229 972
23 991
230 9
239 971
24 34
240 970
242 253
243 970
244 24
245 970
248 964
249 970
251 970
252 970
253 83
254 970
257 0
258 967
26 0
261 16
262 968
269 0
27 990
270 967
271 2
272 968
274 968
275 956
277 968
278 968
281 0
282 968
289 3
29 990
290 968
291 7
292 968
293 2
294 968
295 903
296 968
299 23
30 989
300 967
302 1
303 967
308 0
309 967
31 372
313 0
314 958
319 1
32 989
320 967
321 16
322 967
324 940
325 967
327 840
328 967
335 967
336 967
337 967
338 967
342 967
343 967
346 0
347 967
35 0
351 0
352 967
353 2
354 967
36 987
365 23
366 967
372 834
373 967
375 1
376 967
377 964
378 967
380 90
381 967
382 882
383 967
384 80
385 967
386 25
387 967
388 39
389 967
390 141
391 967
392 3
393 967
394 912
395 966
397 963
398 966
399 896
4 118
400 965
404 891
405 28
410 965
411 965
415 22
416 965
419 718
420 9
422 946
423 965
427 27
428 965
43 986
431 0
432 965
433 804
434 965
44 986
440 965
441 965
443 2
444 965
445 4
446 965
449 965
450 965
451 956
452 965
455 955
456 965
464 0
465 965
467 964
468 964
470 964
471 964
473 21
474 964
477 20
478 964
48 860
480 787
481 964
482 964
483 964
488 964
489 964
49 896
490 29
491 964
492 22
493 964
494 0
495 964
497 682
498 964
5 995
500 4
501 964
502 16
503 964
516 0
517 963
518 913
519 963
52 3
524 963
525 491
527 963
528 963
53 986
532 963
533 891
535 69
536 963
537 0
538 963
539 963
540 963
541 946
542 963
544 963
545 880
548 6
549 963
550 962
551 961
552 0
553 961
556 19
557 959
564 141
565 959
566 24
567 959
569 937
57 0
570 959
572 959
573 959
577 959
578 959
579 955
58 983
580 959
581 958
582 959
587 79
588 959
589 141
590 959
593 5
594 958
6 21
603 0
604 187
609 958
610 958
614 0
615 615
616 102
617 957
623 47
624 957
634 946
635 955
644 955
645 955
652 884
653 955
655 3
656 955
657 16
658 955
66 0
668 955
669 955
67 984
674 945
675 954
676 944
677 955
679 955
680 955
7 993
72 984
73 3
8 993
80 966
81 984
83 984
84 964
85 53
86 984
87 0
88 980
9 991
94 984
95 984
97 973
98 1
10 999
106 987
107 999
108 8
109 999
112 999
113 15
114 925
115 999
116 2
117 999
118 1
119 999
12 10
122 988
123 997
124 10
125 999
128 18
129 999
13 999
132 0
133 999
136 105
137 999
143 3
144 999
149 943
15 102
150 999
152 997
153 999
157 999
158 999
16 999
160 4
161 999
166 0
167 1
169 999
17 999
170 999
171 12
172 999
173 918
174 999
178 426
179 999
18 999
181 935
182 999
183 0
184 999
187 0
188 999
189 2
190 999
192 930
193 999
203 999
204 998
205 998
206 999
210 999
211 999
213 0
214 999
219 998
220 993
224 998
225 989
227 999
228 999
230 1
231 999
239 0
240 999
243 875
244 999
247 999
248 999
250 183
251 999
252 254
253 999
254 994
255 999
26 0
260 6
261 999
264 994
265 996
27 28
271 999
272 999
273 999
274 999
279 0
280 999
283 963
284 999
287 928
288 579
291 991
292 999
294 900
295 999
298 675
299 996
307 964
308 997
309 3
31 211
310 999
312 989
313 999
318 999
319 1
32 999
325 992
326 999
328 1
329 999
331 999
332 999
349 999
350 999
354 11
355 999
356 0
357 999
370 147
371 999
375 915
376 0
38 2
380 0
381 999
386 999
387 999
388 856
389 999
39 999
398 999
399 999
4 114
402 0
403 999
405 989
406 711
409 999
41 0
410 999
411 905
412 999
415 999
416 999
417 941
418 999
42 999
424 916
425 999
430 980
431 999
433 999
434 999
440 0
441 878
444 9
445 999
451 0
452 859
453 842
454 999
459 2
460 999
464 8
465 999
468 1
469 999
473 999
474 999
480 0
481 0
484 999
485 999
487 15
488 999
49 999
494 3
495 999
496 0
497 999
499 999
5 999
50 102
500 999
502 999
503 999
506 12
507 999
512 999
513 999
519 0
520 998
527 10
528 999
539 999
540 15
543 999
544 7
546 999
547 999
559 0
560 999
562 167
563 999
566 0
567 999
569 932
570 999
571 890
572 999
573 0
574 999
586 999
587 999
588 521
589 999
592 140
593 999
596 0
597 999
600 999
601 999
604 1
605 999
607 999
608 999
610 999
611 999
616 0
617 999
622 999
623 12
634 999
635 999
644 943
645 999
647 999
648 18
661 0
662 999
668 991
669 999
672 999
673 999
674 174
675 999
69 0
70 4
71 991
72 999
77 20
78 999
80 999
81 999
84 881
85 999
86 819
87 999
89 999
9 0
90 999
92 182
93 999
94 932
95 999
97 9
98 999
10 988
11 999
116 992
117 972
128 953
129 0
13 999
134 218
135 999
136 0
137 997
14 997
141 0
142 999
147 992
148 999
149 17
15 19
150 999
16 999
166 16
167 999
176 99
177 999
181 949
182 999
192 0
193 29
194 1
195 999
199 0
20 0
200 999
206 28
207 999
21 992
213 937
214 992
215 2
216 999
217 0
218 998
222 126
223 999
225 999
226 148
23 1
230 7
231 999
235 999
236 19
24 999
246 998
247 999
249 999
250 997
252 998
253 999
254 796
255 999
26 219
260 999
261 0
265 0
266 75
27 999
272 0
273 999
277 219
278 999
280 989
281 0
29 10
298 922
299 999
30 999
301 219
302 992
31 0
32 999
326 856
327 992
34 0
345 2
346 999
35 949
36 4
37 999
370 0
371 953
378 0
379 953
38 216
39 999
40 943
406 998
407 6
41 999
428 0
429 998
434 13
435 999
441 999
442 999
443 860
444 999
453 29
454 999
455 0
456 993
465 0
466 998
474 0
475 999
489 17
490 999
498 997
499 16
501 990
502 999
504 987
505 998
508 0
509 999
516 997
517 998
519 2
520 995
526 0
527 993
529 999
530 998
534 3
535 999
536 402
537 999
550 999
551 998
552 1
553 999
555 5
556 999
559 899
560 999
561 3
562 999
563 0
564 998
567 2
568 999
569 992
570 999
572 148
573 999
574 936
575 999
587 4
588 998
599 3
600 999
609 855
610 905
619 0
620 999
622 992
623 999
634 0
635 993
641 14
642 999
643 148
644 999
653 0
654 999
660 3
661 998
664 148
665 999
671 0
672 23
673 10
674 999
675 0
676 999
694 4
695 999
697 953
698 202
699 148
7 999
70 4
700 999
701 999
702 999
709 673
71 999
710 953
72 146
722 0
723 992
73 999
731 135
732 999
741 0
742 992
749 999
750 999
752 999
753 996
79 2
8 985
80 999
86 12
87 999
89 148
90 999
1 264
10 499
101 0
102 499
103 499
104 499
106 499
107 7
111 499
112 499
113 56
114 499
115 467
116 499
117 499
118 499
121 499
122 499
123 499
124 499
126 499
127 499
129 499
13 0
130 499
134 499
135 499
136 499
137 499
138 20
139 499
14 499
141 499
142 499
143 499
144 499
146 14
147 499
148 492
149 499
15 7
150 496
151 499
152 499
153 499
157 499
158 499
159 499
16 499
160 499
161 499
162 499
163 109
164 499
168 223
169 499
17 0
170 449
171 499
172 28
173 499
178 496
179 499
18 499
180 64
181 499
188 499
189 499
19 499
191 499
192 499
194 499
195 499
196 499
197 499
2 499
20 499
200 499
201 499
202 89
203 499
206 499
207 499
208 456
209 499
21 45
211 499
212 499
217 499
218 499
22 499
221 34
222 499
225 499
226 499
227 499
228 499
23 12
230 499
231 488
233 499
234 499
235 495
236 499
237 491
238 499
239 499
24 499
240 499
242 88
243 499
244 448
245 499
246 499
247 499
248 491
249 499
25 499
250 497
251 499
253 499
254 499
256 106
257 499
258 499
259 499
26 499
261 470
262 499
263 0
264 499
267 499
268 499
269 469
27 499
270 499
272 499
273 499
276 499
277 499
278 495
279 499
28 499
280 499
281 499
285 499
286 499
287 496
288 499
293 499
294 499
296 499
297 499
298 134
299 499
30 496
302 499
303 499
304 4
305 499
308 499
309 499
31 493
310 197
311 499
313 499
314 499
318 66
319 499
32 499
320 97
321 499
322 10
323 499
325 53
326 499
327 499
328 499
33 499
330 499
331 499
335 499
336 499
337 499
338 499
341 499
342 499
345 499
346 499
347 499
348 499
349 79
35 45
350 499
351 499
352 499
353 499
354 499
355 311
356 499
359 499
36 499
360 499
362 217
363 499
364 499
365 499
366 499
367 499
368 182
369 499
372 499
373 499
375 499
376 499
377 297
378 499
379 499
38 498
380 499
381 188
382 499
383 15
384 499
385 492
386 499
387 499
388 499
39 89
390 499
391 499
392 482
393 499
395 482
396 499
398 499
399 499
40 499
400 499
401 499
403 182
404 499
405 499
406 499
407 499
408 499
409 191
41 499
410 499
411 498
412 499
415 499
416 499
417 498
418 499
42 498
420 499
421 499
423 499
424 499
426 499
427 499
43 499
430 70
431 499
432 210
433 499
434 95
435 499
436 6
437 499
438 493
439 499
442 491
443 499
447 499
448 499
45 499
453 243
454 499
456 311
457 499
459 499
46 499
460 499
461 233
462 499
465 153
466 499
467 499
468 499
471 456
472 499
475 499
476 499
478 499
479 499
48 177
481 499
482 499
483 499
484 499
486 490
487 499
489 483
49 499
490 448
492 499
493 499
494 499
495 499
496 499
497 499
498 88
499 499
5 209
50 461
500 15
501 499
503 499
504 499
506 496
507 499
508 499
509 499
51 499
511 492
512 49
513 28
514 499
517 55
518 499
52 1
521 499
522 499
523 499
524 499
525 499
526 499
527 499
528 499
529 499
53 499
530 499
531 14
532 499
534 499
535 499
536 499
537 499
539 453
54 70
540 499
541 499
542 499
544 499
545 499
546 177
547 499
548 499
549 499
55 499
550 66
551 499
553 499
554 499
555 499
556 499
557 499
558 499
562 499
563 499
564 497
565 499
566 499
567 499
572 471
573 499
574 499
575 499
576 499
577 499
579 499
580 499
581 499
582 499
584 499
585 499
586 467
587 499
588 17
589 499
591 499
592 499
594 499
595 499
596 178
597 499
598 499
599 499
6 499
602 499
603 499
604 499
605 499
607 210
608 499
609 499
61 499
610 499
615 499
616 499
617 499
618 499
62 499
621 499
622 499
623 45
624 499
625 490
626 499
628 118
629 499
630 116
631 499
634 438
635 499
636 499
637 499
638 499
639 499
640 499
641 499
642 247
643 499
644 83
645 499
646 57
647 499
648 4
649 499
650 88
651 499
653 494
654 66
67 0
68 499
69 442
7 497
70 499
71 499
72 499
73 473
74 499
76 64
77 499
79 86
8 499
80 499
81 499
82 499
84 43
85 499
86 499
87 499
88 499
89 499
9 499
91 499
92 499
93 199
94 499
96 486
97 499
1 9999
100 9986
101 9999
102 9999
103 9999
105 151
106 9999
107 9955
108 9999
11 8416
110 9999
111 9999
113 9955
114 9999
117 9986
118 9999
119 9999
12 9999
120 9999
121 965
122 9999
123 911
124 9999
125 9973
126 9999
127 9969
128 9999
129 42
13 9999
130 9999
133 9999
134 9999
135 5218
136 9999
138 9955
139 9999
14 9999
140 7709
141 9999
142 9999
143 9999
144 9659
145 9999
147 9999
148 9999
149 9999
15 9999
150 9999
151 9948
152 9999
153 9999
154 9999
155 9997
156 9999
157 9897
158 9999
159 9999
16 9999
160 9999
162 9981
163 9999
164 9999
165 9999
166 9999
167 9999
169 9999
170 9999
171 54
172 9999
173 9999
174 9999
175 6107
176 9999
177 6921
178 9999
180 9903
181 9983
182 1377
183 9999
184 31
185 9999
186 7423
187 9999
189 8474
19 8538
190 9999
191 115
192 9999
193 9999
194 9999
195 18
196 9999
197 300
198 9999
199 6240
2 9999
20 9999
200 9999
201 9999
202 9999
203 6949
204 9999
205 6429
206 9999
207 1443
208 9999
209 9999
21 9999
210 9999
211 247
212 9999
214 9999
215 9999
217 905
218 9999
22 9999
220 9999
221 9999
222 9982
223 9999
224 9999
225 9999
226 9999
227 9999
228 8893
229 9999
230 9999
231 9999
232 1223
233 9999
236 284
237 9999
238 2
239 9999
24 3
240 9999
241 9999
242 9999
243 9999
244 1042
245 9999
246 9992
247 9999
248 9990
249 9999
25 9999
250 1038
251 9999
252 9999
253 9999
254 9979
255 9999
256 9999
257 9999
259 9999
260 9999
262 9999
263 9938
264 9999
265 9999
266 9999
267 9999
268 253
269 9999
27 65
270 9988
271 9999
272 9999
273 9999
275 9
276 9999
277 9990
278 9999
279 9999
28 9993
280 9999
281 4997
282 9999
283 27
284 9999
285 9999
286 9999
287 39
288 9999
289 8658
290 9999
292 9999
293 9551
298 9999
299 9999
30 0
301 9999
302 9997
304 8062
305 9999
309 9999
31 9999
310 9999
311 810
312 9999
314 967
315 9999
317 9999
318 9999
32 860
320 9624
321 9999
322 958
323 9999
325 9999
326 9999
327 9999
328 9999
329 943
33 9999
330 9999
331 9999
332 9999
333 9999
334 9999
335 9999
336 9999
339 9999
34 9959
340 9999
342 9999
343 9999
344 9940
345 9999
346 9999
347 9999
348 6051
349 9999
35 9999
350 9999
351 9999
352 192
353 9999
354 9992
355 9999
356 9999
357 9999
358 26
359 9999
36 9999
360 9975
361 9999
362 9999
363 9999
364 9999
365 9999
366 15
367 9999
368 9999
369 9999
37 9999
370 43
371 9999
373 0
374 9999
375 9999
376 9999
380 9999
381 9999
382 9999
383 9999
384 9999
385 9999
386 3
387 9999
388 4916
389 9999
391 0
392 9999
393 9999
394 9999
395 9999
396 9999
398 8420
399 9999
40 31
400 6803
401 9999
402 9940
403 9999
405 9999
406 9999
407 786
408 9999
409 8955
41 9999
410 9999
411 9757
412 9999
414 12
415 9999
416 9999
417 9999
418 9967
419 9999
42 700
420 9999
421 9999
422 9795
423 9999
424 0
425 9981
426 9999
427 9999
428 9972
429 9999
43 9999
430 9925
431 9999
434 0
435 9999
436 9169
437 9999
438 9999
439 9999
44 9999
440 838
441 9999
442 9999
443 9999
444 9999
445 9999
446 9529
447 9999
448 784
449 9999
45 9999
450 9999
451 9999
452 9999
453 9999
454 9046
455 9999
456 9999
457 9999
46 9999
462 5007
463 9999
464 4642
465 9999
466 9999
467 9999
468 253
469 9999
47 9999
470 5920
471 9999
472 9999
473 9999
475 9999
476 9999
479 6635
48 858
480 9999
481 29
482 9996
483 5032
484 9999
485 9999
486 9999
487 17
488 9999
489 36
49 9999
490 9999
491 317
492 9999
493 9999
494 9999
497 8730
498 9999
499 9921
500 9999
501 9433
502 9999
504 9999
505 9993
506 9999
507 9999
508 9999
509 9999
510 9999
511 9999
512 9892
513 9999
514 9999
515 9999
518 9999
519 9999
520 9999
521 9999
523 1
524 9999
525 608
526 9999
527 14
528 9999
530 9999
531 9999
533 0
534 9999
535 9999
536 9999
537 9999
538 9999
539 9999
540 9999
541 9748
542 9999
544 9999
545 9999
546 9999
547 9999
548 6255
549 9999
55 9999
553 9999
554 9999
556 1012
557 9999
559 457
56 9999
560 9999
561 9555
562 9999
563 9999
564 9999
567 6052
568 9999
569 5712
57 6309
570 9999
571 9898
572 9999
573 9999
574 9999
579 13
58 9999
580 9999
581 9999
582 9999
583 9
584 9995
585 9922
586 9999
587 9983
588 9999
589 2016
59 9999
590 9999
592 53
593 9999
594 9971
595 9999
596 161
597 9999
60 9999
600 9986
601 9999
602 6791
603 9999
604 9999
605 9999
607 9999
608 9999
61 48
610 0
611 9999
612 15
613 9999
62 9999
63 0
64 9999
66 328
67 9999
68 9999
69 9999
7 65
70 9999
71 9999
72 5776
73 9999
74 952
75 9999
76 9999
77 9999
78 9946
79 9999
8 9999
82 37
83 9999
84 9999
85 9999
86 9999
87 9999
88 5942
89 9999
92 6187
93 9999
94 9999
95 9999
96 9999
97 9999
98 7
99 9993
1 9999
100 9986
101 9999
102 9999
103 9999
105 151
106 9999
107 9955
108 9999
11 8416
110 9999
111 9999
113 9955
114 9999
117 9986
118 9999
119 9999
12 9999
120 9999
121 965
122 9999
123 911
124 9999
125 9973
126 9999
127 9969
128 9999
129 42
13 9999
130 9999
133 9999
134 9999
135 5218
136 9999
138 9955
139 9999
14 9999
140 7709
141 9999
142 9999
143 9999
144 9659
145 9999
147 9999
148 9999
149 9999
15 9999
150 9999
151 9948
152 9999
153 9999
154 9999
155 9997
156 9999
157 9897
158 9999
159 9999
16 9999
160 9999
162 9981
163 9999
164 9999
165 9999
166 9999
167 9999
169 9999
170 9999
171 54
172 9999
173 9999
174 9999
175 6107
176 9999
177 6921
178 9999
180 9903
181 9983
182 1377
183 9999
184 31
185 9999
186 7423
187 9999
189 8474
19 8538
190 9999
191 115
192 9999
193 9999
194 9999
195 18
196 9999
197 300
198 9999
199 6240
2 9999
20 9999
200 9999
201 9999
202 9999
203 6949
204 9999
205 6429
206 9999
207 1443
208 9999
209 9999
21 9999
210 9999
211 247
212 9999
214 9999
215 9999
217 905
218 9999
22 9999
220 9999
221 9999
222 9982
223 9999
224 9999
225 9999
226 9999
227 9999
228 8893
229 9999
230 9999
231 9999
232 1223
233 9999
236 284
237 9999
238 2
239 9999
24 3
240 9999
241 9999
242 9999
243 9999
244 1042
245 9999
246 9992
247 9999
248 9990
249 9999
25 9999
250 1038
251 9999
252 9999
253 9999
254 9979
255 9999
256 9999
257 9999
259 9999
260 9999
262 9999
263 9938
264 9999
265 9999
266 9999
267 9999
268 253
269 9999
27 65
270 9988
271 9999
272 9999
273 9999
275 9
276 9999
277 9990
278 9999
279 9999
28 9993
280 9999
281 4997
282 9999
283 27
284 9999
285 9999
286 9999
287 39
288 9999
289 8658
290 9999
292 9999
293 9551
298 9999
299 9999
30 0
301 9999
302 9997
304 8062
305 9999
309 9999
31 9999
310 9999
311 810
312 9999
314 967
315 9999
317 9999
318 9999
32 860
320 9624
321 9999
322 958
323 9999
325 9999
326 9999
327 9999
328 9999
329 943
33 9999
330 9999
331 9999
332 9999
333 9999
334 9999
335 9999
336 9999
339 9999
34 9959
340 9999
342 9999
343 9999
344 9940
345 9999
346 9999
347 9999
348 6051
349 9999
35 9999
350 9999
351 9999
352 192
353 9999
354 9992
355 9999
356 9999
357 9999
358 26
359 9999
36 9999
360 9975
361 9999
362 9999
363 9999
364 9999
365 9999
366 15
367 9999
368 9999
369 9999
37 9999
370 43
371 9999
373 0
374 9999
375 9999
376 9999
380 9999
381 9999
382 9999
383 9999
384 9999
385 9999
386 3
387 9999
388 4916
389 9999
391 0
392 9999
393 9999
394 9999
395 9999
396 9999
398 8420
399 9999
40 31
400 6803
401 9999
402 9940
403 9999
405 9999
406 9999
407 786
408 9999
409 8955
41 9999
410 9999
411 9757
412 9999
414 12
415 9999
416 9999
417 9999
418 9967
419 9999
42 700
420 9999
421 9999
422 9795
423 9999
424 0
425 9981
426 9999
427 9999
428 9972
429 9999
43 9999
430 9925
431 9999
434 0
435 9999
436 9169
437 9999
438 9999
439 9999
44 9999
440 838
441 9999
442 9999
443 9999
444 9999
445 9999
446 9529
447 9999
448 784
449 9999
45 9999
450 9999
451 9999
452 9999
453 9999
454 9046
455 9999
456 9999
457 9999
46 9999
462 5007
463 9999
464 4642
465 9999
466 9999
467 9999
468 253
469 9999
47 9999
470 5920
471 9999
472 9999
473 9999
475 9999
476 9999
479 6635
48 858
480 9999
481 29
482 9996
483 5032
484 9999
485 9999
486 9999
487 17
488 9999
489 36
49 9999
490 9999
491 317
492 9999
493 9999
494 9999
497 8730
498 9999
499 9921
500 9999
501 9433
502 9999
504 9999
505 9993
506 9999
507 9999
508 9999
509 9999
510 9999
511 9999
512 9892
513 9999
514 9999
515 9999
518 9999
519 9999
520 9999
521 9999
523 1
524 9999
525 608
526 9999
527 14
528 9999
530 9999
531 9999
533 0
534 9999
535 9999
536 9999
537 9999
538 9999
539 9999
540 9999
541 9748
542 9999
544 9999
545 9999
546 9999
547 9999
548 6255
549 9999
55 9999
553 9999
554 9999
556 1012
557 9999
559 457
56 9999
560 9999
561 9555
562 9999
563 9999
564 9999
567 6052
568 9999
569 5712
57 6309
570 9999
571 9898
572 9999
573 9999
574 9999
579 13
58 9999
580 9999
581 9999
582 9999
583 9
584 9995
585 9922
586 9999
587 9983
588 9999
589 2016
59 9999
590 9999
592 53
593 9999
594 9971
595 9999
596 161
597 9999
60 9999
600 9986
601 9999
602 6791
603 9999
604 9999
605 9999
607 9999
608 9999
61 48
610 0
611 9999
612 15
613 9999
62 9999
63 0
64 9999
66 328
67 9999
68 9999
69 9999
7 65
70 9999
71 9999
72 5776
73 9999
74 952
75 9999
76 9999
77 9999
78 9946
79 9999
8 9999
82 37
83 9999
84 9999
85 9999
86 9999
87 9999
88 5942
89 9999
92 6187
93 9999
94 9999
95 9999
96 9999
97 9999
98 7
99 9993
