162
196
117
13
46
192
61
35
52
161
191
194
98
4
64
38
79
148
123
33
127
114
199
122
26
12
47
143
116
134
94
168
186
125
179
150
100
195
112
36
66
31
50
85
3
19
165
41
93
86
37
102
69
17
166
129
126
175
104
132
193
198
130
147
158
77
45
27
28
23
124
68
190
92
87
63
149
67
30
34
56
159
73
44
62
106
180
99
144
170
60
115
7
153
146
182
157
65
140
141
135
78
74
119
6
151
197
32
43
184
54
14
142
108
173
113
53
156
11
51
89
59
187
8
5
169
84
111
48
96
10
15
107
91
176
103
109
174
88
154
164
172
95
83
110
183
118
189
18
49
81
90
97
137
82
55
121
57
131
70
16
20
120
128
21
105
155
24
160
163
152
76
22
136
25
101
29
138
80
171
71
145
58
133
185
72
178
40
42
167
9
2
181
75
1
0
177
188
39
139
