001 1863
002 1864
003 1805
004 1819
005 1836
006 1784
007 1771
008 1762
009 1772
010 1745
011 1748
012 1704
013 1676
014 1713
015 1724
016 1682
017 1691
018 1625
019 1673
020 1628
021 1656
022 1656
023 1641
024 1641
025 1631
026 1613
027 1575
028 1578
029 1543
030 1579
031 1517
032 1499
033 1533
034 1506
035 1498
036 1494
037 1467
038 1464
039 1469
040 1425
041 1477
042 1439
043 1419
044 1455
045 1433
046 1405
047 1404
048 1421
049 1384
050 1360
051 1383
052 1356
053 1335
054 1319
055 1322
056 1339
057 1284
058 1283
059 1299
060 1285
061 1244
062 1318
063 1272
064 1293
065 1299
066 1293
067 1251
068 1252
069 1232
070 1249
071 1240
072 1249
073 1169
074 1216
075 1184
076 1198
077 1179
078 1180
079 1192
080 1157
081 1157
082 1145
083 1144
084 1137
085 1127
086 1116
087 1122
088 1110
089 1095
090 1104
091 1112
092 1086
093 1083
094 1060
095 1071
096 1052
097 1053
098 1038
099 1041
100 1031
